105.0  0  0  0
103.2  3  3  3
101.5  6  6  6
99.8  10  8  8
98.0  13  10  10
96.2  16  12  12
94.5  19  13  13
92.8  22  15  15
91.0  26  15  15
89.2  29  16  16
87.5  32  16  16
85.8  35  16  16
84.0  38  15  15
82.2  42  15  15
80.5  45  13  13
78.8  48  12  12
77.0  51  10  10
75.2  54  8  8
73.5  58  6  6
71.8  61  3  3
70.0  64  0  0
68.2  73  0  0
66.5  81  0  0
64.8  90  0  0
63.0  99  0  0
61.2  108  0  0
59.5  116  0  0
57.8  125  0  0
56.0  134  0  0
54.2  142  0  0
52.5  151  0  0
50.8  161  0  0
49.0  172  0  0
47.2  182  0  0
45.5  193  0  0
43.8  203  0  0
42.0  213  0  0
40.2  224  0  0
38.5  234  0  0
36.8  245  0  0
35.0  255  0  0
33.2  255  84  28
31.5  255  155  55
29.8  255  198  27
28.0  255  255  0
26.2  54  215  0
24.5  0  176  88
22.8  22  189  92
21.0  47  202  98
19.2  74  215  110
17.5  105  229  126
15.8  139  242  148
14.0  176  255  176
12.2  203  255  186
10.5  225  255  196
8.8  243  255  206
7.0  255  255  216
5.2  255  248  225
3.5  255  245  235
1.8  255  248  245
0.0  255  255  255
nv  255  255  255
