87.0  0  0  0
85.5  3  3  3
84.1  6  6  6
82.6  10  8  8
81.2  13  10  10
79.7  16  12  12
78.3  19  13  13
76.8  22  15  15
75.4  26  15  15
73.9  29  16  16
72.5  32  16  16
71.0  35  16  16
69.6  38  15  15
68.1  42  15  15
66.7  45  13  13
65.2  48  12  12
63.8  51  10  10
62.3  54  8  8
60.9  58  6  6
59.4  61  3  3
58.0  64  0  0
56.5  73  0  0
55.1  81  0  0
53.6  90  0  0
52.2  99  0  0
50.7  108  0  0
49.3  116  0  0
47.8  125  0  0
46.4  134  0  0
44.9  142  0  0
43.5  151  0  0
42.0  161  0  0
40.6  172  0  0
39.1  182  0  0
37.7  193  0  0
36.2  203  0  0
34.8  213  0  0
33.3  224  0  0
31.9  234  0  0
30.4  245  0  0
29.0  255  0  0
27.5  255  84  28
26.1  255  155  55
24.6  255  198  27
23.2  255  255  0
21.7  54  215  0
20.3  0  176  88
18.8  22  189  92
17.4  47  202  98
15.9  74  216  110
14.5  105  229  126
13.0  139  242  148
11.6  176  255  176
10.1  203  255  186
8.7  225  255  196
7.2  243  255  206
5.8  255  255  216
4.3  255  248  225
2.9  255  245  235
1.4  255  248  245
-0.0  255  255  255
nv  255  255  255
