           1          30          15  0.4200000      7.0000000E-02
           2          30          15  0.6100000      0.9900000    
           3          30          16  0.4400000      0.9100000    
           4          30          24  0.5100000      0.7600000    
           5          30          25  0.5700000      0.6700000    
           6          30          26  0.5000000      0.5100000    
           7          31          30  5.9999999E-02  0.8600000    
           8          30          31  0.8000000      0.4100000    
           9          30          32  0.7800000      0.3000000    
          10          31          51  0.6300000      0.1700000    
          11          31          51  0.2800000      0.4600000    
          12          31          52  0.2500000      0.6300000    
          13          31          15  0.1700000      0.3400000    
          14          31          15  0.1000000       1.000000    
          15          31          16  0.5700000      0.9300000    
          16          31          17  0.7500000      0.8000000    
          17          31          19  0.8600000      2.0000000E-02
          18          31          19  0.8700000      0.5100000    
          19          31          20  0.7000000      0.7100000    
          20          31          21  0.4100000      0.7500000    
          21          31          24  0.7000000      0.7900000    
          22          31          25  0.6000000      0.5900000    
          23          31          26  0.6300000      0.5600000    
          24          31          30  0.6800000      0.6600000    
          25          31          31  0.7000000      0.6000000    
          26          31          32  0.7900000      0.2300000    
          27          32          49  0.5900000      0.8400000    
          28          32          50  0.2800000      0.7400000    
          29          31          51  0.9300000      0.5300000    
          30          32          14  0.1800000      0.9700000    
          31          32          16  0.3300000      3.9999999E-02
          32          32          17  0.3000000      2.9999999E-02
          33          32          18  0.4000000      0.2400000    
          34          32          18  0.1800000      0.5800000    
          35          32          19  5.9999999E-02  0.9300000    
          36          32          20  0.4800000      0.8200000    
          37          32          21  0.8100000      0.6300000    
          38          32          22  0.8100000      0.8000000    
          39          32          23  0.9000000      0.4500000    
          40          32          24  0.6100000      0.8500000    
          41          32          25  0.4600000      0.2400000    
          42          32          26  0.5800000      0.5100000    
          43          32          31  0.4300000      0.7800000    
          44          32          32  0.8900000      7.9999998E-02
          45          32          33  0.7000000      0.3300000    
          46          32          49  0.9800000      0.8100000    
          47          33          50  0.2400000      0.5200000    
          48          33          51  0.2200000      0.6600000    
          49          33          16  0.1600000      5.0000001E-02
          50          32          17  0.9900000      2.9999999E-02
          51          33          18  0.2500000      2.9999999E-02
          52          33          18  0.3000000      0.7100000    
          53          33          19  0.4100000      0.8300000    
          54          33          20  0.5100000      0.7700000    
          55          33          21  0.1800000      0.6600000    
          56          33          22  0.4800000      0.6100000    
          57          33          23  0.2700000      0.7700000    
          58          33          24  0.2800000      0.8100000    
          59          33          25  0.3800000      0.6500000    
          60          33          26  0.6500000      0.5300000    
          61          33          27  0.9500000      0.1200000    
          62          33          28  0.5400000      0.5100000    
          63          33          30  0.6800000      0.6700000    
          64          33          31  0.8500000      0.1600000    
          65          33          32  0.6800000      0.3500000    
          66          33          33  0.7000000      0.1900000    
          67          34          50  0.1500000      0.1100000    
          68          33          50  0.9200000      0.8200000    
          69          34          51  0.3700000      0.6900000    
          70          34          52  0.4100000      0.5000000    
          71          34          53  0.4200000      0.6000000    
          72          34          54  0.6300000      0.7000000    
          73          34          15  0.1600000      0.9600000    
          74          34          17  0.3300000      0.1600000    
          75          34          17  0.3100000      0.8600000    
          76          34          18  0.2500000      0.8100000    
          77          34          19  0.2900000      0.8100000    
          78          34          20  0.3100000      0.7600000    
          79          34          21  0.5200000      0.5600000    
          80          34          22  0.5300000      0.6900000    
          81          34          23  0.3000000      0.6600000    
          82          34          24  0.4800000      0.6200000    
          83          34          25  0.5200000      0.4600000    
          84          34          26  0.6800000      0.5200000    
          85          34          27  0.5500000      0.4500000    
          86          34          28  0.7900000      0.4500000    
          87          34          29  0.9600000      0.1000000    
          88          34          30  0.9300000      0.6000000    
          89          34          31  0.4600000      0.2500000    
          90          34          32  0.6300000      0.3300000    
          91          34          33  0.9600000      9.0000004E-02
          92          34          34  0.8000000      0.1700000    
          93          34          44  0.8800000      0.8900000    
          94          34          45  0.9300000      0.8800000    
          95          34          46  0.9600000      0.8500000    
          96          35          47  3.9999999E-02  0.7900000    
          97          35          48  5.9999999E-02  0.7200000    
          98          35          49  0.1000000      0.9600000    
          99          35          50  7.9999998E-02  0.4800000    
         100          35          52  0.1600000      2.9999999E-02
         101          35          52  0.1400000      0.5400000    
         102          35          53  2.0000000E-02  0.5100000    
         103          35          54  0.1300000      0.5700000    
         104          35          17  0.2700000      7.0000000E-02
         105          35          17  0.2100000      0.5400000    
         106          35          18  0.2400000      0.7900000    
         107          35          20  0.3400000      0.1200000    
         108          35          20  0.1600000      0.5800000    
         109          34          21  0.9600000      0.9000000    
         110          35          22  0.1400000      0.6000000    
         111          35          23  0.4800000      0.5400000    
         112          35          24  0.3600000      0.7400000    
         113          35          25  0.3500000      0.5900000    
         114          35          26  0.7900000      0.4900000    
         115          35          27  0.6400000      0.5400000    
         116          35          28  0.6000000      0.3900000    
         117          35          29  0.6100000      0.3900000    
         118          35          30  0.6400000      0.3300000    
         119          35          31  0.6800000      0.3000000    
         120          35          32  0.7000000      0.2800000    
         121          35          33  0.7100000      0.4200000    
         122          35          34  0.7300000      0.2100000    
         123          36          34  3.9999999E-02  0.8500000    
         124          35          36  0.6800000      0.1600000    
         125          35          41  0.7800000      2.9999999E-02
         126          35          42  0.8900000      2.0000000E-02
         127          35          43  0.8100000      0.3600000    
         128          36          43  0.2400000      0.7500000    
         129          36          44  0.1600000      0.9600000    
         130          36          45  0.1700000      0.8300000    
         131          36          46  0.2400000      0.8700000    
         132          36          47  0.1500000      0.7100000    
         133          36          48  0.1800000      0.7200000    
         134          36          49  0.1500000      0.7300000    
         135          36          50  0.1800000      0.7100000    
         136          36          51  0.2300000      0.6100000    
         137          36          52  0.1800000      0.5500000    
         138          36          53  0.0000000E+00  0.5100000    
         139          36          54  9.9999998E-03  0.5000000    
         140          36          23  0.3300000      0.6700000    
         141          36          24  0.3200000      0.6200000    
         142          36          25  0.2100000      0.4900000    
         143          36          26  0.3900000      0.5100000    
         144          36          27  0.3800000      7.9999998E-02
         145          36          28  0.2300000      0.4500000    
         146          36          29  0.2600000      0.4100000    
         147          36          30  0.2500000      0.4700000    
         148          36          31  0.1200000      0.4000000    
         149          36          32  0.5700000      0.3100000    
         150          36          33  0.6300000      0.2100000    
         151          36          33  0.9200000      0.9000000    
         152          36          35  0.3300000      0.2400000    
         153          36          36  0.8600000      2.9999999E-02
         154          37          36  9.0000004E-02  0.8100000    
         155          36          38  0.8000000      0.1700000    
         156          36          38  0.8800000      0.9800000    
         157          37          39  0.1800000      0.9900000    
         158          36          41  0.9700000      9.0000004E-02
         159          36          41  0.7800000      0.8400000    
         160          36          42  0.8600000      0.9700000    
         161          36          43  0.7800000      0.7100000    
         162          36          44  0.6100000      0.7800000    
         163          36          45  0.5100000      0.8500000    
         164          36          46  0.6300000      0.8600000    
         165          37          47  5.0000001E-02  0.4300000    
         166          37          48  0.3400000       1.000000    
         167          36          49  0.9900000      0.6800000    
         168          36          50  0.8800000      0.6400000    
         169          36          51  0.7100000      0.3000000    
         170          36          52  0.9900000      0.6000000    
         171          37          53  0.2100000      0.1200000    
         172          37          54  9.9999998E-03  0.4800000    
         173          37          31  0.6200000      0.4800000    
         174          37          32  0.5200000      0.3700000    
         175          37          33  0.1800000      0.2900000    
         176          37          34  0.3200000      0.2100000    
         177          37          35  0.5500000      0.2600000    
         178          37          36  0.5800000      0.1000000    
         179          37          37  0.7700000      0.1400000    
         180          37          38  0.8000000      9.9999998E-03
         181          37          38  0.7900000      0.9000000    
         182          38          39  2.9999999E-02  0.9400000    
         183          37          41  0.7900000      2.9999999E-02
         184          37          41  0.7700000      0.8400000    
         185          37          42  0.7300000      0.9500000    
         186          37          43  0.7700000      0.6500000    
         187          38          44  5.9999999E-02  0.8000000    
         188          38          45  0.2600000      0.9600000    
         189          38          46  7.0000000E-02  0.8900000    
         190          37          47  0.9300000      0.6600000    
         191          37          48  0.6800000      0.5200000    
         192          37          49  0.8300000      0.5800000    
         193          37          50  0.9500000      0.7300000    
         194          38          34  0.9200000      0.5100000    
         195          38          35  0.4400000      0.1400000    
         196          38          36  0.5900000      0.1700000    
         197          38          37  0.5500000      0.1400000    
         198          38          38  0.5700000      0.1100000    
         199          38          38  0.5500000      0.9200000    
         200          38          39  0.5300000      0.8000000    
         201          38          40  0.8600000      0.8900000    
         202          38          41  0.7500000      0.8800000    
         203          38          43  0.8700000      0.1100000    
         204          38          43  0.8400000      0.6300000    
         205          38          45  0.4400000      0.1500000    
         206          38          45  0.5800000      0.6600000    
         207          38          46  0.8000000      0.5700000    
         208          38          48  0.6200000      2.0000000E-02
         209          39          48  0.1100000      0.4000000    
         210          39          37  0.4500000      0.1100000    
         211          39          38  0.4900000      5.0000001E-02
         212          39          38  0.4800000      0.9900000    
         213          39          39  0.7600000      0.7900000    
         214          39          41  0.2900000      0.2800000    
         215          40          37  0.5500000      0.7000000    
         216          40          38  0.5800000      0.7500000    
         217          40          40  0.2600000      0.2600000    
         218          40          40  0.7400000      0.7400000    
         219          40          41  0.7600000      0.8200000    
         220          41          39  0.6400000      0.8800000    
         221          41          40  0.6800000      0.9500000    
         222          41          41  0.8700000      0.6400000    
         223          41          42  0.8100000      0.7200000    
         224          42          40  0.3500000      0.9300000    
         225          42          41  0.5600000      0.9900000    
         226          42          42  0.5100000      0.7000000    
         227          42          43  0.2500000      0.7100000    
         228          43          40  0.4300000      0.8600000    
         229          43          42  0.5600000      7.9999998E-02
         230          43          42  0.3500000      0.7400000    
         231          43          43  0.9000000      0.3100000    
         232          44          42  0.2500000      0.1600000    
         233          44          42  0.5800000      0.5600000    
         234          44          43  0.5500000      0.5700000    
         235          44          44  0.5500000      0.6300000    
         236          45          41  0.4500000      0.7300000    
         237          45          42  0.4900000      0.8700000    
         238          45          43  0.5600000      0.8600000    
         239          45          44  0.6500000      0.3200000    
         240          46          43  0.1600000      7.9999998E-02
         241          46          43  0.3900000      0.6100000    
         242          46          44  0.7000000      0.3700000    
         243          46          45  0.4900000      0.5500000    
         244          47          42  0.5600000      0.9700000    
         245          47          43  0.1400000      0.2600000    
         246          47          44  0.3200000      0.7600000    
         247          47          45  0.7700000      0.2300000    
         248          47          46  0.4900000      0.4900000    
         249          48          44  0.3000000      0.6200000    
         250          48          45  0.4000000      0.6100000    
         251          48          46  0.7600000      0.2000000    
         252          48          47  0.4100000      0.4300000    
         253          49          44  0.3200000      0.4900000    
         254          49          45  0.1700000      0.8500000    
         255          49          46  0.5100000      0.4700000    
         256          49          47  0.5200000      0.2400000    
         257          49          53  0.6200000      0.7500000    
         258          50          45  0.3000000      0.4800000    
         259          50          46  0.1000000      0.7100000    
         260          50          47  0.5400000      0.3000000    
         261          50          47  0.8400000      0.9800000    
         262          50          49  0.4300000      0.3100000    
         263          50          53  0.4800000      0.4100000    
         264          50          53  0.5900000      0.9300000    
         265          51          46  0.3600000      0.4500000    
         266          51          47  0.1900000      0.5800000    
         267          51          48  0.4100000      0.3700000    
         268          51          49  0.6600000      2.9999999E-02
         269          51          50  0.4600000      0.2800000    
         270          51          53  0.5200000      0.2000000    
         271          51          54  0.5500000      7.9999998E-02
         272          52          47  0.3000000      0.3700000    
         273          52          48  0.3700000      0.4600000    
         274          52          49  0.1600000      0.3000000    
         275          52          50  0.5500000      0.2800000    
         276          52          50  0.8200000      0.8200000    
         277          52          52  0.5700000      7.0000000E-02
         278          52          53  0.4600000      0.1200000    
         279          52          54  0.1300000      0.2300000    
         280          52          48  0.9600000      0.6900000    
         281          53          49  0.2500000      0.2900000    
         282          53          50  0.7100000      9.9999998E-03
         283          53          51  0.2700000      0.3100000    
         284          53          51  0.4900000      0.9700000    
         285          53          52  0.5300000      0.9700000    
         286          53          54  0.4700000      7.9999998E-02
         287          54          49  0.2100000      0.2800000    
         288          54          50  9.9999998E-03  0.4600000    
         289          54          51  0.1300000      0.1700000    
         290          54          52  2.0000000E-02  0.3600000    
         291          54          52  0.2800000      0.9300000    
         292          54          54  0.4400000      7.0000000E-02
         293          55          50  0.3200000      0.1700000    
         294          55          51  0.2200000      0.1300000    
         295          55          52  0.2900000      0.1100000    
         296          55          53  0.3800000      9.0000004E-02
         297          55          54  0.4100000      3.9999999E-02
