           1          74          17  0.0000000E+00  0.0000000E+00
           2          75          20  0.0000000E+00  0.0000000E+00
           3          74          23  0.0000000E+00  0.0000000E+00
           4          74          47  0.0000000E+00  0.0000000E+00
           5          74          50  0.0000000E+00  0.0000000E+00
           6          74          53  0.0000000E+00  0.0000000E+00
           7          75          66  0.0000000E+00  0.0000000E+00
           8          74          68  0.0000000E+00  0.0000000E+00
           9          74          71  0.0000000E+00  0.0000000E+00
          10          75         129  0.0000000E+00  0.0000000E+00
          11          74         130  0.0000000E+00  0.0000000E+00
          12          74         134  0.0000000E+00  0.0000000E+00
          13          76          18  0.0000000E+00  0.0000000E+00
          14          76          20  0.0000000E+00  0.0000000E+00
          15          78          23  0.0000000E+00  0.0000000E+00
          16          78          26  0.0000000E+00  0.0000000E+00
          17          78          29  0.0000000E+00  0.0000000E+00
          18          78          31  0.0000000E+00  0.0000000E+00
          19          78          35  0.0000000E+00  0.0000000E+00
          20          77          38  0.0000000E+00  0.0000000E+00
          21          77          47  0.0000000E+00  0.0000000E+00
          22          77          50  0.0000000E+00  0.0000000E+00
          23          77          53  0.0000000E+00  0.0000000E+00
          24          77          66  0.0000000E+00  0.0000000E+00
          25          77          68  0.0000000E+00  0.0000000E+00
          26          77          70  0.0000000E+00  0.0000000E+00
          27          78         125  0.0000000E+00  0.0000000E+00
          28          77         128  0.0000000E+00  0.0000000E+00
          29          76         130  0.0000000E+00  0.0000000E+00
          30          80          17  0.0000000E+00  0.0000000E+00
          31          80          20  0.0000000E+00  0.0000000E+00
          32          80          23  0.0000000E+00  0.0000000E+00
          33          80          27  0.0000000E+00  0.0000000E+00
          34          79          28  0.0000000E+00  0.0000000E+00
          35          79          32  0.0000000E+00  0.0000000E+00
          36          80          35  0.0000000E+00  0.0000000E+00
          37          81          38  0.0000000E+00  0.0000000E+00
          38          81          41  0.0000000E+00  0.0000000E+00
          39          81          43  0.0000000E+00  0.0000000E+00
          40          80          48  0.0000000E+00  0.0000000E+00
          41          80          49  0.0000000E+00  0.0000000E+00
          42          80          53  0.0000000E+00  0.0000000E+00
          43          79          69  0.0000000E+00  0.0000000E+00
          44          81          70  0.0000000E+00  0.0000000E+00
          45          80          74  0.0000000E+00  0.0000000E+00
          46          79         125  0.0000000E+00  0.0000000E+00
          47          80         127  0.0000000E+00  0.0000000E+00
          48          80         131  0.0000000E+00  0.0000000E+00
          49          83          20  0.0000000E+00  0.0000000E+00
          50          82          23  0.0000000E+00  0.0000000E+00
          51          83          27  0.0000000E+00  0.0000000E+00
          52          83          29  0.0000000E+00  0.0000000E+00
          53          83          32  0.0000000E+00  0.0000000E+00
          54          83          35  0.0000000E+00  0.0000000E+00
          55          82          38  0.0000000E+00  0.0000000E+00
          56          83          41  0.0000000E+00  0.0000000E+00
          57          82          44  0.0000000E+00  0.0000000E+00
          58          82          48  0.0000000E+00  0.0000000E+00
          59          83          50  0.0000000E+00  0.0000000E+00
          60          83          53  0.0000000E+00  0.0000000E+00
          61          84          55  0.0000000E+00  0.0000000E+00
          62          83          59  0.0000000E+00  0.0000000E+00
          63          83          66  0.0000000E+00  0.0000000E+00
          64          84          67  0.0000000E+00  0.0000000E+00
          65          83          71  0.0000000E+00  0.0000000E+00
          66          83          74  0.0000000E+00  0.0000000E+00
          67          83         126  0.0000000E+00  0.0000000E+00
          68          82         128  0.0000000E+00  0.0000000E+00
          69          84         131  0.0000000E+00  0.0000000E+00
          70          84         134  0.0000000E+00  0.0000000E+00
          71          84         137  0.0000000E+00  0.0000000E+00
          72          84         140  0.0000000E+00  0.0000000E+00
          73          86          20  0.0000000E+00  0.0000000E+00
          74          86          24  0.0000000E+00  0.0000000E+00
          75          86          26  0.0000000E+00  0.0000000E+00
          76          86          29  0.0000000E+00  0.0000000E+00
          77          86          32  0.0000000E+00  0.0000000E+00
          78          86          35  0.0000000E+00  0.0000000E+00
          79          86          38  0.0000000E+00  0.0000000E+00
          80          86          41  0.0000000E+00  0.0000000E+00
          81          86          44  0.0000000E+00  0.0000000E+00
          82          86          47  0.0000000E+00  0.0000000E+00
          83          86          50  0.0000000E+00  0.0000000E+00
          84          87          53  0.0000000E+00  0.0000000E+00
          85          86          56  0.0000000E+00  0.0000000E+00
          86          87          59  0.0000000E+00  0.0000000E+00
          87          87          61  0.0000000E+00  0.0000000E+00
          88          87          66  0.0000000E+00  0.0000000E+00
          89          85          68  0.0000000E+00  0.0000000E+00
          90          86          71  0.0000000E+00  0.0000000E+00
          91          87          73  0.0000000E+00  0.0000000E+00
          92          86          77  0.0000000E+00  0.0000000E+00
          93          86         110  0.0000000E+00  0.0000000E+00
          94          86         113  0.0000000E+00  0.0000000E+00
          95          86         116  0.0000000E+00  0.0000000E+00
          96          86         119  0.0000000E+00  0.0000000E+00
          97          86         122  0.0000000E+00  0.0000000E+00
          98          86         126  0.0000000E+00  0.0000000E+00
          99          86         127  0.0000000E+00  0.0000000E+00
         100          86         132  0.0000000E+00  0.0000000E+00
         101          86         134  0.0000000E+00  0.0000000E+00
         102          86         137  0.0000000E+00  0.0000000E+00
         103          86         140  0.0000000E+00  0.0000000E+00
         104          89          24  0.0000000E+00  0.0000000E+00
         105          89          25  0.0000000E+00  0.0000000E+00
         106          89          29  0.0000000E+00  0.0000000E+00
         107          89          33  0.0000000E+00  0.0000000E+00
         108          88          35  0.0000000E+00  0.0000000E+00
         109          88          39  0.0000000E+00  0.0000000E+00
         110          88          41  0.0000000E+00  0.0000000E+00
         111          89          44  0.0000000E+00  0.0000000E+00
         112          89          48  0.0000000E+00  0.0000000E+00
         113          89          50  0.0000000E+00  0.0000000E+00
         114          90          53  0.0000000E+00  0.0000000E+00
         115          89          56  0.0000000E+00  0.0000000E+00
         116          89          59  0.0000000E+00  0.0000000E+00
         117          89          62  0.0000000E+00  0.0000000E+00
         118          89          65  0.0000000E+00  0.0000000E+00
         119          89          68  0.0000000E+00  0.0000000E+00
         120          89          71  0.0000000E+00  0.0000000E+00
         121          89          74  0.0000000E+00  0.0000000E+00
         122          89          77  0.0000000E+00  0.0000000E+00
         123          90          79  0.0000000E+00  0.0000000E+00
         124          89          83  0.0000000E+00  0.0000000E+00
         125          89          98  0.0000000E+00  0.0000000E+00
         126          89         101  0.0000000E+00  0.0000000E+00
         127          89         105  0.0000000E+00  0.0000000E+00
         128          90         107  0.0000000E+00  0.0000000E+00
         129          90         110  0.0000000E+00  0.0000000E+00
         130          90         113  0.0000000E+00  0.0000000E+00
         131          90         116  0.0000000E+00  0.0000000E+00
         132          90         119  0.0000000E+00  0.0000000E+00
         133          90         122  0.0000000E+00  0.0000000E+00
         134          89         125  0.0000000E+00  0.0000000E+00
         135          89         128  0.0000000E+00  0.0000000E+00
         136          89         131  0.0000000E+00  0.0000000E+00
         137          89         134  0.0000000E+00  0.0000000E+00
         138          89         137  0.0000000E+00  0.0000000E+00
         139          89         140  0.0000000E+00  0.0000000E+00
         140          92          44  0.0000000E+00  0.0000000E+00
         141          92          47  0.0000000E+00  0.0000000E+00
         142          91          50  0.0000000E+00  0.0000000E+00
         143          92          53  0.0000000E+00  0.0000000E+00
         144          92          55  0.0000000E+00  0.0000000E+00
         145          91          59  0.0000000E+00  0.0000000E+00
         146          91          62  0.0000000E+00  0.0000000E+00
         147          91          65  0.0000000E+00  0.0000000E+00
         148          91          68  0.0000000E+00  0.0000000E+00
         149          92          71  0.0000000E+00  0.0000000E+00
         150          92          74  0.0000000E+00  0.0000000E+00
         151          93          76  0.0000000E+00  0.0000000E+00
         152          91          80  0.0000000E+00  0.0000000E+00
         153          93          83  0.0000000E+00  0.0000000E+00
         154          93          85  0.0000000E+00  0.0000000E+00
         155          92          89  0.0000000E+00  0.0000000E+00
         156          92          92  0.0000000E+00  0.0000000E+00
         157          93          95  0.0000000E+00  0.0000000E+00
         158          93          98  0.0000000E+00  0.0000000E+00
         159          92         101  0.0000000E+00  0.0000000E+00
         160          92         104  0.0000000E+00  0.0000000E+00
         161          92         106  0.0000000E+00  0.0000000E+00
         162          91         110  0.0000000E+00  0.0000000E+00
         163          91         113  0.0000000E+00  0.0000000E+00
         164          91         116  0.0000000E+00  0.0000000E+00
         165          92         118  0.0000000E+00  0.0000000E+00
         166          93         123  0.0000000E+00  0.0000000E+00
         167          92         125  0.0000000E+00  0.0000000E+00
         168          92         128  0.0000000E+00  0.0000000E+00
         169          91         130  0.0000000E+00  0.0000000E+00
         170          92         134  0.0000000E+00  0.0000000E+00
         171          92         136  0.0000000E+00  0.0000000E+00
         172          92         140  0.0000000E+00  0.0000000E+00
         173          95          69  0.0000000E+00  0.0000000E+00
         174          95          71  0.0000000E+00  0.0000000E+00
         175          94          74  0.0000000E+00  0.0000000E+00
         176          94          77  0.0000000E+00  0.0000000E+00
         177          95          80  0.0000000E+00  0.0000000E+00
         178          95          83  0.0000000E+00  0.0000000E+00
         179          95          86  0.0000000E+00  0.0000000E+00
         180          95          89  0.0000000E+00  0.0000000E+00
         181          95          92  0.0000000E+00  0.0000000E+00
         182          96          95  0.0000000E+00  0.0000000E+00
         183          95          98  0.0000000E+00  0.0000000E+00
         184          95         101  0.0000000E+00  0.0000000E+00
         185          95         104  0.0000000E+00  0.0000000E+00
         186          95         106  0.0000000E+00  0.0000000E+00
         187          96         110  0.0000000E+00  0.0000000E+00
         188          96         114  0.0000000E+00  0.0000000E+00
         189          96         116  0.0000000E+00  0.0000000E+00
         190          95         119  0.0000000E+00  0.0000000E+00
         191          94         121  0.0000000E+00  0.0000000E+00
         192          95         125  0.0000000E+00  0.0000000E+00
         193          95         128  0.0000000E+00  0.0000000E+00
         194          99          78  0.0000000E+00  0.0000000E+00
         195          98          80  0.0000000E+00  0.0000000E+00
         196          98          83  0.0000000E+00  0.0000000E+00
         197          98          86  0.0000000E+00  0.0000000E+00
         198          98          89  0.0000000E+00  0.0000000E+00
         199          98          92  0.0000000E+00  0.0000000E+00
         200          98          94  0.0000000E+00  0.0000000E+00
         201          98          98  0.0000000E+00  0.0000000E+00
         202          98         101  0.0000000E+00  0.0000000E+00
         203          98         105  0.0000000E+00  0.0000000E+00
         204          98         106  0.0000000E+00  0.0000000E+00
         205          97         111  0.0000000E+00  0.0000000E+00
         206          97         113  0.0000000E+00  0.0000000E+00
         207          98         116  0.0000000E+00  0.0000000E+00
         208          97         120  0.0000000E+00  0.0000000E+00
         209          99         121  0.0000000E+00  0.0000000E+00
         210         101          86  0.0000000E+00  0.0000000E+00
         211         101          89  0.0000000E+00  0.0000000E+00
         212         101          92  0.0000000E+00  0.0000000E+00
         213         101          95  0.0000000E+00  0.0000000E+00
         214         100          99  0.0000000E+00  0.0000000E+00
         215         104          88  0.0000000E+00  0.0000000E+00
         216         104          91  0.0000000E+00  0.0000000E+00
         217         103          96  0.0000000E+00  0.0000000E+00
         218         104          98  0.0000000E+00  0.0000000E+00
         219         104         101  0.0000000E+00  0.0000000E+00
         220         107          95  0.0000000E+00  0.0000000E+00
         221         107          98  0.0000000E+00  0.0000000E+00
         222         108         100  0.0000000E+00  0.0000000E+00
         223         108         104  0.0000000E+00  0.0000000E+00
         224         109          98  0.0000000E+00  0.0000000E+00
         225         110         102  0.0000000E+00  0.0000000E+00
         226         110         104  0.0000000E+00  0.0000000E+00
         227         109         107  0.0000000E+00  0.0000000E+00
         228         113          98  0.0000000E+00  0.0000000E+00
         229         113         102  0.0000000E+00  0.0000000E+00
         230         112         104  0.0000000E+00  0.0000000E+00
         231         114         106  0.0000000E+00  0.0000000E+00
         232         115         102  0.0000000E+00  0.0000000E+00
         233         116         104  0.0000000E+00  0.0000000E+00
         234         116         107  0.0000000E+00  0.0000000E+00
         235         116         110  0.0000000E+00  0.0000000E+00
         236         119         101  0.0000000E+00  0.0000000E+00
         237         119         105  0.0000000E+00  0.0000000E+00
         238         119         108  0.0000000E+00  0.0000000E+00
         239         119         109  0.0000000E+00  0.0000000E+00
         240         121         105  0.0000000E+00  0.0000000E+00
         241         122         107  0.0000000E+00  0.0000000E+00
         242         123         109  0.0000000E+00  0.0000000E+00
         243         122         113  0.0000000E+00  0.0000000E+00
         244         125         105  0.0000000E+00  0.0000000E+00
         245         124         106  0.0000000E+00  0.0000000E+00
         246         125         111  0.0000000E+00  0.0000000E+00
         247         126         112  0.0000000E+00  0.0000000E+00
         248         125         116  0.0000000E+00  0.0000000E+00
         249         128         110  0.0000000E+00  0.0000000E+00
         250         128         113  0.0000000E+00  0.0000000E+00
         251         129         115  0.0000000E+00  0.0000000E+00
         252         128         119  0.0000000E+00  0.0000000E+00
         253         131         110  0.0000000E+00  0.0000000E+00
         254         130         114  0.0000000E+00  0.0000000E+00
         255         131         116  0.0000000E+00  0.0000000E+00
         256         131         118  0.0000000E+00  0.0000000E+00
         257         131         139  0.0000000E+00  0.0000000E+00
         258         134         113  0.0000000E+00  0.0000000E+00
         259         133         117  0.0000000E+00  0.0000000E+00
         260         134         119  0.0000000E+00  0.0000000E+00
         261         135         121  0.0000000E+00  0.0000000E+00
         262         134         125  0.0000000E+00  0.0000000E+00
         263         134         138  0.0000000E+00  0.0000000E+00
         264         134         139  0.0000000E+00  0.0000000E+00
         265         137         116  0.0000000E+00  0.0000000E+00
         266         136         120  0.0000000E+00  0.0000000E+00
         267         137         122  0.0000000E+00  0.0000000E+00
         268         138         124  0.0000000E+00  0.0000000E+00
         269         137         128  0.0000000E+00  0.0000000E+00
         270         137         137  0.0000000E+00  0.0000000E+00
         271         137         140  0.0000000E+00  0.0000000E+00
         272         140         119  0.0000000E+00  0.0000000E+00
         273         140         122  0.0000000E+00  0.0000000E+00
         274         139         125  0.0000000E+00  0.0000000E+00
         275         140         128  0.0000000E+00  0.0000000E+00
         276         141         130  0.0000000E+00  0.0000000E+00
         277         140         134  0.0000000E+00  0.0000000E+00
         278         140         137  0.0000000E+00  0.0000000E+00
         279         139         140  0.0000000E+00  0.0000000E+00
         280         142         123  0.0000000E+00  0.0000000E+00
         281         143         125  0.0000000E+00  0.0000000E+00
         282         144         127  0.0000000E+00  0.0000000E+00
         283         143         131  0.0000000E+00  0.0000000E+00
         284         143         133  0.0000000E+00  0.0000000E+00
         285         143         137  0.0000000E+00  0.0000000E+00
         286         143         140  0.0000000E+00  0.0000000E+00
         287         146         125  0.0000000E+00  0.0000000E+00
         288         145         129  0.0000000E+00  0.0000000E+00
         289         145         131  0.0000000E+00  0.0000000E+00
         290         145         135  0.0000000E+00  0.0000000E+00
         291         146         136  0.0000000E+00  0.0000000E+00
         292         146         140  0.0000000E+00  0.0000000E+00
         293         149         128  0.0000000E+00  0.0000000E+00
         294         149         131  0.0000000E+00  0.0000000E+00
         295         149         134  0.0000000E+00  0.0000000E+00
         296         149         137  0.0000000E+00  0.0000000E+00
         297         149         140  0.0000000E+00  0.0000000E+00
