           1          26           7  5.9999999E-02  7.0000000E-02
           2          26           8  0.2300000      2.9999999E-02
           3          26           8  2.9999999E-02  0.9700000    
           4          25          17  0.9100000      9.0000004E-02
           5          25          18  0.9400000      2.9999999E-02
           6          25          18  0.8500000      0.9000000    
           7          26          23  0.3200000      0.4200000    
           8          26          23  2.9999999E-02  0.9800000    
           9          25          24   1.000000      0.9000000    
          10          26          44  0.3900000      0.4400000    
          11          26          44  2.0000000E-02  0.7300000    
          12          25          45  0.9600000      0.9500000    
          13          26           7  0.8300000      0.3700000    
          14          26           8  0.7400000      3.9999999E-02
          15          27           9  0.2000000      2.0000000E-02
          16          27           9  0.3700000      0.9300000    
          17          27          11  0.4500000      0.1900000    
          18          27          11  0.4500000      0.7000000    
          19          27          12  0.2400000      0.9400000    
          20          26          14  0.9100000      9.9999998E-03
          21          27          17  0.1400000      0.1600000    
          22          27          17  2.0000000E-02  0.9800000    
          23          27          18  2.0000000E-02  0.9800000    
          24          26          23  0.9700000      0.2200000    
          25          26          24  0.9700000      0.2000000    
          26          27          24  3.9999999E-02  0.8500000    
          27          27          43  0.4300000      0.1000000    
          28          27          44  7.9999998E-02  2.0000000E-02
          29          26          44  0.6900000      0.8200000    
          30          27           7  0.8900000      9.9999998E-03
          31          28           8  9.9999998E-03  0.1200000    
          32          27           9  0.9600000      0.1400000    
          33          28          10  2.9999999E-02  0.3900000    
          34          27          10  0.8000000      0.7400000    
          35          27          12  0.6400000      0.1300000    
          36          28          13  5.0000001E-02  7.0000000E-02
          37          28          13  0.3700000      0.9200000    
          38          28          15  0.3400000      0.1300000    
          39          28          15  0.4200000      0.8000000    
          40          28          17  9.0000004E-02  0.2400000    
          41          27          17  0.9200000      0.6400000    
          42          28          18  0.0000000E+00  0.9600000    
          43          27          24  0.7200000      0.4100000    
          44          28          24  0.1800000      0.7300000    
          45          27          26  0.9600000      2.0000000E-02
          46          27          43  0.8300000      7.0000000E-02
          47          28          43  7.9999998E-02  0.8100000    
          48          28          44  2.9999999E-02  0.9900000    
          49          28           8  0.8700000      0.1500000    
          50          28           9  0.6700000      0.1600000    
          51          28          10  0.9200000      0.2000000    
          52          28          10  0.9500000      0.9100000    
          53          29          12  3.9999999E-02  5.9999999E-02
          54          29          13  0.1200000      3.9999999E-02
          55          28          13  0.7500000      0.9500000    
          56          29          14  5.0000001E-02  0.9500000    
          57          28          16  0.8000000      0.1400000    
          58          28          17  0.7800000      0.2200000    
          59          28          18  0.8600000      9.0000004E-02
          60          29          19  0.1200000      9.9999998E-03
          61          29          19  0.4100000      0.6200000    
          62          28          21  0.9500000      5.0000001E-02
          63          29          23  3.9999999E-02  0.2900000    
          64          29          23  0.2100000      0.8000000    
          65          28          25   1.000000      2.9999999E-02
          66          28          25   1.000000      0.9000000    
          67          29          43  3.9999999E-02  0.4100000    
          68          28          44  0.7800000      0.1400000    
          69          29          45  0.2200000      5.9999999E-02
          70          29          45  0.2500000      0.8900000    
          71          29          47  0.2300000      2.9999999E-02
          72          29          48  0.4200000      0.1700000    
          73          29           8  0.9200000      9.0000004E-02
          74          30           9  5.9999999E-02  0.3300000    
          75          30          10  2.0000000E-02  5.0000001E-02
          76          29          11  0.9400000      2.9999999E-02
          77          29          12  0.9500000      7.0000000E-02
          78          29          13  0.9500000      5.0000001E-02
          79          30          13  0.1500000      0.8800000    
          80          30          15  0.1200000      5.0000001E-02
          81          29          16  0.8600000      5.0000001E-02
          82          30          17  2.9999999E-02  5.0000001E-02
          83          30          17  5.0000001E-02  0.9200000    
          84          30          19  0.1900000      2.0000000E-02
          85          30          19  2.9999999E-02  0.9800000    
          86          30          21  0.2600000      2.0000000E-02
          87          30          21  0.4100000      0.7000000    
          88          30          23  0.3400000      0.2400000    
          89          29          23  0.8400000      0.9000000    
          90          29          25  0.9900000      2.9999999E-02
          91          30          25  0.3100000      0.8200000    
          92          30          26  0.1200000      0.9400000    
          93          29          38  0.9300000      2.9999999E-02
          94          29          39  0.9500000      5.9999999E-02
          95          29          40  0.9500000      5.9999999E-02
          96          30          41  2.0000000E-02  2.9999999E-02
          97          30          41  9.9999998E-03   1.000000    
          98          30          43  2.9999999E-02  0.2800000    
          99          29          43  0.9900000      0.8200000    
         100          30          45  3.9999999E-02  0.4200000    
         101          29          45   1.000000      0.9500000    
         102          29          46  0.8500000      0.9500000    
         103          29          48  0.9400000      5.9999999E-02
         104          31           9  3.9999999E-02  0.2600000    
         105          30           9  0.9600000      0.7400000    
         106          30          11  0.9700000      3.9999999E-02
         107          31          12  3.9999999E-02  0.4100000    
         108          30          12  0.8300000      0.8900000    
         109          30          14  0.6000000      0.2500000    
         110          30          14  0.7600000      0.9800000    
         111          31          15  9.0000004E-02  0.9500000    
         112          30          17  0.9400000      0.2000000    
         113          30          18  0.9100000      7.9999998E-02
         114          31          19  0.3400000      2.0000000E-02
         115          31          20  0.1600000      0.1000000    
         116          31          20  9.0000004E-02  0.9800000    
         117          31          22  7.9999998E-02  2.0000000E-02
         118          31          22  9.0000004E-02  0.9800000    
         119          31          23  0.1000000      0.9900000    
         120          31          25  0.1000000      9.9999998E-03
         121          31          26  7.9999998E-02  0.1900000    
         122          31          27  7.9999998E-02  9.9999998E-03
         123          31          27  0.3900000      0.6700000    
         124          30          29  0.9800000      2.0000000E-02
         125          30          34  0.9600000      5.9999999E-02
         126          31          35  5.0000001E-02  7.9999998E-02
         127          30          36  0.9300000      0.4700000    
         128          31          36  0.3700000      0.8900000    
         129          31          38  0.2500000      0.1400000    
         130          31          39  0.2400000      3.9999999E-02
         131          31          40  0.2900000      0.1100000    
         132          31          40  0.1700000      0.9800000    
         133          31          42  0.1800000      2.9999999E-02
         134          31          43  0.1200000      7.0000000E-02
         135          31          44  0.1200000      9.0000004E-02
         136          31          45  0.1600000      2.0000000E-02
         137          31          45  7.9999998E-02  0.9900000    
         138          30          46  0.8700000      0.9700000    
         139          30          48  0.8500000      0.0000000E+00
         140          31          16  0.9700000      0.1100000    
         141          31          17  0.9400000      9.0000004E-02
         142          31          17  0.8000000      0.9900000    
         143          31          19  0.9600000      5.0000001E-02
         144          31          19  0.9400000      0.6400000    
         145          31          21  0.7500000      5.0000001E-02
         146          31          22  0.7500000      5.0000001E-02
         147          31          23  0.7200000      0.1500000    
         148          31          24  0.5600000      0.1000000    
         149          31          25   1.000000      5.9999999E-02
         150          32          25  5.0000001E-02  0.9900000    
         151          32          26  0.3200000      0.7100000    
         152          31          28  0.6800000      7.9999998E-02
         153          32          28  0.2100000      0.9200000    
         154          32          29  0.4300000      0.7300000    
         155          32          31  0.1000000      0.1300000    
         156          32          31  0.1600000      0.9600000    
         157          32          33  0.4400000      2.0000000E-02
         158          32          34  0.1900000      0.1500000    
         159          31          34  0.9700000      0.9200000    
         160          32          36  2.9999999E-02  9.0000004E-02
         161          31          36  0.9200000      0.8600000    
         162          31          37  0.7200000      0.9600000    
         163          31          39  0.5900000      7.0000000E-02
         164          31          40  0.6900000      0.1100000    
         165          32          40  0.1100000      0.7100000    
         166          32          42  0.3800000      0.3500000    
         167          31          43  0.9900000      3.9999999E-02
         168          31          44  0.8600000      2.9999999E-02
         169          31          44  0.6600000      0.7100000    
         170          31          46  0.9200000      7.0000000E-02
         171          32          46  0.1400000      0.6000000    
         172          31          48  0.8900000      0.0000000E+00
         173          33          24  0.1100000      0.2300000    
         174          32          25  0.9900000      0.1400000    
         175          32          26  0.6100000      9.0000004E-02
         176          32          27  0.7400000      5.0000001E-02
         177          32          28  0.9500000      0.1400000    
         178          32          29  0.9500000      9.9999998E-03
         179          33          30  0.1300000      9.0000004E-02
         180          33          30  0.1400000      0.9900000    
         181          33          31  0.1000000      0.9100000    
         182          33          32  0.3200000      0.9900000    
         183          33          34  3.9999999E-02  0.1100000    
         184          33          34  9.9999998E-03  0.9500000    
         185          32          36  0.9300000      0.1000000    
         186          32          36  0.9600000      0.8200000    
         187          33          38  0.2300000      2.0000000E-02
         188          33          39  0.4000000      0.2200000    
         189          33          40  0.1800000      0.1800000    
         190          33          40  2.0000000E-02  0.9700000    
         191          32          41  0.7400000      0.8600000    
         192          32          42  0.8600000      0.9500000    
         193          32          44  0.9700000      0.1500000    
         194          34          27  0.3900000      0.3900000    
         195          33          28  0.8700000      2.9999999E-02
         196          33          29   1.000000      0.1000000    
         197          33          30  0.9400000      0.1100000    
         198          33          31  0.9300000      0.1100000    
         199          33          31  0.8900000      0.9500000    
         200          33          32  0.8500000      0.8600000    
         201          34          33  0.1600000      0.9900000    
         202          34          35  2.0000000E-02  9.9999998E-03
         203          34          36  0.1100000      0.2900000    
         204          34          36  7.0000000E-02  0.8300000    
         205          33          38  0.6200000      0.3900000    
         206          33          38  0.7400000      0.9200000    
         207          33          39  0.9500000      0.8700000    
         208          33          41  0.7300000      0.3700000    
         209          34          41  0.2200000      0.7700000    
         210          34          30  0.8700000      0.1000000    
         211          34          31  0.8900000      7.0000000E-02
         212          34          32  0.8600000      5.0000001E-02
         213          35          32  0.1300000      0.8800000    
         214          34          34  0.6000000      0.4100000    
         215          35          30  0.9900000      0.7400000    
         216          35          31   1.000000      0.8200000    
         217          35          33  0.6300000      0.3800000    
         218          36          33  0.1100000      0.8900000    
         219          36          35  0.1100000      0.0000000E+00
         220          37          33  7.0000000E-02  2.0000000E-02
         221          37          34  9.0000004E-02  0.1300000    
         222          37          34  0.2600000      0.8500000    
         223          37          35  0.1800000      0.9700000    
         224          37          34  0.7800000      0.1300000    
         225          37          35  0.9700000      0.2200000    
         226          37          35  0.9000000      0.9600000    
         227          37          37  0.6100000      0.0000000E+00
         228          38          34  0.9000000      7.9999998E-02
         229          39          35  9.9999998E-03  0.3500000    
         230          38          36  0.7700000      2.0000000E-02
         231          39          36  0.3300000      0.6300000    
         232          39          35  0.7300000      0.4500000    
         233          40          35  5.9999999E-02  0.8700000    
         234          40          36  0.0000000E+00  0.9100000    
         235          39          38  0.9800000      9.9999998E-03
         236          40          35  0.9800000      2.9999999E-02
         237          40          36  0.9900000      0.2100000    
         238          41          37  3.9999999E-02  0.2400000    
         239          41          37  0.1200000      0.7200000    
         240          41          36  0.6800000      0.4500000    
         241          41          37  0.9100000      0.0000000E+00
         242          42          37  0.2200000      0.8000000    
         243          41          39  0.9600000      2.0000000E-02
         244          43          36  0.1400000      0.3700000    
         245          42          36  0.7000000      0.6600000    
         246          42          38  0.8500000      0.2200000    
         247          43          38  0.3000000      0.7100000    
         248          42          40  0.9800000      9.9999998E-03
         249          43          38  0.8700000      0.1000000    
         250          43          39  0.9400000      0.1200000    
         251          44          39  0.3000000      0.7400000    
         252          43          41  0.9100000      9.9999998E-03
         253          44          37  0.9300000      0.9900000    
         254          44          39  0.7400000      0.3900000    
         255          45          40  7.0000000E-02  3.9999999E-02
         256          45          40  5.9999999E-02  0.8400000    
         257          45          47  9.9999998E-03  0.5800000    
         258          45          39  0.9200000      3.9999999E-02
         259          45          40  0.6900000      0.3000000    
         260          46          40  0.1200000      0.9300000    
         261          46          41  0.4100000      0.6400000    
         262          45          43  0.9500000      9.9999998E-03
         263          45          47  0.9100000      0.2400000    
         264          46          47  0.0000000E+00  0.7800000    
         265          46          40   1.000000      7.0000000E-02
         266          46          41  0.7900000      0.2300000    
         267          46          42   1.000000      5.9999999E-02
         268          47          42  0.2400000      0.7500000    
         269          47          44  9.9999998E-03  2.9999999E-02
         270          46          47  0.9900000      5.9999999E-02
         271          47          47  0.0000000E+00  0.9700000    
         272          47          41  0.9500000      3.9999999E-02
         273          47          42   1.000000      0.1700000    
         274          47          43  0.7500000      2.9999999E-02
         275          48          44  0.1400000      5.9999999E-02
         276          48          44  0.4100000      0.6200000    
         277          48          45  0.1100000      0.9100000    
         278          47          46  0.9600000       1.000000    
         279          47          48  0.5900000      0.1400000    
         280          48          42  0.6000000      0.4300000    
         281          48          43  0.8800000      5.9999999E-02
         282          49          43  0.3400000      0.8200000    
         283          48          45  0.8600000      0.1500000    
         284          49          45  7.0000000E-02  0.8300000    
         285          49          46  9.0000004E-02  0.8700000    
         286          48          48   1.000000      2.0000000E-02
         287          49          43  0.8800000      7.0000000E-02
         288          49          44  0.6400000      0.2800000    
         289          49          45  0.7500000      2.9999999E-02
         290          49          46  0.6100000      0.2500000    
         291          49          46  0.8600000      0.8500000    
         292          50          48  0.0000000E+00  2.9999999E-02
         293          51          44  9.9999998E-03  2.0000000E-02
         294          50          45  0.8900000      9.9999998E-03
         295          50          46  0.9400000      2.9999999E-02
         296          51          47  9.9999998E-03  3.9999999E-02
         297          51          48  0.0000000E+00  2.9999999E-02
