1002106.00000000 6514545.00000000 1.794
1002385.00000000 6514545.00000000 1.676
1003294.00000000 6514546.00000000 1.360
1004123.00000000 6514546.00000000 1.237
1001836.00000000 6514595.00000000 1.941
1002235.00000000 6514785.00000000 1.803
1002515.00000000 6514785.00000000 1.696
1001966.00000000 6514835.00000000 1.945
1001756.00000000 6515024.00000000 2.101
1002375.00000000 6515025.00000000 1.819
1002105.00000000 6515074.00000000 1.942
1004711.00000000 6515106.00000000 1.616
1001756.00000000 6515114.00000000 2.100
1001836.00000000 6515164.00000000 2.061
1001756.00000000 6515214.00000000 2.098
1002824.00000000 6515235.00000000 1.678
1003713.00000000 6515245.00000000 1.416
1001866.00000000 6515254.00000000 2.050
1002515.00000000 6515264.00000000 1.809
1001786.00000000 6515304.00000000 2.090
1002245.00000000 6515314.00000000 1.932
1001926.00000000 6515324.00000000 2.031
1001846.00000000 6515374.00000000 2.069
1001985.00000000 6515394.00000000 2.018
1001756.00000000 6515404.00000000 2.146
1001756.00000000 6515434.00000000 2.166
1001786.00000000 6515444.00000000 2.134
1001906.00000000 6515444.00000000 2.053
1001756.00000000 6515463.00000000 2.195
1001796.00000000 6515473.00000000 2.140
1002694.00000000 6515474.00000000 1.771
1002025.00000000 6515484.00000000 2.017
1001766.00000000 6515493.00000000 2.210
1001816.00000000 6515503.00000000 2.134
1001756.00000000 6515523.00000000 2.319
1001786.00000000 6515523.00000000 2.203
1002425.00000000 6515524.00000000 1.897
1001756.00000000 6515533.00000000 2.366
1001836.00000000 6515533.00000000 2.128
1001945.00000000 6515533.00000000 2.052
1001756.00000000 6515543.00000000 2.439
1001756.00000000 6515553.00000000 2.577
1001766.00000000 6515553.00000000 2.396
1001806.00000000 6515553.00000000 2.197
1002085.00000000 6515554.00000000 2.013
1001756.00000000 6515563.00000000 2.901
1001766.00000000 6515563.00000000 2.496
1001776.00000000 6515563.00000000 2.364
1001856.00000000 6515563.00000000 2.123
1001766.00000000 6515573.00000000 2.737
1001756.00000000 6515583.00000000 2.950
1001766.00000000 6515583.00000000 3.009
1001776.00000000 6515583.00000000 2.586
1001786.00000000 6515583.00000000 2.396
1001796.00000000 6515583.00000000 2.311
1001826.00000000 6515583.00000000 2.192
1001756.00000000 6515593.00000000 2.658
1001776.00000000 6515593.00000000 2.959
1001786.00000000 6515593.00000000 2.500
1001876.00000000 6515593.00000000 2.119
1001756.00000000 6515603.00000000 2.358
1001766.00000000 6515603.00000000 2.805
1001786.00000000 6515603.00000000 2.833
1001796.00000000 6515603.00000000 2.440
1002005.00000000 6515603.00000000 2.043
1001756.00000000 6515613.00000000 2.275
1001766.00000000 6515613.00000000 2.435
1001776.00000000 6515613.00000000 2.879
1001786.00000000 6515613.00000000 2.970
1001806.00000000 6515613.00000000 2.395
1001816.00000000 6515613.00000000 2.307
1001846.00000000 6515613.00000000 2.188
1001756.00000000 6515623.00000000 2.225
1001776.00000000 6515623.00000000 2.536
1001786.00000000 6515623.00000000 2.917
1001796.00000000 6515623.00000000 2.947
1001816.00000000 6515623.00000000 2.359
1001895.00000000 6515623.00000000 2.115
1001756.00000000 6515633.00000000 2.191
1001766.00000000 6515633.00000000 2.241
1001776.00000000 6515633.00000000 2.339
1001786.00000000 6515633.00000000 2.742
1001806.00000000 6515633.00000000 2.868
1001816.00000000 6515633.00000000 2.442
1001756.00000000 6515643.00000000 2.166
1001766.00000000 6515643.00000000 2.201
1001776.00000000 6515643.00000000 2.259
1001786.00000000 6515643.00000000 2.392
1001796.00000000 6515643.00000000 2.826
1001806.00000000 6515643.00000000 2.946
1001816.00000000 6515643.00000000 2.633
1001826.00000000 6515643.00000000 2.397
1001865.00000000 6515643.00000000 2.184
1002125.00000000 6515643.00000000 2.022
1001766.00000000 6515653.00000000 2.173
1001776.00000000 6515653.00000000 2.214
1001786.00000000 6515653.00000000 2.285
1001796.00000000 6515653.00000000 2.505
1001816.00000000 6515653.00000000 2.934
1001826.00000000 6515653.00000000 2.519
1001836.00000000 6515653.00000000 2.361
1001915.00000000 6515653.00000000 2.112
1001786.00000000 6515663.00000000 2.228
1001806.00000000 6515663.00000000 2.679
1001826.00000000 6515663.00000000 2.883
1001786.00000000 6515673.00000000 2.191
1001796.00000000 6515673.00000000 2.248
1001816.00000000 6515673.00000000 2.789
1001826.00000000 6515673.00000000 2.927
1001836.00000000 6515673.00000000 2.648
1001845.00000000 6515673.00000000 2.401
1001855.00000000 6515673.00000000 2.305
1001885.00000000 6515673.00000000 2.181
1001756.00000000 6515683.00000000 2.106
1001786.00000000 6515683.00000000 2.164
1001796.00000000 6515683.00000000 2.204
1001806.00000000 6515683.00000000 2.271
1001816.00000000 6515683.00000000 2.470
1001826.00000000 6515683.00000000 2.854
1001836.00000000 6515683.00000000 2.923
1001855.00000000 6515683.00000000 2.363
1001935.00000000 6515683.00000000 2.110
1001796.00000000 6515693.00000000 2.173
1001816.00000000 6515693.00000000 2.301
1001826.00000000 6515693.00000000 2.617
1001845.00000000 6515693.00000000 2.890
1001855.00000000 6515693.00000000 2.461
1002045.00000000 6515693.00000000 2.050
1002205.00000000 6515693.00000000 2.021
1001816.00000000 6515703.00000000 2.236
1001835.00000000 6515703.00000000 2.758
1001845.00000000 6515703.00000000 2.912
1001875.00000000 6515703.00000000 2.306
1001905.00000000 6515703.00000000 2.179
1001756.00000000 6515713.00000000 2.081
1001816.00000000 6515713.00000000 2.194
1001826.00000000 6515713.00000000 2.259
1001835.00000000 6515713.00000000 2.431
1001845.00000000 6515713.00000000 2.828
1001855.00000000 6515713.00000000 2.915
1001865.00000000 6515713.00000000 2.550
1001875.00000000 6515713.00000000 2.366
1001955.00000000 6515713.00000000 2.108
1001786.00000000 6515723.00000000 2.103
1001816.00000000 6515723.00000000 2.165
1001825.00000000 6515723.00000000 2.209
1001835.00000000 6515723.00000000 2.289
1001845.00000000 6515723.00000000 2.553
1001865.00000000 6515723.00000000 2.892
1001875.00000000 6515723.00000000 2.473
1002814.00000000 6515724.00000000 1.759
1001825.00000000 6515733.00000000 2.175
1001835.00000000 6515733.00000000 2.226
1001845.00000000 6515733.00000000 2.330
1001855.00000000 6515733.00000000 2.719
1001865.00000000 6515733.00000000 2.899
1001875.00000000 6515733.00000000 2.773
1001885.00000000 6515733.00000000 2.414
1001925.00000000 6515733.00000000 2.178
1001756.00000000 6515743.00000000 2.064
1001845.00000000 6515743.00000000 2.247
1001865.00000000 6515743.00000000 2.803
1001875.00000000 6515743.00000000 2.907
1001885.00000000 6515743.00000000 2.583
1001895.00000000 6515743.00000000 2.372
1001955.00000000 6515743.00000000 2.132
1002125.00000000 6515743.00000000 2.043
1001786.00000000 6515753.00000000 2.078
1001845.00000000 6515753.00000000 2.201
1001855.00000000 6515753.00000000 2.276
1001865.00000000 6515753.00000000 2.463
1001885.00000000 6515753.00000000 2.893
1001895.00000000 6515753.00000000 2.484
1001815.00000000 6515763.00000000 2.101
1001845.00000000 6515763.00000000 2.169
1001865.00000000 6515763.00000000 2.313
1001875.00000000 6515763.00000000 2.678
1001895.00000000 6515763.00000000 2.827
1001905.00000000 6515763.00000000 2.425
1001915.00000000 6515763.00000000 2.312
1001925.00000000 6515763.00000000 2.250
1001756.00000000 6515773.00000000 2.050
1001855.00000000 6515773.00000000 2.180
1001865.00000000 6515773.00000000 2.238
1001875.00000000 6515773.00000000 2.372
1001885.00000000 6515773.00000000 2.780
1001895.00000000 6515773.00000000 2.900
1001915.00000000 6515773.00000000 2.381
1001925.00000000 6515773.00000000 2.289
1001955.00000000 6515773.00000000 2.169
1002544.00000000 6515773.00000000 1.891
1001786.00000000 6515783.00000000 2.060
1001875.00000000 6515783.00000000 2.264
1001885.00000000 6515783.00000000 2.489
1001905.00000000 6515783.00000000 2.893
1001915.00000000 6515783.00000000 2.504
1001925.00000000 6515783.00000000 2.344
1002005.00000000 6515783.00000000 2.102
1002035.00000000 6515783.00000000 2.080
1002225.00000000 6515783.00000000 2.040
1001815.00000000 6515793.00000000 2.076
1001875.00000000 6515793.00000000 2.210
1001895.00000000 6515793.00000000 2.642
1001915.00000000 6515793.00000000 2.852
1001756.00000000 6515803.00000000 2.040
1001845.00000000 6515803.00000000 2.101
1001885.00000000 6515803.00000000 2.230
1001895.00000000 6515803.00000000 2.353
1001905.00000000 6515803.00000000 2.756
1001915.00000000 6515803.00000000 2.893
1001925.00000000 6515803.00000000 2.642
1001935.00000000 6515803.00000000 2.387
1001975.00000000 6515803.00000000 2.169
1004302.00000000 6515805.00000000 1.478
1001785.00000000 6515813.00000000 2.048
1001895.00000000 6515813.00000000 2.255
1001915.00000000 6515813.00000000 2.821
1001925.00000000 6515813.00000000 2.892
1001935.00000000 6515813.00000000 2.524
1001945.00000000 6515813.00000000 2.350
1002005.00000000 6515813.00000000 2.125
1002035.00000000 6515813.00000000 2.094
1001815.00000000 6515823.00000000 2.059
1001895.00000000 6515823.00000000 2.204
1001905.00000000 6515823.00000000 2.288
1001915.00000000 6515823.00000000 2.586
1001935.00000000 6515823.00000000 2.861
1001945.00000000 6515823.00000000 2.449
1001865.00000000 6515833.00000000 2.099
1001895.00000000 6515833.00000000 2.171
1001925.00000000 6515833.00000000 2.729
1001945.00000000 6515833.00000000 2.699
1001955.00000000 6515833.00000000 2.395
1001965.00000000 6515833.00000000 2.295
1001975.00000000 6515833.00000000 2.236
1002145.00000000 6515833.00000000 2.061
1001905.00000000 6515843.00000000 2.184
1001915.00000000 6515843.00000000 2.247
1001925.00000000 6515843.00000000 2.412
1001935.00000000 6515843.00000000 2.805
1001945.00000000 6515843.00000000 2.890
1001965.00000000 6515843.00000000 2.358
1001975.00000000 6515843.00000000 2.274
1002005.00000000 6515843.00000000 2.160
1002045.00000000 6515843.00000000 2.103
1001835.00000000 6515853.00000000 2.058
1001905.00000000 6515853.00000000 2.156
1001925.00000000 6515853.00000000 2.277
1001935.00000000 6515853.00000000 2.524
1001955.00000000 6515853.00000000 2.868
1001965.00000000 6515853.00000000 2.464
1001975.00000000 6515853.00000000 2.325
1002285.00000000 6515853.00000000 2.037
1001875.00000000 6515863.00000000 2.085
1001915.00000000 6515863.00000000 2.167
1001925.00000000 6515863.00000000 2.217
1001935.00000000 6515863.00000000 2.319
1001945.00000000 6515863.00000000 2.699
1001965.00000000 6515863.00000000 2.779
1001975.00000000 6515863.00000000 2.408
1001935.00000000 6515873.00000000 2.240
1001955.00000000 6515873.00000000 2.787
1001965.00000000 6515873.00000000 2.885
1001975.00000000 6515873.00000000 2.580
1002025.00000000 6515873.00000000 2.159
1002055.00000000 6515873.00000000 2.113
1001845.00000000 6515883.00000000 2.051
1001935.00000000 6515883.00000000 2.195
1001945.00000000 6515883.00000000 2.269
1001965.00000000 6515883.00000000 2.838
1001975.00000000 6515883.00000000 2.872
1001985.00000000 6515883.00000000 2.479
1001995.00000000 6515883.00000000 2.329
1001875.00000000 6515893.00000000 2.067
1001905.00000000 6515893.00000000 2.098
1001945.00000000 6515893.00000000 2.213
1001955.00000000 6515893.00000000 2.307
1001965.00000000 6515893.00000000 2.665
1001985.00000000 6515893.00000000 2.808
1001995.00000000 6515893.00000000 2.417
1001755.00000000 6515903.00000000 2.015
1001945.00000000 6515903.00000000 2.178
1001955.00000000 6515903.00000000 2.235
1001975.00000000 6515903.00000000 2.766
1001985.00000000 6515903.00000000 2.879
1001995.00000000 6515903.00000000 2.597
1002005.00000000 6515903.00000000 2.369
1002015.00000000 6515903.00000000 2.276
1002045.00000000 6515903.00000000 2.158
1002205.00000000 6515903.00000000 2.072
1001845.00000000 6515913.00000000 2.041
1001965.00000000 6515913.00000000 2.261
1001975.00000000 6515913.00000000 2.470
1001985.00000000 6515913.00000000 2.824
1001995.00000000 6515913.00000000 2.870
1002095.00000000 6515913.00000000 2.106
1001875.00000000 6515923.00000000 2.054
1001905.00000000 6515923.00000000 2.077
1001965.00000000 6515923.00000000 2.210
1001985.00000000 6515923.00000000 2.630
1002005.00000000 6515923.00000000 2.826
1002015.00000000 6515923.00000000 2.425
1001935.00000000 6515933.00000000 2.105
1001965.00000000 6515933.00000000 2.178
1001975.00000000 6515933.00000000 2.231
1001985.00000000 6515933.00000000 2.347
1001995.00000000 6515933.00000000 2.746
1002015.00000000 6515933.00000000 2.662
1002025.00000000 6515933.00000000 2.371
1002035.00000000 6515933.00000000 2.272
1002065.00000000 6515933.00000000 2.157
1001845.00000000 6515943.00000000 2.033
1001965.00000000 6515943.00000000 2.156
1001975.00000000 6515943.00000000 2.193
1001985.00000000 6515943.00000000 2.257
1001995.00000000 6515943.00000000 2.437
1002005.00000000 6515943.00000000 2.807
1002015.00000000 6515943.00000000 2.861
1002025.00000000 6515943.00000000 2.513
1002035.00000000 6515943.00000000 2.328
1002115.00000000 6515943.00000000 2.110
1002315.00000000 6515943.00000000 2.043
1001875.00000000 6515953.00000000 2.044
1001905.00000000 6515953.00000000 2.062
1001965.00000000 6515953.00000000 2.140
1001975.00000000 6515953.00000000 2.168
1001985.00000000 6515953.00000000 2.211
1001995.00000000 6515953.00000000 2.290
1002005.00000000 6515953.00000000 2.586
1002025.00000000 6515953.00000000 2.828
1002035.00000000 6515953.00000000 2.418
1001935.00000000 6515963.00000000 2.084
1001975.00000000 6515963.00000000 2.150
1001985.00000000 6515963.00000000 2.182
1001995.00000000 6515963.00000000 2.232
1002015.00000000 6515963.00000000 2.726
1002035.00000000 6515963.00000000 2.647
1002045.00000000 6515963.00000000 2.360
1002085.00000000 6515963.00000000 2.158
1001985.00000000 6515973.00000000 2.163
1001995.00000000 6515973.00000000 2.199
1002005.00000000 6515973.00000000 2.259
1002025.00000000 6515973.00000000 2.788
1002035.00000000 6515973.00000000 2.843
1002045.00000000 6515973.00000000 2.518
1002055.00000000 6515973.00000000 2.312
1002115.00000000 6515973.00000000 2.130
1001905.00000000 6515983.00000000 2.052
1002015.00000000 6515983.00000000 2.294
1002025.00000000 6515983.00000000 2.549
1002045.00000000 6515983.00000000 2.798
1002894.00000000 6515983.00000000 1.762
1001755.00000000 6515993.00000000 1.999
1001955.00000000 6515993.00000000 2.090
1002015.00000000 6515993.00000000 2.247
1002025.00000000 6515993.00000000 2.347
1002035.00000000 6515993.00000000 2.713
1002055.00000000 6515993.00000000 2.620
1002065.00000000 6515993.00000000 2.338
1002075.00000000 6515993.00000000 2.253
1002235.00000000 6515993.00000000 2.097
1001985.00000000 6516003.00000000 2.127
1002015.00000000 6516003.00000000 2.219
1002025.00000000 6516003.00000000 2.285
1002045.00000000 6516003.00000000 2.831
1002055.00000000 6516003.00000000 2.746
1002105.00000000 6516003.00000000 2.174
1002135.00000000 6516003.00000000 2.135
1001925.00000000 6516013.00000000 2.055
1002015.00000000 6516013.00000000 2.197
1002025.00000000 6516013.00000000 2.249
1002035.00000000 6516013.00000000 2.347
1002045.00000000 6516013.00000000 2.673
1002055.00000000 6516013.00000000 2.784
1002065.00000000 6516013.00000000 2.533
1002075.00000000 6516013.00000000 2.342
1002015.00000000 6516023.00000000 2.181
1002025.00000000 6516023.00000000 2.223
1002035.00000000 6516023.00000000 2.295
1002045.00000000 6516023.00000000 2.490
1002065.00000000 6516023.00000000 2.643
1002075.00000000 6516023.00000000 2.387
1001955.00000000 6516033.00000000 2.071
1001985.00000000 6516033.00000000 2.104
1002025.00000000 6516033.00000000 2.202
1002035.00000000 6516033.00000000 2.258
1002045.00000000 6516033.00000000 2.385
1002055.00000000 6516033.00000000 2.681
1002065.00000000 6516033.00000000 2.696
1002075.00000000 6516033.00000000 2.433
1002115.00000000 6516033.00000000 2.193
1002145.00000000 6516033.00000000 2.148
1002624.00000000 6516033.00000000 1.901
1001835.00000000 6516043.00000000 2.012
1002045.00000000 6516043.00000000 2.321
1002055.00000000 6516043.00000000 2.614
1002075.00000000 6516043.00000000 2.495
1002085.00000000 6516043.00000000 2.343
1001925.00000000 6516053.00000000 2.045
1002045.00000000 6516053.00000000 2.279
1002055.00000000 6516053.00000000 2.501
1002075.00000000 6516053.00000000 2.568
1002085.00000000 6516053.00000000 2.373
1001955.00000000 6516063.00000000 2.062
1002015.00000000 6516063.00000000 2.137
1002045.00000000 6516063.00000000 2.250
1002055.00000000 6516063.00000000 2.384
1002075.00000000 6516063.00000000 2.649
1002085.00000000 6516063.00000000 2.413
1002095.00000000 6516063.00000000 2.310
1002125.00000000 6516063.00000000 2.202
1002165.00000000 6516063.00000000 2.151
1001985.00000000 6516073.00000000 2.085
1002045.00000000 6516073.00000000 2.227
1002055.00000000 6516073.00000000 2.317
1002065.00000000 6516073.00000000 2.604
1002075.00000000 6516073.00000000 2.671
1002085.00000000 6516073.00000000 2.468
1002095.00000000 6516073.00000000 2.332
1001925.00000000 6516083.00000000 2.042
1002045.00000000 6516083.00000000 2.209
1002055.00000000 6516083.00000000 2.278
1002085.00000000 6516083.00000000 2.538
1002275.00000000 6516083.00000000 2.110
1001755.00000000 6516092.00000000 1.993
1001955.00000000 6516093.00000000 2.056
1002045.00000000 6516093.00000000 2.193
1002065.00000000 6516093.00000000 2.394
1002085.00000000 6516093.00000000 2.624
1002095.00000000 6516093.00000000 2.396
1002135.00000000 6516093.00000000 2.206
1002165.00000000 6516093.00000000 2.168
1001985.00000000 6516103.00000000 2.075
1002015.00000000 6516103.00000000 2.110
1002045.00000000 6516103.00000000 2.180
1002055.00000000 6516103.00000000 2.226
1002065.00000000 6516103.00000000 2.323
1002085.00000000 6516103.00000000 2.659
1002095.00000000 6516103.00000000 2.447
1002105.00000000 6516103.00000000 2.324
1002045.00000000 6516113.00000000 2.168
1002055.00000000 6516113.00000000 2.208
1002065.00000000 6516113.00000000 2.281
1002075.00000000 6516113.00000000 2.537
1002085.00000000 6516113.00000000 2.665
1002095.00000000 6516113.00000000 2.509
1002105.00000000 6516113.00000000 2.350
1002045.00000000 6516123.00000000 2.157
1002055.00000000 6516123.00000000 2.192
1002065.00000000 6516123.00000000 2.250
1002095.00000000 6516123.00000000 2.606
1002105.00000000 6516123.00000000 2.385
1002115.00000000 6516123.00000000 2.298
1002145.00000000 6516123.00000000 2.208
1002185.00000000 6516123.00000000 2.167
1002364.00000000 6516123.00000000 2.065
1001845.00000000 6516132.00000000 2.015
1002005.00000000 6516133.00000000 2.084
1002055.00000000 6516133.00000000 2.178
1002065.00000000 6516133.00000000 2.227
1002075.00000000 6516133.00000000 2.331
1002085.00000000 6516133.00000000 2.619
1002095.00000000 6516133.00000000 2.653
1002105.00000000 6516133.00000000 2.430
1002075.00000000 6516143.00000000 2.285
1002085.00000000 6516143.00000000 2.557
1002095.00000000 6516143.00000000 2.666
1002105.00000000 6516143.00000000 2.497
1002115.00000000 6516143.00000000 2.344
1002075.00000000 6516153.00000000 2.252
1002085.00000000 6516153.00000000 2.425
1002105.00000000 6516153.00000000 2.591
1002115.00000000 6516153.00000000 2.376
1002155.00000000 6516153.00000000 2.212
1002185.00000000 6516153.00000000 2.180
1002015.00000000 6516163.00000000 2.083
1002045.00000000 6516163.00000000 2.122
1002085.00000000 6516163.00000000 2.341
1002095.00000000 6516163.00000000 2.632
1002105.00000000 6516163.00000000 2.651
1002115.00000000 6516163.00000000 2.420
1002125.00000000 6516163.00000000 2.315
1002075.00000000 6516173.00000000 2.205
1002085.00000000 6516173.00000000 2.289
1002095.00000000 6516173.00000000 2.577
1002105.00000000 6516173.00000000 2.672
1002125.00000000 6516173.00000000 2.340
1002284.00000000 6516173.00000000 2.133
1001755.00000000 6516182.00000000 1.995
1001925.00000000 6516182.00000000 2.040
1002085.00000000 6516183.00000000 2.252
1002095.00000000 6516183.00000000 2.444
1002115.00000000 6516183.00000000 2.575
1002125.00000000 6516183.00000000 2.370
1002165.00000000 6516183.00000000 2.215
1002195.00000000 6516183.00000000 2.186
1002015.00000000 6516192.00000000 2.075
1002075.00000000 6516193.00000000 2.170
1002085.00000000 6516193.00000000 2.223
1002095.00000000 6516193.00000000 2.350
1002105.00000000 6516193.00000000 2.648
1002115.00000000 6516193.00000000 2.655
1002135.00000000 6516193.00000000 2.313
1002045.00000000 6516202.00000000 2.097
1002075.00000000 6516203.00000000 2.155
1002095.00000000 6516203.00000000 2.289
1002105.00000000 6516203.00000000 2.593
1002115.00000000 6516203.00000000 2.686
1002125.00000000 6516203.00000000 2.473
1002135.00000000 6516203.00000000 2.336
1002075.00000000 6516212.00000000 2.140
1002085.00000000 6516213.00000000 2.177
1002095.00000000 6516213.00000000 2.245
1002105.00000000 6516213.00000000 2.486
1002125.00000000 6516213.00000000 2.581
1002135.00000000 6516213.00000000 2.366
1002145.00000000 6516213.00000000 2.295
1002175.00000000 6516213.00000000 2.220
1002404.00000000 6516213.00000000 2.069
1002015.00000000 6516222.00000000 2.072
1002075.00000000 6516222.00000000 2.128
1002095.00000000 6516222.00000000 2.209
1002115.00000000 6516223.00000000 2.661
1002125.00000000 6516223.00000000 2.671
1002135.00000000 6516223.00000000 2.406
1001835.00000000 6516232.00000000 2.017
1002045.00000000 6516232.00000000 2.087
1002075.00000000 6516232.00000000 2.117
1002085.00000000 6516232.00000000 2.139
1002095.00000000 6516232.00000000 2.178
1002105.00000000 6516232.00000000 2.273
1002115.00000000 6516232.00000000 2.607
1002135.00000000 6516233.00000000 2.464
1002145.00000000 6516233.00000000 2.335
1002105.00000000 6516242.00000000 2.212
1002115.00000000 6516242.00000000 2.475
1002135.00000000 6516242.00000000 2.563
1002145.00000000 6516242.00000000 2.364
1002185.00000000 6516243.00000000 2.225
1002215.00000000 6516243.00000000 2.198
1002015.00000000 6516252.00000000 2.072
1002105.00000000 6516252.00000000 2.170
1002115.00000000 6516252.00000000 2.288
1002125.00000000 6516252.00000000 2.681
1002145.00000000 6516252.00000000 2.416
1002155.00000000 6516252.00000000 2.316
1002963.00000000 6516253.00000000 1.815
1002045.00000000 6516262.00000000 2.085
1002075.00000000 6516262.00000000 2.102
1002115.00000000 6516262.00000000 2.198
1002125.00000000 6516262.00000000 2.572
1002135.00000000 6516262.00000000 2.741
1002145.00000000 6516262.00000000 2.581
1002155.00000000 6516262.00000000 2.350
1002324.00000000 6516263.00000000 2.133
1001925.00000000 6516272.00000000 2.045
1002115.00000000 6516272.00000000 2.158
1002125.00000000 6516272.00000000 2.259
1002145.00000000 6516272.00000000 2.726
1002155.00000000 6516272.00000000 2.416
1002165.00000000 6516272.00000000 2.317
1002195.00000000 6516272.00000000 2.233
1001755.00000000 6516282.00000000 1.999
1002115.00000000 6516282.00000000 2.140
1002125.00000000 6516282.00000000 2.177
1002135.00000000 6516282.00000000 2.485
1002145.00000000 6516282.00000000 2.641
1002155.00000000 6516282.00000000 2.568
1002165.00000000 6516282.00000000 2.358
1002225.00000000 6516282.00000000 2.210
1002015.00000000 6516292.00000000 2.074
1002055.00000000 6516292.00000000 2.090
1002085.00000000 6516292.00000000 2.105
1002115.00000000 6516292.00000000 2.134
1002125.00000000 6516292.00000000 2.154
1002145.00000000 6516292.00000000 2.476
1002155.00000000 6516292.00000000 2.487
1002165.00000000 6516292.00000000 2.400
1002115.00000000 6516302.00000000 2.130
1002125.00000000 6516302.00000000 2.145
1002135.00000000 6516302.00000000 2.174
1002145.00000000 6516302.00000000 2.254
1002155.00000000 6516302.00000000 2.351
1002694.00000000 6516303.00000000 1.953
1002135.00000000 6516312.00000000 2.158
1002145.00000000 6516312.00000000 2.191
1002155.00000000 6516312.00000000 2.245
1002165.00000000 6516312.00000000 2.286
1002195.00000000 6516312.00000000 2.255
1002234.00000000 6516312.00000000 2.214
1002404.00000000 6516313.00000000 2.098
1001845.00000000 6516322.00000000 2.025
1002035.00000000 6516322.00000000 2.084
1002065.00000000 6516322.00000000 2.096
1002095.00000000 6516332.00000000 2.110
1002135.00000000 6516342.00000000 2.139
1002165.00000000 6516342.00000000 2.180
1002204.00000000 6516342.00000000 2.218
1001945.00000000 6516362.00000000 2.058
1002105.00000000 6516362.00000000 2.116
1002314.00000000 6516362.00000000 2.163
1001755.00000000 6516372.00000000 2.003
1002145.00000000 6516372.00000000 2.140
1002175.00000000 6516372.00000000 2.165
1002204.00000000 6516372.00000000 2.189
1002115.00000000 6516392.00000000 2.122
1001865.00000000 6516412.00000000 2.038
1002025.00000000 6516412.00000000 2.089
1002264.00000000 6516442.00000000 2.185
1003792.00000000 6516443.00000000 1.727
1002354.00000000 6516452.00000000 2.151
1001945.00000000 6516462.00000000 2.068
1002174.00000000 6516472.00000000 2.153
1002085.00000000 6516482.00000000 2.118
1002005.00000000 6516532.00000000 2.096
1002284.00000000 6516532.00000000 2.180
1002813.00000000 6516552.00000000 1.984
1002194.00000000 6516562.00000000 2.171
1002105.00000000 6516572.00000000 2.137
1002554.00000000 6516642.00000000 2.108
1001755.00000000 6516662.00000000 2.017
1002973.00000000 6516772.00000000 2.001
1002164.00000000 6516852.00000000 2.207
1002663.00000000 6516892.00000000 2.135
1001755.00000000 6516941.00000000 2.031
1002404.00000000 6516982.00000000 2.230
1001994.00000000 6517071.00000000 2.164
1004241.00000000 6517122.00000000 2.043
1002613.00000000 6517161.00000000 2.233
1002234.00000000 6517201.00000000 2.313
1001755.00000000 6517221.00000000 2.082
1001994.00000000 6517351.00000000 2.231
1002443.00000000 6517381.00000000 2.335
1001754.00000000 6517500.00000000 2.151
1002204.00000000 6517521.00000000 2.374
1003522.00000000 6517521.00000000 2.287
1002673.00000000 6517531.00000000 2.361
1002125.00000000 6516246.00000000 2.693
1002124.00000000 6516241.00000000 2.693
1002122.00000000 6516236.00000000 2.700
1002121.00000000 6516231.00000000 2.698
1002119.00000000 6516227.00000000 2.694
1002118.00000000 6516222.00000000 2.691
1002116.00000000 6516218.00000000 2.689
1002115.00000000 6516213.00000000 2.688
1002113.00000000 6516208.00000000 2.685
1002112.00000000 6516203.00000000 2.683
1002110.00000000 6516198.00000000 2.680
1002109.00000000 6516193.00000000 2.678
1002107.00000000 6516189.00000000 2.675
1002106.00000000 6516184.00000000 2.673
1002104.00000000 6516179.00000000 2.671
1002103.00000000 6516174.00000000 2.669
1002101.00000000 6516169.00000000 2.667
1002100.00000000 6516164.00000000 2.666
1002098.00000000 6516160.00000000 2.665
1002097.00000000 6516155.00000000 2.664
1002095.00000000 6516150.00000000 2.663
1002094.00000000 6516145.00000000 2.662
1002092.00000000 6516140.00000000 2.662
1002091.00000000 6516135.00000000 2.662
1002089.00000000 6516131.00000000 2.661
1002087.00000000 6516126.00000000 2.661
1002086.00000000 6516121.00000000 2.661
1002085.00000000 6516116.00000000 2.661
1002083.00000000 6516111.00000000 2.661
1002081.00000000 6516107.00000000 2.662
1002080.00000000 6516102.00000000 2.663
1002078.00000000 6516097.00000000 2.663
1002077.00000000 6516092.00000000 2.664
1002075.00000000 6516087.00000000 2.665
1002074.00000000 6516082.00000000 2.667
1002073.00000000 6516078.00000000 2.669
1002071.00000000 6516073.00000000 2.671
1002070.00000000 6516068.00000000 2.673
1002068.00000000 6516063.00000000 2.676
1002067.00000000 6516058.00000000 2.680
1002065.00000000 6516054.00000000 2.684
1002063.00000000 6516049.00000000 2.688
1002062.00000000 6516044.00000000 2.694
1002061.00000000 6516039.00000000 2.702
1002059.00000000 6516034.00000000 2.710
1002057.00000000 6516029.00000000 2.721
1002056.00000000 6516025.00000000 2.735
1002054.00000000 6516020.00000000 2.753
1002053.00000000 6516015.00000000 2.776
1002051.00000000 6516010.00000000 2.802
1002050.00000000 6516005.00000000 2.828
1002048.00000000 6516000.00000000 2.834
1002048.00000000 6516000.00000000 2.834
1002046.00000000 6515996.00000000 2.867
1002043.00000000 6515992.00000000 2.821
1002040.00000000 6515988.00000000 2.828
1002037.00000000 6515984.00000000 2.830
1002034.00000000 6515980.00000000 2.830
1002031.00000000 6515976.00000000 2.832
1002028.00000000 6515972.00000000 2.833
1002026.00000000 6515967.00000000 2.836
1002023.00000000 6515963.00000000 2.837
1002020.00000000 6515959.00000000 2.840
1002017.00000000 6515955.00000000 2.841
1002014.00000000 6515951.00000000 2.843
1002011.00000000 6515947.00000000 2.845
1002008.00000000 6515942.00000000 2.847
1002005.00000000 6515938.00000000 2.848
1002003.00000000 6515934.00000000 2.849
1002000.00000000 6515930.00000000 2.852
1001997.00000000 6515926.00000000 2.853
1001994.00000000 6515922.00000000 2.853
1001991.00000000 6515918.00000000 2.855
1001988.00000000 6515914.00000000 2.856
1001985.00000000 6515909.00000000 2.856
1001982.00000000 6515905.00000000 2.857
1001980.00000000 6515901.00000000 2.858
1001977.00000000 6515897.00000000 2.858
1001974.00000000 6515893.00000000 2.859
1001971.00000000 6515889.00000000 2.861
1001968.00000000 6515885.00000000 2.860
1001965.00000000 6515880.00000000 2.861
1001962.00000000 6515876.00000000 2.861
1001960.00000000 6515872.00000000 2.862
1001957.00000000 6515868.00000000 2.862
1001954.00000000 6515864.00000000 2.863
1001951.00000000 6515860.00000000 2.862
1001948.00000000 6515856.00000000 2.864
1001945.00000000 6515852.00000000 2.864
1001942.00000000 6515847.00000000 2.864
1001939.00000000 6515843.00000000 2.865
1001937.00000000 6515839.00000000 2.866
1001934.00000000 6515835.00000000 2.865
1001931.00000000 6515831.00000000 2.865
1001928.00000000 6515827.00000000 2.867
1001925.00000000 6515823.00000000 2.867
1001922.00000000 6515819.00000000 2.867
1001919.00000000 6515814.00000000 2.868
1001917.00000000 6515810.00000000 2.869
1001914.00000000 6515806.00000000 2.869
1001911.00000000 6515802.00000000 2.869
1001908.00000000 6515798.00000000 2.870
1001905.00000000 6515794.00000000 2.871
1001902.00000000 6515790.00000000 2.871
1001899.00000000 6515785.00000000 2.873
1001896.00000000 6515781.00000000 2.873
1001894.00000000 6515777.00000000 2.874
1001891.00000000 6515773.00000000 2.874
1001888.00000000 6515769.00000000 2.876
1001885.00000000 6515765.00000000 2.875
1001882.00000000 6515761.00000000 2.877
1001879.00000000 6515756.00000000 2.877
1001876.00000000 6515752.00000000 2.879
1001873.00000000 6515748.00000000 2.879
1001871.00000000 6515744.00000000 2.880
1001868.00000000 6515740.00000000 2.880
1001865.00000000 6515736.00000000 2.882
1001862.00000000 6515732.00000000 2.883
1001859.00000000 6515728.00000000 2.884
1001856.00000000 6515723.00000000 2.885
1001853.00000000 6515719.00000000 2.886
1001850.00000000 6515715.00000000 2.886
1001848.00000000 6515711.00000000 2.889
1001845.00000000 6515707.00000000 2.890
1001842.00000000 6515703.00000000 2.891
1001839.00000000 6515699.00000000 2.892
1001836.00000000 6515694.00000000 2.894
1001834.00000000 6515690.00000000 2.895
1001831.00000000 6515686.00000000 2.897
1001829.00000000 6515682.00000000 2.898
1001826.00000000 6515678.00000000 2.900
1001823.00000000 6515674.00000000 2.903
1001820.00000000 6515670.00000000 2.905
1001817.00000000 6515665.00000000 2.907
1001814.00000000 6515661.00000000 2.908
1001811.00000000 6515657.00000000 2.911
1001809.00000000 6515653.00000000 2.913
1001806.00000000 6515649.00000000 2.917
1001803.00000000 6515645.00000000 2.919
1001800.00000000 6515641.00000000 2.922
1001797.00000000 6515636.00000000 2.925
1001794.00000000 6515632.00000000 2.929
1001791.00000000 6515628.00000000 2.932
1001788.00000000 6515624.00000000 2.936
1001786.00000000 6515620.00000000 2.940
1001783.00000000 6515616.00000000 2.945
1001780.00000000 6515612.00000000 2.950
1001777.00000000 6515608.00000000 2.955
1001774.00000000 6515603.00000000 2.960
1001771.00000000 6515599.00000000 2.966
1001768.00000000 6515595.00000000 2.972
1001765.00000000 6515591.00000000 2.980
1001763.00000000 6515587.00000000 2.991
1001760.00000000 6515583.00000000 3.002
1001757.00000000 6515579.00000000 3.012
1001754.00000000 6515574.00000000 2.991
1002125.00000000 6516246.00000000 2.693
1002128.00000000 6516251.00000000 2.722
1002130.00000000 6516255.00000000 2.733
1002133.00000000 6516260.00000000 2.732
1002135.00000000 6516265.00000000 2.721
1002138.00000000 6516270.00000000 2.703
1002140.00000000 6516275.00000000 2.677
1002143.00000000 6516280.00000000 2.646
1002145.00000000 6516285.00000000 2.600
1002148.00000000 6516290.00000000 2.536
