806625.0 5064005. 45075996
807635.0 5064005. 0.74654
805705.0 5064415. 45075996
807105.0 5064885. 0.982158
806185.0 5065295. 1.16675
807305.0 5065875. 1.4266
806445.0 5066395. 1.75779
807255.0 5066985. 2.05556
805625.0 5066995. 1.797
806745.0 5061005. 0.734286
805875.0 5061505. 0.667602
807615.0 5061505. 0.692047
806745.0 5062015. 0.428411
807655.0 5062505. 0.340469
805875.0 5062515. 0.460362
806785.0 5063015. 0.509065
807865.0 5063485. 0.574112
805915.0 5063515. 0.576969
806995.0 5063995. 0.756545
808500.0 5064500. 45075996
809500.0 5064500. 0.458329
810500.0 5064500. 45075996
808500.0 5065500. 1.19881
809500.0 5065500. 0.83035
810500.0 5065500. 0.491243
808500.0 5066500. 1.92951
809500.0 5066500. 1.08714
810500.0 5066500. 0.612515
808500.0 5061500. 45075996
809500.0 5061500. 0.346434
810500.0 5061500. 45075996
808500.0 5062500. 0.385804
809500.0 5062500. 0.222077
810500.0 5062500. 0.234317
808500.0 5063500. 0.405197
809500.0 5063500. 0.20961
810500.0 5063500. 0.302788
