         1    613016.6   4774424.0    613016.6   4774424.0    37670.66    10000.00
         2    623016.6   4774424.0    623016.6   4774424.0    38303.10    10000.00
         3    633016.6   4774424.0    633016.6   4774424.0    33633.39    10000.00
         4    643016.6   4774424.0    643016.6   4774424.0    31130.29    10000.00
         5    653016.6   4774424.0    653016.6   4774424.0    31733.02    10000.00
         6    663016.6   4774424.0    663016.6   4774424.0    32350.81    10000.00
         7    673016.6   4774424.0    673016.6   4774424.0    26814.78    10000.00
         8    683016.6   4774424.0    683016.6   4774424.0    20631.18    10000.00
         9    693016.6   4774424.0    693016.6   4774424.0    16696.35    10000.00
        10    703016.6   4774424.0    703016.6   4774424.0    13848.32    10000.00
        11    713016.6   4774424.0    713016.6   4774424.0    10751.32    10000.00
        12    723016.6   4774424.0    723016.6   4774424.0     5576.59    10000.00
        14    743016.6   4774424.0    743016.6   4774424.0     3088.48    10000.00
        16    763016.6   4774424.0    763016.6   4774424.0     5934.83    10000.00
        17    773016.6   4774424.0    773016.6   4774424.0     7234.28    10000.00
        18    783016.6   4774424.0    783016.6   4774424.0     9343.70    10000.00
        19    793016.6   4774424.0    793016.6   4774424.0    12898.73    10000.00
        20    803016.6   4774424.0    803016.6   4774424.0    19648.22    10000.00
        21    813016.6   4774424.0    813016.6   4774424.0    27577.27    10000.00
        22    823016.6   4774424.0    823016.6   4774424.0    36014.50    10000.00
        23    833016.6   4774424.0    833016.6   4774424.0    44219.62    10000.00
        24    843016.6   4774424.0    843016.6   4774424.0    50035.02    10000.00
        25    853016.6   4774424.0    853016.6   4774424.0    56243.29    10000.00
        26    863016.6   4774424.0    863016.6   4774424.0    63423.53    10000.00
        27    613016.6   4784424.0    613016.6   4784424.0    27703.05    10000.00
        28    623016.6   4784424.0    623016.6   4784424.0    28557.09    10000.00
        29    633016.6   4784424.0    633016.6   4784424.0    24732.67    10000.00
        30    643016.6   4784424.0    643016.6   4784424.0    21203.65    10000.00
        31    653016.6   4784424.0    653016.6   4784424.0    22079.06    10000.00
        32    663016.6   4784424.0    663016.6   4784424.0    22427.43    10000.00
        33    673016.6   4784424.0    673016.6   4784424.0    20531.02    10000.00
        34    683016.6   4784424.0    683016.6   4784424.0    12674.03    10000.00
        35    693016.6   4784424.0    693016.6   4784424.0     7003.50    10000.00
        36    703016.6   4784424.0    703016.6   4784424.0     5125.97    10000.00
        39    733016.6   4784424.0    733016.6   4784424.0     2707.46    10000.00
        40    743016.6   4784424.0    743016.6   4784424.0     3735.40    10000.00
        45    793016.6   4784424.0    793016.6   4784424.0     5507.39    10000.00
        46    803016.6   4784424.0    803016.6   4784424.0    14182.19    10000.00
        47    813016.6   4784424.0    813016.6   4784424.0    21992.17    10000.00
        48    823016.6   4784424.0    823016.6   4784424.0    30690.39    10000.00
        49    833016.6   4784424.0    833016.6   4784424.0    36246.48    10000.00
        50    843016.6   4784424.0    843016.6   4784424.0    42119.85    10000.00
        51    853016.6   4784424.0    853016.6   4784424.0    49328.67    10000.00
        52    863016.6   4784424.0    863016.6   4784424.0    57038.57    10000.00
        53    613016.6   4794424.0    613016.6   4794424.0    17771.86    10000.00
        54    623016.6   4794424.0    623016.6   4794424.0    19075.84    10000.00
        55    633016.6   4794424.0    633016.6   4794424.0    17094.00    10000.00
        56    643016.6   4794424.0    643016.6   4794424.0    11405.91    10000.00
        57    653016.6   4794424.0    653016.6   4794424.0    12960.89    10000.00
        58    663016.6   4794424.0    663016.6   4794424.0    12621.96    10000.00
        59    673016.6   4794424.0    673016.6   4794424.0    10845.43    10000.00
        60    683016.6   4794424.0    683016.6   4794424.0     7650.23    10000.00
        65    733016.6   4794424.0    733016.6   4794424.0     6272.87    10000.00
        68    763016.6   4794424.0    763016.6   4794424.0     3529.49    10000.00
        69    773016.6   4794424.0    773016.6   4794424.0     6503.57    10000.00
        70    783016.6   4794424.0    783016.6   4794424.0     3091.01    10000.00
        72    803016.6   4794424.0    803016.6   4794424.0     8378.10    10000.00
        73    813016.6   4794424.0    813016.6   4794424.0    16672.50    10000.00
        74    823016.6   4794424.0    823016.6   4794424.0    22886.84    10000.00
        75    833016.6   4794424.0    833016.6   4794424.0    28015.24    10000.00
        76    843016.6   4794424.0    843016.6   4794424.0    35204.63    10000.00
        77    853016.6   4794424.0    853016.6   4794424.0    43111.74    10000.00
        78    863016.6   4794424.0    863016.6   4794424.0    49706.29    10000.00
        79    613016.6   4804424.0    613016.6   4804424.0     8013.67    10000.00
        80    623016.6   4804424.0    623016.6   4804424.0    10594.12    10000.00
        81    633016.6   4804424.0    633016.6   4804424.0    10979.51    10000.00
        82    643016.6   4804424.0    643016.6   4804424.0     3088.78    10000.00
        83    653016.6   4804424.0    653016.6   4804424.0     6963.10    10000.00
        84    663016.6   4804424.0    663016.6   4804424.0     3743.80    10000.00
        88    703016.6   4804424.0    703016.6   4804424.0     6171.68    10000.00
        90    723016.6   4804424.0    723016.6   4804424.0     2755.63    10000.00
        91    733016.6   4804424.0    733016.6   4804424.0     4277.99    10000.00
        93    753016.6   4804424.0    753016.6   4804424.0     2562.70    10000.00
        94    763016.6   4804424.0    763016.6   4804424.0     3228.58    10000.00
        95    773016.6   4804424.0    773016.6   4804424.0     3043.53    10000.00
        96    783016.6   4804424.0    783016.6   4804424.0     8921.39    10000.00
        98    803016.6   4804424.0    803016.6   4804424.0     2536.42    10000.00
        99    813016.6   4804424.0    813016.6   4804424.0    10113.33    10000.00
       100    823016.6   4804424.0    823016.6   4804424.0    13982.43    10000.00
       101    833016.6   4804424.0    833016.6   4804424.0    21085.29    10000.00
       102    843016.6   4804424.0    843016.6   4804424.0    29391.25    10000.00
       103    853016.6   4804424.0    853016.6   4804424.0    35705.24    10000.00
       104    863016.6   4804424.0    863016.6   4804424.0    42287.21    10000.00
       106    623016.6   4814424.0    623016.6   4814424.0     7778.82    10000.00
       107    633016.6   4814424.0    633016.6   4814424.0     8866.44    10000.00
       111    673016.6   4814424.0    673016.6   4814424.0     4199.59    10000.00
       120    763016.6   4814424.0    763016.6   4814424.0     3750.65    10000.00
       121    773016.6   4814424.0    773016.6   4814424.0     3465.39    10000.00
       123    793016.6   4814424.0    793016.6   4814424.0     3883.87    10000.00
       126    823016.6   4814424.0    823016.6   4814424.0     7057.85    10000.00
       127    833016.6   4814424.0    833016.6   4814424.0    15961.23    10000.00
       128    843016.6   4814424.0    843016.6   4814424.0    21748.95    10000.00
       129    853016.6   4814424.0    853016.6   4814424.0    28151.66    10000.00
       130    863016.6   4814424.0    863016.6   4814424.0    35463.73    10000.00
       132    623016.6   4824424.0    623016.6   4824424.0     5557.62    10000.00
       133    633016.6   4824424.0    633016.6   4824424.0     3902.83    10000.00
       135    653016.6   4824424.0    653016.6   4824424.0     5080.68    10000.00
       140    703016.6   4824424.0    703016.6   4824424.0     3945.22    10000.00
       141    713016.6   4824424.0    713016.6   4824424.0     5887.06    10000.00
       142    723016.6   4824424.0    723016.6   4824424.0     6327.87    10000.00
       143    733016.6   4824424.0    733016.6   4824424.0     4168.11    10000.00
       145    753016.6   4824424.0    753016.6   4824424.0     9644.54    10000.00
       146    763016.6   4824424.0    763016.6   4824424.0    13714.15    10000.00
       147    773016.6   4824424.0    773016.6   4824424.0     5563.24    10000.00
       149    793016.6   4824424.0    793016.6   4824424.0     5464.00    10000.00
       152    823016.6   4824424.0    823016.6   4824424.0     3407.91    10000.00
       153    833016.6   4824424.0    833016.6   4824424.0     7607.47    10000.00
       154    843016.6   4824424.0    843016.6   4824424.0    14029.27    10000.00
       155    853016.6   4824424.0    853016.6   4824424.0    22452.42    10000.00
       156    863016.6   4824424.0    863016.6   4824424.0    26929.66    10000.00
       157    613016.6   4834424.0    613016.6   4834424.0     3550.28    10000.00
       158    623016.6   4834424.0    623016.6   4834424.0     2552.01    10000.00
       165    693016.6   4834424.0    693016.6   4834424.0     5617.81    10000.00
       167    713016.6   4834424.0    713016.6   4834424.0     2890.73    10000.00
       168    723016.6   4834424.0    723016.6   4834424.0     7470.24    10000.00
       169    733016.6   4834424.0    733016.6   4834424.0     3751.04    10000.00
       170    743016.6   4834424.0    743016.6   4834424.0     3246.77    10000.00
       171    753016.6   4834424.0    753016.6   4834424.0     5313.36    10000.00
       172    763016.6   4834424.0    763016.6   4834424.0    13703.70    10000.00
       173    773016.6   4834424.0    773016.6   4834424.0     4346.00    10000.00
       177    813016.6   4834424.0    813016.6   4834424.0     4509.74    10000.00
       180    843016.6   4834424.0    843016.6   4834424.0     9594.86    10000.00
       181    853016.6   4834424.0    853016.6   4834424.0    13104.18    10000.00
       182    863016.6   4834424.0    863016.6   4834424.0    17932.37    10000.00
       183    613016.6   4844424.0    613016.6   4844424.0     8586.30    10000.00
       184    623016.6   4844424.0    623016.6   4844424.0     2800.90    10000.00
       186    643016.6   4844424.0    643016.6   4844424.0     5635.31    10000.00
       187    653016.6   4844424.0    653016.6   4844424.0     5262.18    10000.00
       192    703016.6   4844424.0    703016.6   4844424.0     3030.47    10000.00
       195    733016.6   4844424.0    733016.6   4844424.0     5212.98    10000.00
       197    753016.6   4844424.0    753016.6   4844424.0     7081.77    10000.00
       198    763016.6   4844424.0    763016.6   4844424.0     7752.37    10000.00
       199    773016.6   4844424.0    773016.6   4844424.0     8725.17    10000.00
       201    793016.6   4844424.0    793016.6   4844424.0     3850.27    10000.00
       202    803016.6   4844424.0    803016.6   4844424.0     4659.80    10000.00
       207    853016.6   4844424.0    853016.6   4844424.0     5422.35    10000.00
       208    863016.6   4844424.0    863016.6   4844424.0     9956.96    10000.00
       209    613016.6   4854424.0    613016.6   4854424.0    14827.68    10000.00
       210    623016.6   4854424.0    623016.6   4854424.0     8880.98    10000.00
       212    643016.6   4854424.0    643016.6   4854424.0     2572.00    10000.00
       213    653016.6   4854424.0    653016.6   4854424.0     3115.68    10000.00
       215    673016.6   4854424.0    673016.6   4854424.0     3765.55    10000.00
       216    683016.6   4854424.0    683016.6   4854424.0     4201.66    10000.00
       217    693016.6   4854424.0    693016.6   4854424.0     6338.42    10000.00
       218    703016.6   4854424.0    703016.6   4854424.0     4049.56    10000.00
       219    713016.6   4854424.0    713016.6   4854424.0     5080.02    10000.00
       222    743016.6   4854424.0    743016.6   4854424.0     3000.21    10000.00
       226    783016.6   4854424.0    783016.6   4854424.0     5471.52    10000.00
       228    803016.6   4854424.0    803016.6   4854424.0     3981.97    10000.00
       229    813016.6   4854424.0    813016.6   4854424.0     6763.76    10000.00
       230    823016.6   4854424.0    823016.6   4854424.0     9340.51    10000.00
       231    833016.6   4854424.0    833016.6   4854424.0     4362.98    10000.00
       232    843016.6   4854424.0    843016.6   4854424.0     3257.66    10000.00
       235    613016.6   4864424.0    613016.6   4864424.0    22267.23    10000.00
       236    623016.6   4864424.0    623016.6   4864424.0    14968.36    10000.00
       237    633016.6   4864424.0    633016.6   4864424.0     9885.85    10000.00
       241    673016.6   4864424.0    673016.6   4864424.0     4972.21    10000.00
       242    683016.6   4864424.0    683016.6   4864424.0     5321.59    10000.00
       243    693016.6   4864424.0    693016.6   4864424.0     3268.32    10000.00
       244    703016.6   4864424.0    703016.6   4864424.0     5712.19    10000.00
       245    713016.6   4864424.0    713016.6   4864424.0     4383.68    10000.00
       248    743016.6   4864424.0    743016.6   4864424.0     6393.57    10000.00
       250    763016.6   4864424.0    763016.6   4864424.0     6414.73    10000.00
       252    783016.6   4864424.0    783016.6   4864424.0     2850.07    10000.00
       253    793016.6   4864424.0    793016.6   4864424.0     5373.87    10000.00
       254    803016.6   4864424.0    803016.6   4864424.0     9278.67    10000.00
       255    813016.6   4864424.0    813016.6   4864424.0     9569.08    10000.00
       256    823016.6   4864424.0    823016.6   4864424.0     9006.34    10000.00
       257    833016.6   4864424.0    833016.6   4864424.0     4209.89    10000.00
       258    843016.6   4864424.0    843016.6   4864424.0     5583.33    10000.00
       259    853016.6   4864424.0    853016.6   4864424.0     3199.71    10000.00
       260    863016.6   4864424.0    863016.6   4864424.0     5329.57    10000.00
       261    613016.6   4874424.0    613016.6   4874424.0    25044.96    10000.00
       262    623016.6   4874424.0    623016.6   4874424.0    16071.87    10000.00
       263    633016.6   4874424.0    633016.6   4874424.0     9429.14    10000.00
       264    643016.6   4874424.0    643016.6   4874424.0     4687.56    10000.00
       267    673016.6   4874424.0    673016.6   4874424.0     9118.36    10000.00
       268    683016.6   4874424.0    683016.6   4874424.0    14138.46    10000.00
       269    693016.6   4874424.0    693016.6   4874424.0    12733.49    10000.00
       270    703016.6   4874424.0    703016.6   4874424.0    14657.52    10000.00
       271    713016.6   4874424.0    713016.6   4874424.0    10175.15    10000.00
       272    723016.6   4874424.0    723016.6   4874424.0     3135.96    10000.00
       274    743016.6   4874424.0    743016.6   4874424.0     6604.50    10000.00
       275    753016.6   4874424.0    753016.6   4874424.0     3161.36    10000.00
       279    793016.6   4874424.0    793016.6   4874424.0     2810.10    10000.00
       284    843016.6   4874424.0    843016.6   4874424.0     7433.87    10000.00
       285    853016.6   4874424.0    853016.6   4874424.0     9270.44    10000.00
       287    613016.6   4884424.0    613016.6   4884424.0    23078.85    10000.00
       288    623016.6   4884424.0    623016.6   4884424.0    13079.46    10000.00
       289    633016.6   4884424.0    633016.6   4884424.0     3083.98    10000.00
       292    663016.6   4884424.0    663016.6   4884424.0     2800.85    10000.00
       293    673016.6   4884424.0    673016.6   4884424.0     6346.45    10000.00
       294    683016.6   4884424.0    683016.6   4884424.0    14445.95    10000.00
       295    693016.6   4884424.0    693016.6   4884424.0    22603.75    10000.00
       296    703016.6   4884424.0    703016.6   4884424.0    23875.88    10000.00
       297    713016.6   4884424.0    713016.6   4884424.0    16648.21    10000.00
       298    723016.6   4884424.0    723016.6   4884424.0    13122.28    10000.00
       299    733016.6   4884424.0    733016.6   4884424.0     4556.81    10000.00
       302    763016.6   4884424.0    763016.6   4884424.0     4725.91    10000.00
       303    773016.6   4884424.0    773016.6   4884424.0    11254.54    10000.00
       304    783016.6   4884424.0    783016.6   4884424.0    10190.43    10000.00
       305    793016.6   4884424.0    793016.6   4884424.0    11081.55    10000.00
       306    803016.6   4884424.0    803016.6   4884424.0     8707.06    10000.00
       307    813016.6   4884424.0    813016.6   4884424.0    10126.44    10000.00
       308    823016.6   4884424.0    823016.6   4884424.0    10588.62    10000.00
       309    833016.6   4884424.0    833016.6   4884424.0    11581.94    10000.00
       310    843016.6   4884424.0    843016.6   4884424.0    15315.79    10000.00
       311    853016.6   4884424.0    853016.6   4884424.0    11902.87    10000.00
       312    863016.6   4884424.0    863016.6   4884424.0     2614.08    10000.00
       313    613016.6   4894424.0    613016.6   4894424.0    19512.12    10000.00
       314    623016.6   4894424.0    623016.6   4894424.0    10704.53    10000.00
       315    633016.6   4894424.0    633016.6   4894424.0     5011.37    10000.00
       316    643016.6   4894424.0    643016.6   4894424.0     2622.55    10000.00
       317    653016.6   4894424.0    653016.6   4894424.0     4012.47    10000.00
       318    663016.6   4894424.0    663016.6   4894424.0     3528.87    10000.00
       319    673016.6   4894424.0    673016.6   4894424.0     2676.36    10000.00
       320    683016.6   4894424.0    683016.6   4894424.0    12495.49    10000.00
       321    693016.6   4894424.0    693016.6   4894424.0    22193.91    10000.00
       322    703016.6   4894424.0    703016.6   4894424.0    23718.90    10000.00
       323    713016.6   4894424.0    713016.6   4894424.0    18667.76    10000.00
       324    723016.6   4894424.0    723016.6   4894424.0    11589.80    10000.00
       325    733016.6   4894424.0    733016.6   4894424.0     2785.02    10000.00
       326    743016.6   4894424.0    743016.6   4894424.0     5790.41    10000.00
       327    753016.6   4894424.0    753016.6   4894424.0     9161.94    10000.00
       329    773016.6   4894424.0    773016.6   4894424.0     5451.78    10000.00
       330    783016.6   4894424.0    783016.6   4894424.0    14538.57    10000.00
       331    793016.6   4894424.0    793016.6   4894424.0    20734.26    10000.00
       332    803016.6   4894424.0    803016.6   4894424.0    18703.35    10000.00
       333    813016.6   4894424.0    813016.6   4894424.0    20102.02    10000.00
       334    823016.6   4894424.0    823016.6   4894424.0    20549.57    10000.00
       335    833016.6   4894424.0    833016.6   4894424.0    21508.58    10000.00
       336    843016.6   4894424.0    843016.6   4894424.0    22078.48    10000.00
       337    853016.6   4894424.0    853016.6   4894424.0    12132.81    10000.00
       339    613016.6   4904424.0    613016.6   4904424.0    17683.97    10000.00
       340    623016.6   4904424.0    623016.6   4904424.0     7777.79    10000.00
       344    663016.6   4904424.0    663016.6   4904424.0     3464.16    10000.00
       345    673016.6   4904424.0    673016.6   4904424.0     4807.40    10000.00
       346    683016.6   4904424.0    683016.6   4904424.0    14801.72    10000.00
       347    693016.6   4904424.0    693016.6   4904424.0    12203.88    10000.00
       348    703016.6   4904424.0    703016.6   4904424.0    14426.32    10000.00
       349    713016.6   4904424.0    713016.6   4904424.0    12202.64    10000.00
       350    723016.6   4904424.0    723016.6   4904424.0     4958.50    10000.00
       352    743016.6   4904424.0    743016.6   4904424.0     9634.41    10000.00
       353    753016.6   4904424.0    753016.6   4904424.0    14616.87    10000.00
       354    763016.6   4904424.0    763016.6   4904424.0     5192.17    10000.00
       355    773016.6   4904424.0    773016.6   4904424.0     3828.23    10000.00
       356    783016.6   4904424.0    783016.6   4904424.0    13121.22    10000.00
       357    793016.6   4904424.0    793016.6   4904424.0    16693.84    10000.00
       358    803016.6   4904424.0    803016.6   4904424.0    20013.82    10000.00
       359    813016.6   4904424.0    813016.6   4904424.0    21857.36    10000.00
       360    823016.6   4904424.0    823016.6   4904424.0    25124.75    10000.00
       361    833016.6   4904424.0    833016.6   4904424.0    31380.91    10000.00
       362    843016.6   4904424.0    843016.6   4904424.0    23191.43    10000.00
       363    853016.6   4904424.0    853016.6   4904424.0    13683.88    10000.00
       364    863016.6   4904424.0    863016.6   4904424.0     6054.32    10000.00
       365    613016.6   4914424.0    613016.6   4914424.0    18146.34    10000.00
       366    623016.6   4914424.0    623016.6   4914424.0     8748.46    10000.00
       367    633016.6   4914424.0    633016.6   4914424.0     4327.28    10000.00
       368    643016.6   4914424.0    643016.6   4914424.0     5688.88    10000.00
       369    653016.6   4914424.0    653016.6   4914424.0     3305.87    10000.00
       370    663016.6   4914424.0    663016.6   4914424.0     3267.70    10000.00
       371    673016.6   4914424.0    673016.6   4914424.0     9861.81    10000.00
       372    683016.6   4914424.0    683016.6   4914424.0    10142.60    10000.00
       374    703016.6   4914424.0    703016.6   4914424.0     5663.43    10000.00
       375    713016.6   4914424.0    713016.6   4914424.0     6355.41    10000.00
       378    743016.6   4914424.0    743016.6   4914424.0     9012.01    10000.00
       379    753016.6   4914424.0    753016.6   4914424.0    11794.55    10000.00
       380    763016.6   4914424.0    763016.6   4914424.0     3666.63    10000.00
       382    783016.6   4914424.0    783016.6   4914424.0     7267.68    10000.00
       383    793016.6   4914424.0    793016.6   4914424.0     6810.44    10000.00
       384    803016.6   4914424.0    803016.6   4914424.0    11517.57    10000.00
       385    813016.6   4914424.0    813016.6   4914424.0    11995.17    10000.00
       386    823016.6   4914424.0    823016.6   4914424.0    17245.09    10000.00
       387    833016.6   4914424.0    833016.6   4914424.0    25512.78    10000.00
       388    843016.6   4914424.0    843016.6   4914424.0    27346.89    10000.00
       389    853016.6   4914424.0    853016.6   4914424.0    19931.35    10000.00
       390    863016.6   4914424.0    863016.6   4914424.0    15705.57    10000.00
       391    613016.6   4924424.0    613016.6   4924424.0    22598.82    10000.00
       392    623016.6   4924424.0    623016.6   4924424.0    15926.25    10000.00
       393    633016.6   4924424.0    633016.6   4924424.0    14020.85    10000.00
       394    643016.6   4924424.0    643016.6   4924424.0    10379.52    10000.00
       395    653016.6   4924424.0    653016.6   4924424.0     4608.21    10000.00
       396    663016.6   4924424.0    663016.6   4924424.0     6532.47    10000.00
       397    673016.6   4924424.0    673016.6   4924424.0    12284.21    10000.00
       398    683016.6   4924424.0    683016.6   4924424.0    12393.24    10000.00
       399    693016.6   4924424.0    693016.6   4924424.0     6994.68    10000.00
       400    703016.6   4924424.0    703016.6   4924424.0     3568.64    10000.00
       401    713016.6   4924424.0    713016.6   4924424.0     2828.63    10000.00
       402    723016.6   4924424.0    723016.6   4924424.0     5135.58    10000.00
       403    733016.6   4924424.0    733016.6   4924424.0     3912.54    10000.00
       405    753016.6   4924424.0    753016.6   4924424.0     3835.22    10000.00
       406    763016.6   4924424.0    763016.6   4924424.0     2873.16    10000.00
       410    803016.6   4924424.0    803016.6   4924424.0     5437.88    10000.00
       411    813016.6   4924424.0    813016.6   4924424.0     3166.10    10000.00
       412    823016.6   4924424.0    823016.6   4924424.0    12788.00    10000.00
       413    833016.6   4924424.0    833016.6   4924424.0    22738.55    10000.00
       414    843016.6   4924424.0    843016.6   4924424.0    32719.27    10000.00
       415    853016.6   4924424.0    853016.6   4924424.0    28412.47    10000.00
       416    863016.6   4924424.0    863016.6   4924424.0    25625.67    10000.00
       417    613016.6   4934424.0    613016.6   4934424.0    29796.25    10000.00
       418    623016.6   4934424.0    623016.6   4934424.0    25114.84    10000.00
       419    633016.6   4934424.0    633016.6   4934424.0    23951.91    10000.00
       420    643016.6   4934424.0    643016.6   4934424.0    17288.85    10000.00
       421    653016.6   4934424.0    653016.6   4934424.0    14574.14    10000.00
       422    663016.6   4934424.0    663016.6   4934424.0    16524.62    10000.00
       423    673016.6   4934424.0    673016.6   4934424.0    19526.70    10000.00
       424    683016.6   4934424.0    683016.6   4934424.0    20107.52    10000.00
       425    693016.6   4934424.0    693016.6   4934424.0    12499.21    10000.00
       426    703016.6   4934424.0    703016.6   4934424.0     3087.98    10000.00
       429    733016.6   4934424.0    733016.6   4934424.0     3886.17    10000.00
       434    783016.6   4934424.0    783016.6   4934424.0     6986.62    10000.00
       435    793016.6   4934424.0    793016.6   4934424.0     6329.04    10000.00
       436    803016.6   4934424.0    803016.6   4934424.0     2802.97    10000.00
       437    813016.6   4934424.0    813016.6   4934424.0     8297.79    10000.00
       438    823016.6   4934424.0    823016.6   4934424.0    15154.96    10000.00
       439    833016.6   4934424.0    833016.6   4934424.0    24149.15    10000.00
       440    843016.6   4934424.0    843016.6   4934424.0    33714.84    10000.00
       441    853016.6   4934424.0    853016.6   4934424.0    37646.76    10000.00
       442    863016.6   4934424.0    863016.6   4934424.0    35590.52    10000.00
       443    613016.6   4944424.0    613016.6   4944424.0    38274.36    10000.00
       444    623016.6   4944424.0    623016.6   4944424.0    34754.36    10000.00
       445    633016.6   4944424.0    633016.6   4944424.0    31250.17    10000.00
       446    643016.6   4944424.0    643016.6   4944424.0    26269.27    10000.00
       447    653016.6   4944424.0    653016.6   4944424.0    24567.78    10000.00
       448    663016.6   4944424.0    663016.6   4944424.0    26522.69    10000.00
       449    673016.6   4944424.0    673016.6   4944424.0    28490.03    10000.00
       450    683016.6   4944424.0    683016.6   4944424.0    23709.57    10000.00
       451    693016.6   4944424.0    693016.6   4944424.0    14679.92    10000.00
       452    703016.6   4944424.0    703016.6   4944424.0     8297.98    10000.00
       454    723016.6   4944424.0    723016.6   4944424.0     7266.11    10000.00
       455    733016.6   4944424.0    733016.6   4944424.0     5945.91    10000.00
       457    753016.6   4944424.0    753016.6   4944424.0     4058.24    10000.00
       458    763016.6   4944424.0    763016.6   4944424.0     7324.63    10000.00
       459    773016.6   4944424.0    773016.6   4944424.0     5995.43    10000.00
       460    783016.6   4944424.0    783016.6   4944424.0     3065.34    10000.00
       461    793016.6   4944424.0    793016.6   4944424.0    10076.40    10000.00
       462    803016.6   4944424.0    803016.6   4944424.0    12493.76    10000.00
       463    813016.6   4944424.0    813016.6   4944424.0    16393.42    10000.00
       464    823016.6   4944424.0    823016.6   4944424.0    22096.27    10000.00
       465    833016.6   4944424.0    833016.6   4944424.0    29140.76    10000.00
       466    843016.6   4944424.0    843016.6   4944424.0    37454.38    10000.00
       467    853016.6   4944424.0    853016.6   4944424.0    46436.40    10000.00
       468    863016.6   4944424.0    863016.6   4944424.0    45570.77    10000.00
       469    613016.6   4954424.0    613016.6   4954424.0    47350.14    10000.00
       470    623016.6   4954424.0    623016.6   4954424.0    44553.06    10000.00
       471    633016.6   4954424.0    633016.6   4954424.0    39594.73    10000.00
       472    643016.6   4954424.0    643016.6   4954424.0    35794.48    10000.00
       473    653016.6   4954424.0    653016.6   4954424.0    34565.09    10000.00
       474    663016.6   4954424.0    663016.6   4954424.0    36166.07    10000.00
       475    673016.6   4954424.0    673016.6   4954424.0    36987.27    10000.00
       476    683016.6   4954424.0    683016.6   4954424.0    28660.32    10000.00
       477    693016.6   4954424.0    693016.6   4954424.0    21408.59    10000.00
       478    703016.6   4954424.0    703016.6   4954424.0    12087.35    10000.00
       479    713016.6   4954424.0    713016.6   4954424.0     5820.68    10000.00
       480    723016.6   4954424.0    723016.6   4954424.0    11029.80    10000.00
       481    733016.6   4954424.0    733016.6   4954424.0     5831.31    10000.00
       483    753016.6   4954424.0    753016.6   4954424.0     9583.37    10000.00
       484    763016.6   4954424.0    763016.6   4954424.0    16694.43    10000.00
       485    773016.6   4954424.0    773016.6   4954424.0    10493.56    10000.00
       486    783016.6   4954424.0    783016.6   4954424.0     3267.38    10000.00
       487    793016.6   4954424.0    793016.6   4954424.0     6415.53    10000.00
       488    803016.6   4954424.0    803016.6   4954424.0    16283.32    10000.00
       489    813016.6   4954424.0    813016.6   4954424.0    25156.61    10000.00
       490    823016.6   4954424.0    823016.6   4954424.0    30260.59    10000.00
       491    833016.6   4954424.0    833016.6   4954424.0    36147.53    10000.00
       492    843016.6   4954424.0    843016.6   4954424.0    43214.07    10000.00
       493    853016.6   4954424.0    853016.6   4954424.0    51210.15    10000.00
       494    863016.6   4954424.0    863016.6   4954424.0    55558.12    10000.00
       495    613016.6   4964424.0    613016.6   4964424.0    56737.52    10000.00
       496    623016.6   4964424.0    623016.6   4964424.0    53342.40    10000.00
       497    633016.6   4964424.0    633016.6   4964424.0    48568.64    10000.00
       498    643016.6   4964424.0    643016.6   4964424.0    45523.78    10000.00
       499    653016.6   4964424.0    653016.6   4964424.0    44563.61    10000.00
       500    663016.6   4964424.0    663016.6   4964424.0    45817.84    10000.00
       501    673016.6   4964424.0    673016.6   4964424.0    42747.25    10000.00
       502    683016.6   4964424.0    683016.6   4964424.0    34443.02    10000.00
       503    693016.6   4964424.0    693016.6   4964424.0    25963.39    10000.00
       504    703016.6   4964424.0    703016.6   4964424.0    19022.99    10000.00
       505    713016.6   4964424.0    713016.6   4964424.0    15800.33    10000.00
       506    723016.6   4964424.0    723016.6   4964424.0    10249.13    10000.00
       508    743016.6   4964424.0    743016.6   4964424.0     4380.59    10000.00
       509    753016.6   4964424.0    753016.6   4964424.0    13892.37    10000.00
       510    763016.6   4964424.0    763016.6   4964424.0    18647.84    10000.00
       511    773016.6   4964424.0    773016.6   4964424.0     8649.47    10000.00
       513    793016.6   4964424.0    793016.6   4964424.0    10105.06    10000.00
       514    803016.6   4964424.0    803016.6   4964424.0    19014.17    10000.00
       515    813016.6   4964424.0    813016.6   4964424.0    25293.91    10000.00
       516    823016.6   4964424.0    823016.6   4964424.0    33020.00    10000.00
       517    833016.6   4964424.0    833016.6   4964424.0    41723.61    10000.00
       518    843016.6   4964424.0    843016.6   4964424.0    50249.74    10000.00
       519    853016.6   4964424.0    853016.6   4964424.0    57321.19    10000.00
       520    863016.6   4964424.0    863016.6   4964424.0    65131.62    10000.00
       521    613016.6   4974424.0    613016.6   4974424.0    66304.27    10000.00
       522    623016.6   4974424.0    623016.6   4974424.0    61940.15    10000.00
       523    633016.6   4974424.0    633016.6   4974424.0    57879.91    10000.00
       524    643016.6   4974424.0    643016.6   4974424.0    55349.66    10000.00
       525    653016.6   4974424.0    653016.6   4974424.0    54562.68    10000.00
       526    663016.6   4974424.0    663016.6   4974424.0    55592.54    10000.00
       527    673016.6   4974424.0    673016.6   4974424.0    48107.33    10000.00
       528    683016.6   4974424.0    683016.6   4974424.0    40026.14    10000.00
       529    693016.6   4974424.0    693016.6   4974424.0    33013.14    10000.00
       530    703016.6   4974424.0    703016.6   4974424.0    27886.27    10000.00
       531    713016.6   4974424.0    713016.6   4974424.0    21508.42    10000.00
       532    723016.6   4974424.0    723016.6   4974424.0    12734.39    10000.00
       533    733016.6   4974424.0    733016.6   4974424.0     7856.03    10000.00
       534    743016.6   4974424.0    743016.6   4974424.0    12203.29    10000.00
       535    753016.6   4974424.0    753016.6   4974424.0    17546.94    10000.00
       536    763016.6   4974424.0    763016.6   4974424.0    17774.90    10000.00
       537    773016.6   4974424.0    773016.6   4974424.0    10164.73    10000.00
       539    793016.6   4974424.0    793016.6   4974424.0     6193.78    10000.00
       540    803016.6   4974424.0    803016.6   4974424.0    11158.09    10000.00
       541    813016.6   4974424.0    813016.6   4974424.0    19365.99    10000.00
       542    823016.6   4974424.0    823016.6   4974424.0    28732.92    10000.00
       543    833016.6   4974424.0    833016.6   4974424.0    38420.30    10000.00
       544    843016.6   4974424.0    843016.6   4974424.0    48235.45    10000.00
       545    853016.6   4974424.0    853016.6   4974424.0    58113.65    10000.00
       546    863016.6   4974424.0    863016.6   4974424.0    68027.46    10000.00
       547    613016.6   4984424.0    613016.6   4984424.0    75592.66    10000.00
       548    623016.6   4984424.0    623016.6   4984424.0    70906.64    10000.00
       549    633016.6   4984424.0    633016.6   4984424.0    67388.82    10000.00
       550    643016.6   4984424.0    643016.6   4984424.0    65228.48    10000.00
       551    653016.6   4984424.0    653016.6   4984424.0    64562.03    10000.00
       552    663016.6   4984424.0    663016.6   4984424.0    61986.36    10000.00
       553    673016.6   4984424.0    673016.6   4984424.0    54130.26    10000.00
       554    683016.6   4984424.0    683016.6   4984424.0    47094.18    10000.00
       555    693016.6   4984424.0    693016.6   4984424.0    41299.37    10000.00
       556    703016.6   4984424.0    703016.6   4984424.0    34931.07    10000.00
       557    713016.6   4984424.0    713016.6   4984424.0    26827.83    10000.00
       558    723016.6   4984424.0    723016.6   4984424.0    20476.44    10000.00
       559    733016.6   4984424.0    733016.6   4984424.0    17856.01    10000.00
       560    743016.6   4984424.0    743016.6   4984424.0    11389.61    10000.00
       561    753016.6   4984424.0    753016.6   4984424.0     7556.05    10000.00
       562    763016.6   4984424.0    763016.6   4984424.0     8329.49    10000.00
       563    773016.6   4984424.0    773016.6   4984424.0     3655.48    10000.00
       566    803016.6   4984424.0    803016.6   4984424.0     7730.65    10000.00
       567    813016.6   4984424.0    813016.6   4984424.0    17615.38    10000.00
       568    823016.6   4984424.0    823016.6   4984424.0    27583.34    10000.00
       569    833016.6   4984424.0    833016.6   4984424.0    37568.33    10000.00
       570    843016.6   4984424.0    843016.6   4984424.0    47559.62    10000.00
       571    853016.6   4984424.0    853016.6   4984424.0    57553.95    10000.00
       572    863016.6   4984424.0    863016.6   4984424.0    67549.95    10000.00
