         1    618016.6   4779424.0    618016.6   4779424.0    32669.46    20000.00
         2    638016.6   4779424.0    638016.6   4779424.0    27210.29    20000.00
         3    658016.6   4779424.0    658016.6   4779424.0    28420.33    20000.00
         4    678016.6   4779424.0    678016.6   4779424.0    19744.15    20000.00
         5    698016.6   4779424.0    698016.6   4779424.0    10982.95    20000.00
        10    798016.6   4779424.0    798016.6   4779424.0    12577.44    20000.00
        11    818016.6   4779424.0    818016.6   4779424.0    28988.80    20000.00
        12    838016.6   4779424.0    838016.6   4779424.0    43112.93    20000.00
        13    858016.6   4779424.0    858016.6   4779424.0    56373.14    20000.00
        14    618016.6   4799424.0    618016.6   4799424.0    12808.33    20000.00
        15    638016.6   4799424.0    638016.6   4799424.0    10069.75    20000.00
        16    658016.6   4799424.0    658016.6   4799424.0     9773.08    20000.00
        17    678016.6   4799424.0    678016.6   4799424.0     5176.02    20000.00
        22    778016.6   4799424.0    778016.6   4799424.0     9863.25    20000.00
        24    818016.6   4799424.0    818016.6   4799424.0    16331.86    20000.00
        25    838016.6   4799424.0    838016.6   4799424.0    28142.10    20000.00
        26    858016.6   4799424.0    858016.6   4799424.0    42694.20    20000.00
        34    758016.6   4819424.0    758016.6   4819424.0     8211.56    20000.00
        38    838016.6   4819424.0    838016.6   4819424.0    14678.06    20000.00
        39    858016.6   4819424.0    858016.6   4819424.0    28825.64    20000.00
        41    638016.6   4839424.0    638016.6   4839424.0     5334.19    20000.00
        42    658016.6   4839424.0    658016.6   4839424.0     5500.92    20000.00
        47    758016.6   4839424.0    758016.6   4839424.0    11039.27    20000.00
        52    858016.6   4839424.0    858016.6   4839424.0    11448.01    20000.00
        53    618016.6   4859424.0    618016.6   4859424.0    15406.19    20000.00
        62    798016.6   4859424.0    798016.6   4859424.0     6224.93    20000.00
        63    818016.6   4859424.0    818016.6   4859424.0    13442.94    20000.00
        66    618016.6   4879424.0    618016.6   4879424.0    18706.76    20000.00
        69    678016.6   4879424.0    678016.6   4879424.0    12785.67    20000.00
        70    698016.6   4879424.0    698016.6   4879424.0    18083.90    20000.00
        71    718016.6   4879424.0    718016.6   4879424.0     9703.79    20000.00
        74    778016.6   4879424.0    778016.6   4879424.0     5752.25    20000.00
        75    798016.6   4879424.0    798016.6   4879424.0     5173.42    20000.00
        76    818016.6   4879424.0    818016.6   4879424.0     5379.60    20000.00
        77    838016.6   4879424.0    838016.6   4879424.0     8666.34    20000.00
        78    858016.6   4879424.0    858016.6   4879424.0     5193.90    20000.00
        79    618016.6   4899424.0    618016.6   4899424.0    13061.71    20000.00
        82    678016.6   4899424.0    678016.6   4899424.0     9485.24    20000.00
        83    698016.6   4899424.0    698016.6   4899424.0    17579.51    20000.00
        84    718016.6   4899424.0    718016.6   4899424.0    11745.50    20000.00
        86    758016.6   4899424.0    758016.6   4899424.0     7576.19    20000.00
        87    778016.6   4899424.0    778016.6   4899424.0     8628.88    20000.00
        88    798016.6   4899424.0    798016.6   4899424.0    22603.98    20000.00
        89    818016.6   4899424.0    818016.6   4899424.0    25244.84    20000.00
        90    838016.6   4899424.0    838016.6   4899424.0    27193.88    20000.00
        91    858016.6   4899424.0    858016.6   4899424.0     7546.30    20000.00
        92    618016.6   4919424.0    618016.6   4919424.0    15608.37    20000.00
        93    638016.6   4919424.0    638016.6   4919424.0     8553.22    20000.00
        95    678016.6   4919424.0    678016.6   4919424.0    15053.90    20000.00
        99    758016.6   4919424.0    758016.6   4919424.0     6186.94    20000.00
       102    818016.6   4919424.0    818016.6   4919424.0    10183.74    20000.00
       103    838016.6   4919424.0    838016.6   4919424.0    28473.25    20000.00
       104    858016.6   4919424.0    858016.6   4919424.0    21839.57    20000.00
       105    618016.6   4939424.0    618016.6   4939424.0    31588.62    20000.00
       106    638016.6   4939424.0    638016.6   4939424.0    24243.32    20000.00
       107    658016.6   4939424.0    658016.6   4939424.0    20362.14    20000.00
       108    678016.6   4939424.0    678016.6   4939424.0    26468.87    20000.00
       109    698016.6   4939424.0    698016.6   4939424.0     7908.43    20000.00
       114    798016.6   4939424.0    798016.6   4939424.0     7394.48    20000.00
       115    818016.6   4939424.0    818016.6   4939424.0    15133.93    20000.00
       116    838016.6   4939424.0    838016.6   4939424.0    30708.40    20000.00
       117    858016.6   4939424.0    858016.6   4939424.0    41194.50    20000.00
       118    618016.6   4959424.0    618016.6   4959424.0    50517.92    20000.00
       119    638016.6   4959424.0    638016.6   4959424.0    42072.30    20000.00
       120    658016.6   4959424.0    658016.6   4959424.0    39963.50    20000.00
       121    678016.6   4959424.0    678016.6   4959424.0    35698.33    20000.00
       122    698016.6   4959424.0    698016.6   4959424.0    18976.32    20000.00
       123    718016.6   4959424.0    718016.6   4959424.0    11647.03    20000.00
       125    758016.6   4959424.0    758016.6   4959424.0    16401.29    20000.00
       126    778016.6   4959424.0    778016.6   4959424.0     5575.99    20000.00
       127    798016.6   4959424.0    798016.6   4959424.0    12510.50    20000.00
       128    818016.6   4959424.0    818016.6   4959424.0    31845.90    20000.00
       129    838016.6   4959424.0    838016.6   4959424.0    43195.37    20000.00
       130    858016.6   4959424.0    858016.6   4959424.0    58157.58    20000.00
       131    618016.6   4979424.0    618016.6   4979424.0    68741.66    20000.00
       132    638016.6   4979424.0    638016.6   4979424.0    61256.99    20000.00
       133    658016.6   4979424.0    658016.6   4979424.0    59828.27    20000.00
       134    678016.6   4979424.0    678016.6   4979424.0    47075.35    20000.00
       135    698016.6   4979424.0    698016.6   4979424.0    34520.15    20000.00
       136    718016.6   4979424.0    718016.6   4979424.0    19772.42    20000.00
       137    738016.6   4979424.0    738016.6   4979424.0    13785.99    20000.00
       138    758016.6   4979424.0    758016.6   4979424.0    13110.61    20000.00
       141    818016.6   4979424.0    818016.6   4979424.0    22758.32    20000.00
       142    838016.6   4979424.0    838016.6   4979424.0    42649.95    20000.00
       143    858016.6   4979424.0    858016.6   4979424.0    62610.67    20000.00
