       1      36       1  830654.9 2074692.3
       2      36       2  830651.8 2074688.3
       3      36       3  830648.6 2074684.4
       4      36       4  830645.4 2074680.5
       5      36       5  830642.3 2074676.6
       6      36       6  830639.1 2074672.6
       7      36       7  830636.0 2074668.8
       8      36       8  830632.9 2074664.9
       9      36       9  830629.7 2074660.9
      10      36      10  830626.6 2074657.0
      11      36      11  830623.4 2074653.1
      12      36      12  830620.3 2074649.1
      13      36      13  830617.1 2074645.3
      14      36      14  830613.9 2074641.3
      15      36      15  830610.8 2074637.5
      16      36      16  830607.7 2074633.5
      17      36      17  830604.5 2074629.5
      18      36      18  830601.4 2074625.8
      19      36      19  830598.3 2074621.8
      20      36      20  830595.1 2074617.8
      21      36      21  830591.9 2074614.0
      22      36      22  830588.8 2074610.0
      23      36      23  830585.6 2074606.0
      24      36      24  830582.5 2074602.3
      25      36      25  830579.4 2074598.3
      26      36      26  830576.2 2074594.3
      27      36      27  830573.1 2074590.5
      28      36      28  830569.9 2074586.5
      29      36      29  830566.8 2074582.5
      30      36      30  830563.6 2074578.8
      31      36      31  830560.5 2074574.8
      32      36      32  830557.3 2074570.9
      33      36      33  830554.2 2074567.0
      34      36      34  830551.1 2074563.0
      35      36      35  830547.9 2074559.1
      36      36      36  830544.8 2074555.3
      37      36      37  830541.6 2074551.3
      38      36      38  830538.4 2074547.4
      39      36      39  830535.3 2074543.5
      40      36      40  830532.1 2074539.5
      41      36      41  830529.0 2074535.6
      42      36      42  830525.9 2074531.8
      43      36      43  830522.7 2074527.8
      44      36      44  830519.6 2074523.9
      45      36      45  830516.4 2074520.0
      46      36      46  830513.3 2074516.0
      47      36      47  830510.1 2074512.1
      48      36      48  830507.0 2074508.3
      49      36      49  830503.8 2074504.3
      50      36      50  830500.7 2074500.4
      51      36      51  830497.6 2074496.5
      52      36      52  830494.4 2074492.5
      53      36      53  830491.3 2074488.8
      54      36      54  830488.1 2074484.8
      55      36      55  830484.9 2074480.8
      56      36      56  830481.8 2074477.0
      57      36      57  830478.7 2074473.0
      58      36      58  830475.5 2074469.0
      59      36      59  830472.4 2074465.3
      60      36      60  830469.2 2074461.3
      61      36      61  830466.1 2074457.3
      62      36      62  830462.9 2074453.5
      63      36      63  830459.8 2074449.5
      64      36      64  830456.6 2074445.5
      65      36      65  830453.5 2074441.8
      66      36      66  830450.3 2074437.8
      67      36      67  830447.2 2074433.9
      68      36      68  830444.1 2074430.0
      69      36      69  830440.9 2074426.0
      70      36      70  830437.8 2074422.1
      71      36      71  830434.6 2074418.3
      72      36      72  830431.4 2074414.3
      73      36      73  830428.3 2074410.4
      74      36      74  830425.2 2074406.5
      75      36      75  830422.0 2074402.5
      76      36      76  830418.9 2074398.6
      77      36      77  830415.8 2074394.8
      78      36      78  830412.6 2074390.8
      79      36      79  830409.4 2074386.9
      80      36      80  830406.3 2074383.0
      81      36      81  830403.1 2074379.0
      82      36      82  830400.0 2074375.1
      83      36      83  830396.8 2074371.3
      84      36      84  830393.7 2074367.3
      85      36      85  830390.6 2074363.4
      86      36      86  830387.4 2074359.5
      87      36      87  830384.3 2074355.5
      88      36      88  830381.1 2074351.8
      89      36      89  830377.9 2074347.8
      90      36      90  830374.8 2074343.8
      91      36      91  830371.7 2074340.0
      92      36      92  830368.5 2074336.0
      93      36      93  830365.4 2074332.0
      94      36      94  830362.3 2074328.3
      95      36      95  830359.1 2074324.3
      96      36      96  830355.9 2074320.3
      97      36      97  830352.8 2074316.5
      98      36      98  830349.6 2074312.5
      99      36      99  830346.5 2074308.5
     100      36     100  830343.4 2074304.8
     101      36     101  830340.2 2074300.8
     102      36     102  830337.1 2074296.8
     103      36     103  830333.9 2074293.0
     104      36     104  830330.8 2074289.0
     105      36     105  830327.6 2074285.1
     106      36     106  830324.4 2074281.1
     107      36     107  830321.3 2074277.3
     108      36     108  830318.2 2074273.4
     109      36     109  830315.0 2074269.4
     110      36     110  830311.9 2074265.5
     111      36     111  830308.8 2074261.6
     112      36     112  830305.6 2074257.6
     113      36     113  830302.4 2074253.8
     114      36     114  830299.3 2074249.9
     115      36     115  830296.1 2074246.0
     116      36     116  830293.0 2074242.0
     117      36     117  830289.9 2074238.1
     118      36     118  830286.7 2074234.3
     119      36     119  830283.6 2074230.3
     120      36     120  830280.4 2074226.4
     121      36     121  830277.3 2074222.5
     122      36     122  830274.1 2074218.5
     123      36     123  830271.0 2074214.6
     124      36     124  830267.8 2074210.8
     125      36     125  830264.7 2074206.8
     126      36     126  830261.6 2074203.0
     127      36     127  830258.4 2074199.0
     128      36     128  830255.3 2074195.0
     129      36     129  830252.1 2074191.0
     130      36     130  830248.9 2074187.3
     131      36     131  830245.8 2074183.3
     132      36     132  830242.6 2074179.4
     133      36     133  830239.5 2074175.5
     134      36     134  830236.4 2074171.5
     135      36     135  830233.2 2074167.6
     136      36     136  830230.1 2074163.8
     137      36     137  830226.9 2074159.8
     138      36     138  830223.8 2074155.9
     139      36     139  830220.6 2074152.0
     140     108       1  830444.8 2073818.6
     141     108       2  830439.9 2073817.6
     142     108       3  830435.0 2073816.6
     143     108       4  830430.1 2073815.5
     144     108       5  830425.1 2073814.5
     145     108       6  830420.3 2073813.5
     146     108       7  830415.3 2073812.4
     147     108       8  830410.4 2073811.4
     148     108       9  830405.5 2073810.3
     149     108      10  830400.6 2073809.3
     150     108      11  830395.6 2073808.3
     151     108      12  830390.8 2073807.1
     152     108      13  830385.8 2073806.1
     153     108      14  830380.9 2073805.0
     154     108      15  830376.0 2073804.0
     155     108      16  830371.1 2073803.0
     156     108      17  830366.1 2073801.9
     157     108      18  830361.3 2073800.9
     158     108      19  830356.3 2073799.9
     159     108      20  830351.4 2073798.8
     160     108      21  830346.5 2073797.8
     161     108      22  830341.6 2073796.8
     162     108      23  830336.6 2073795.6
     163     108      24  830331.7 2073794.6
     164     108      25  830326.8 2073793.5
     165     108      26  830321.9 2073792.5
     166     108      27  830316.9 2073791.5
     167     108      28  830312.1 2073790.4
     168     108      29  830307.1 2073789.4
     169     108      30  830302.2 2073788.3
     170     108      31  830297.3 2073787.3
     171     108      32  830292.4 2073786.3
     172     108      33  830287.4 2073785.1
     173     108      34  830282.6 2073784.1
     174     108      35  830277.6 2073783.1
     175     108      36  830272.7 2073782.0
     176     108      37  830267.8 2073781.0
     177     108      38  830262.9 2073780.0
     178     108      39  830257.9 2073778.9
     179     108      40  830253.1 2073777.9
     180     108      41  830248.1 2073776.8
     181     108      42  830243.2 2073775.8
     182     108      43  830238.3 2073774.8
     183     108      44  830233.4 2073773.6
     184     108      45  830228.4 2073772.6
     185     108      46  830223.6 2073771.6
     186     108      47  830218.6 2073770.5
     187     108      48  830213.7 2073769.5
     188     108      49  830208.8 2073768.5
     189     108      50  830203.9 2073767.4
     190     108      51  830198.9 2073766.4
     191     108      52  830194.1 2073765.3
     192     108      53  830189.1 2073764.3
     193     108      54  830184.2 2073763.3
     194     108      55  830179.3 2073762.1
     195     108      56  830174.4 2073761.1
     196     108      57  830169.4 2073760.0
     197     108      58  830164.6 2073759.0
     198     108      59  830159.6 2073758.0
     199     108      60  830154.7 2073756.9
     200     108      61  830149.8 2073755.9
     201     108      62  830144.9 2073754.9
     202     108      63  830139.9 2073753.8
     203     108      64  830135.0 2073752.8
     204     108      65  830130.1 2073751.8
     205     108      66  830125.2 2073750.6
     206     108      67  830120.3 2073749.6
     207     108      68  830115.4 2073748.5
     208     108      69  830110.4 2073747.5
     209     108      70  830105.5 2073746.5
     210     108      71  830100.6 2073745.4
     211     108      72  830095.7 2073744.4
     212     108      73  830090.8 2073743.3
     213     108      74  830085.9 2073742.3
     214     108      75  830080.9 2073741.3
     215     108      76  830076.0 2073740.1
     216     108      77  830071.1 2073739.1
     217     108      78  830066.2 2073738.1
     218     108      79  830061.3 2073737.0
     219     108      80  830056.4 2073736.0
     220     108      81  830051.4 2073735.0
     221     108      82  830046.5 2073733.9
     222     108      83  830041.6 2073732.9
     223     108      84  830036.7 2073731.8
     224     108      85  830031.8 2073730.8
     225     108      86  830026.9 2073729.8
     226     108      87  830021.9 2073728.6
     227     108      88  830017.0 2073727.6
     228     108      89  830012.1 2073726.5
     229     108      90  830007.2 2073725.5
     230     108      91  830002.3 2073724.5
     231     108      92  829997.4 2073723.4
     232     108      93  829992.4 2073722.4
     233     108      94  829987.5 2073721.4
     234     108      95  829982.6 2073720.3
     235     108      96  829977.7 2073719.3
     236     108      97  829972.8 2073718.3
     237     108      98  829967.9 2073717.1
     238     108      99  829962.9 2073716.1
     239     108     100  829958.0 2073715.0
     240     108     101  829953.1 2073714.0
     241     108     102  829948.2 2073713.0
     242     108     103  829943.3 2073711.9
     243     108     104  829938.3 2073710.9
     244     108     105  829933.4 2073709.8
     245     108     106  829928.5 2073708.8
     246     108     107  829923.6 2073707.8
     247     108     108  829918.7 2073706.6
     248     108     109  829913.8 2073705.6
     249     108     110  829908.8 2073704.6
     250     108     111  829903.9 2073703.5
     251     108     112  829899.0 2073702.5
     252     108     113  829894.1 2073701.5
     253     108     114  829889.2 2073700.4
     254     108     115  829884.3 2073699.4
     255     108     116  829879.3 2073698.3
     256     108     117  829874.4 2073697.3
     257     108     118  829869.5 2073696.3
     258     108     119  829864.6 2073695.1
     259     108     120  829859.7 2073694.1
     260     108     121  829854.8 2073693.0
     261     108     122  829849.8 2073692.0
     262     108     123  829844.9 2073691.0
     263     108     124  829840.0 2073689.9
     264     318       1  830220.6 2074152.0
     265     318       2  830217.4 2074148.0
     266     318       3  830214.3 2074144.3
     267     318       4  830211.0 2074140.3
     268     318       5  830207.8 2074136.4
     269     318       6  830204.6 2074132.5
     270     318       7  830201.4 2074128.6
     271     318       8  830198.3 2074124.8
     272     318       9  830195.1 2074120.9
     273     318      10  830191.8 2074117.0
     274     318      11  830188.6 2074113.0
     275     318      12  830185.4 2074109.3
     276     318      13  830182.3 2074105.3
     277     318      14  830179.1 2074101.5
     278     318      15  830175.9 2074097.6
     279     318      16  830172.6 2074093.6
     280     318      17  830169.4 2074089.8
     281     318      18  830166.3 2074086.0
     282     318      19  830163.1 2074082.0
     283     318      20  830159.9 2074078.3
     284     318      21  830156.6 2074074.3
     285     318      22  830153.4 2074070.4
     286     318      23  830150.3 2074066.5
     287     318      24  830147.1 2074062.6
     288     318      25  830143.9 2074058.8
     289     318      26  830140.7 2074054.9
     290     318      27  830137.4 2074051.0
     291     318      28  830134.3 2074047.0
     292     318      29  830131.1 2074043.3
     293     318      30  830127.9 2074039.3
     294     318      31  830124.7 2074035.5
     295     318      32  830121.5 2074031.5
     296     318      33  830118.3 2074027.6
     297     318      34  830115.1 2074023.8
     298     318      35  830111.9 2074019.9
     299     318      36  830108.7 2074016.0
     300     318      37  830105.5 2074012.1
     301     318      38  830102.3 2074008.3
     302     318      39  830099.1 2074004.3
     303     318      40  830095.9 2074000.5
     304     318      41  830092.7 2073996.6
     305     318      42  830089.5 2073992.8
     306     318      43  830086.3 2073988.9
     307     318      44  830083.1 2073985.0
     308     318      45  830079.9 2073981.0
     309     318      46  830076.7 2073977.3
     310     318      47  830073.5 2073973.3
     311     318      48  830070.3 2073969.5
     312     318      49  830067.1 2073965.5
     313     318      50  830063.9 2073961.6
     314     318      51  830060.7 2073957.8
     315     318      52  830057.5 2073953.9
     316     318      53  830054.3 2073950.0
     317     318      54  830051.1 2073946.1
     318     318      55  830047.9 2073942.3
     319     318      56  830044.7 2073938.3
     320     318      57  830041.5 2073934.5
     321     318      58  830038.3 2073930.5
     322     318      59  830035.1 2073926.8
     323     318      60  830031.9 2073922.8
     324     318      61  830028.7 2073918.9
     325     318      62  830025.5 2073915.0
     326     318      63  830022.3 2073911.1
     327     318      64  830019.1 2073907.3
     328     318      65  830015.9 2073903.5
     329     318      66  830012.8 2073899.5
     330     318      67  830009.5 2073895.6
     331     318      68  830006.3 2073891.8
     332     318      69  830003.1 2073887.9
     333     318      70  829999.9 2073884.0
     334     318      71  829996.8 2073880.1
     335     318      72  829993.5 2073876.3
     336     318      73  829990.3 2073872.3
     337     318      74  829987.1 2073868.5
     338     318      75  829983.9 2073864.5
     339     318      76  829980.8 2073860.8
     340     318      77  829977.6 2073856.8
     341     318      78  829974.3 2073852.9
     342     318      79  829971.1 2073849.0
     343     318      80  829967.9 2073845.1
     344     318      81  829964.8 2073841.3
     345     318      82  829961.6 2073837.4
     346     318      83  829958.4 2073833.5
     347     318      84  829955.1 2073829.5
     348     318      85  829951.9 2073825.8
     349     318      86  829948.8 2073821.8
     350     318      87  829945.6 2073818.0
     351     318      88  829942.4 2073814.1
     352     318      89  829939.1 2073810.1
     353     318      90  829935.9 2073806.3
     354     318      91  829932.8 2073802.5
     355     318      92  829929.6 2073798.5
     356     318      93  829926.4 2073794.8
     357     318      94  829923.2 2073790.8
     358     318      95  829919.9 2073786.9
     359     318      96  829916.8 2073783.0
     360     318      97  829913.6 2073779.1
     361     318      98  829910.4 2073775.3
     362     318      99  829907.2 2073771.4
     363     318     100  829904.0 2073767.5
     364     318     101  829900.8 2073763.5
     365     318     102  829897.6 2073759.8
     366     318     103  829894.4 2073755.8
     367     318     104  829891.2 2073752.0
     368     318     105  829888.0 2073748.0
     369     318     106  829884.8 2073744.1
     370     318     107  829881.6 2073740.3
     371     318     108  829878.4 2073736.4
     372     318     109  829875.2 2073732.5
     373     318     110  829872.0 2073728.6
     374     318     111  829868.8 2073724.8
     375     318     112  829865.6 2073720.8
     376     318     113  829862.4 2073717.0
     377     318     114  829859.2 2073713.1
     378     318     115  829856.0 2073709.3
     379     318     116  829852.8 2073705.4
     380     318     117  829849.6 2073701.5
     381     318     118  829846.4 2073697.5
     382     318     119  829843.2 2073693.8
     383     318     120  829840.0 2073689.8
     384     379       1  831368.5 2073986.1
     385     379       2  831363.5 2073985.5
     386     379       3  831358.6 2073984.8
     387     379       4  831353.6 2073984.0
     388     379       5  831348.6 2073983.4
     389     379       6  831343.6 2073982.6
     390     379       7  831338.6 2073981.9
     391     379       8  831333.6 2073981.3
     392     379       9  831328.7 2073980.5
     393     379      10  831323.7 2073979.8
     394     379      11  831318.7 2073979.0
     395     379      12  831313.8 2073978.4
     396     379      13  831308.8 2073977.6
     397     379      14  831303.8 2073976.9
     398     379      15  831298.8 2073976.3
     399     379      16  831293.8 2073975.5
     400     379      17  831288.8 2073974.8
     401     379      18  831283.9 2073974.1
     402     379      19  831278.9 2073973.4
     403     379      20  831273.9 2073972.6
     404     379      21  831268.9 2073972.0
     405     379      22  831263.9 2073971.3
     406     379      23  831259.0 2073970.5
     407     379      24  831254.0 2073969.8
     408     379      25  831249.0 2073969.1
     409     379      26  831244.1 2073968.4
     410     379      27  831239.1 2073967.6
     411     379      28  831234.1 2073967.0
     412     379      29  831229.1 2073966.3
     413     379      30  831224.1 2073965.5
     414     379      31  831219.1 2073964.9
     415     379      32  831214.2 2073964.1
     416     379      33  831209.2 2073963.4
     417     379      34  831204.2 2073962.8
     418     379      35  831199.3 2073962.0
     419     379      36  831194.3 2073961.3
     420     379      37  831189.3 2073960.5
     421     379      38  831184.3 2073959.9
     422     379      39  831179.3 2073959.1
     423     379      40  831174.3 2073958.4
     424     379      41  831169.4 2073957.8
     425     379      42  831164.4 2073957.0
     426     379      43  831159.4 2073956.3
     427     379      44  831154.4 2073955.6
     428     379      45  831149.4 2073954.9
     429     379      46  831144.4 2073954.1
     430     379      47  831139.5 2073953.5
     431     379      48  831134.5 2073952.8
     432     379      49  831129.5 2073952.0
     433     379      50  831124.6 2073951.4
     434     379      51  831119.6 2073950.6
     435     379      52  831114.6 2073949.9
     436     379      53  831109.6 2073949.3
     437     379      54  831104.6 2073948.5
     438     379      55  831099.6 2073947.8
     439     379      56  831094.7 2073947.0
     440     379      57  831089.7 2073946.4
     441     379      58  831084.7 2073945.6
     442     379      59  831079.8 2073944.9
     443     379      60  831074.8 2073944.3
     444     379      61  831069.8 2073943.5
     445     379      62  831064.8 2073942.8
     446     379      63  831059.8 2073942.1
     447     379      64  831054.9 2073941.4
     448     379      65  831049.9 2073940.6
     449     379      66  831044.9 2073940.0
     450     379      67  831039.9 2073939.3
     451     379      68  831034.9 2073938.5
     452     379      69  831029.9 2073937.8
     453     379      70  831025.0 2073937.1
     454     379      71  831020.0 2073936.4
     455     379      72  831015.0 2073935.6
     456     379      73  831010.1 2073935.0
     457     379      74  831005.1 2073934.3
     458     379      75  831000.1 2073933.5
     459     379      76  830995.1 2073932.9
     460     379      77  830990.1 2073932.1
     461     379      78  830985.1 2073931.4
     462     379      79  830980.2 2073930.8
     463     379      80  830975.2 2073930.0
     464     379      81  830970.2 2073929.3
     465     379      82  830965.3 2073928.5
     466     379      83  830960.3 2073927.9
     467     379      84  830955.3 2073927.1
     468     379      85  830950.3 2073926.4
     469     379      86  830945.3 2073925.8
     470     379      87  830940.3 2073925.0
     471     379      88  830935.4 2073924.3
     472     379      89  830930.4 2073923.6
     473     379      90  830925.4 2073922.9
     474     379      91  830920.4 2073922.1
     475     379      92  830915.4 2073921.5
     476     379      93  830910.4 2073920.8
     477     379      94  830905.5 2073920.0
     478     379      95  830900.5 2073919.3
     479     379      96  830895.5 2073918.6
     480     379      97  830890.6 2073917.9
     481     379      98  830885.6 2073917.1
     482     379      99  830880.6 2073916.5
     483     379     100  830875.6 2073915.8
     484     379     101  830870.6 2073915.0
     485     379     102  830865.7 2073914.4
     486     379     103  830860.7 2073913.6
     487     379     104  830855.7 2073912.9
     488     379     105  830850.8 2073912.3
     489     379     106  830845.8 2073911.5
     490     379     107  830840.8 2073910.8
     491     379     108  830835.8 2073910.1
     492     379     109  830830.8 2073909.4
     493     379     110  830825.8 2073908.6
     494     379     111  830820.9 2073908.0
     495     379     112  830815.9 2073907.3
     496     379     113  830810.9 2073906.5
     497     379     114  830805.9 2073905.8
     498     379     115  830800.9 2073905.1
     499     379     116  830795.9 2073904.4
     500     379     117  830791.0 2073903.6
     501     379     118  830786.0 2073903.0
     502     379     119  830781.0 2073902.3
     503     379     120  830776.1 2073901.5
     504     379     121  830771.1 2073900.9
     505     379     122  830766.1 2073900.1
     506     379     123  830761.1 2073899.4
     507     379     124  830756.1 2073898.6
     508     379     125  830751.1 2073898.0
     509     379     126  830746.2 2073897.3
     510     379     127  830741.2 2073896.5
     511     379     128  830736.2 2073895.9
     512     379     129  830731.3 2073895.1
     513     379     130  830726.3 2073894.4
     514     379     131  830721.3 2073893.8
     515     379     132  830716.3 2073893.0
     516     379     133  830711.3 2073892.3
     517     379     134  830706.3 2073891.5
     518     379     135  830701.4 2073890.9
     519     379     136  830696.4 2073890.1
     520     379     137  830691.4 2073889.5
     521     379     138  830686.4 2073888.8
     522     379     139  830681.4 2073888.0
     523     379     140  830676.5 2073887.3
     524     379     141  830671.5 2073886.6
     525     379     142  830666.5 2073885.9
     526     379     143  830661.6 2073885.1
     527     379     144  830656.6 2073884.5
     528     379     145  830651.6 2073883.8
     529     379     146  830646.6 2073883.0
     530     379     147  830641.6 2073882.4
     531     379     148  830636.6 2073881.6
     532     379     149  830631.7 2073880.9
     533     379     150  830626.7 2073880.3
     534     379     151  830621.7 2073879.5
     535     379     152  830616.8 2073878.8
     536     379     153  830611.8 2073878.0
     537     379     154  830606.8 2073877.4
     538     379     155  830601.8 2073876.6
     539     379     156  830596.8 2073875.9
     540     380       1  830596.8 2073875.9
     541     380       2  830592.1 2073874.1
     542     380       3  830587.3 2073872.4
     543     380       4  830582.6 2073870.5
     544     380       5  830577.8 2073868.8
     545     380       6  830573.1 2073867.0
     546     380       7  830568.3 2073865.3
     547     380       8  830563.6 2073863.4
     548     380       9  830558.8 2073861.6
     549     380      10  830554.1 2073859.8
     550     380      11  830549.3 2073858.0
     551     380      12  830544.6 2073856.3
     552     380      13  830539.8 2073854.5
     553     380      14  830535.1 2073852.6
     554     380      15  830530.3 2073850.9
     555     380      16  830525.6 2073849.0
     556     380      17  830520.8 2073847.3
     557     380      18  830516.1 2073845.5
     558     380      19  830511.3 2073843.8
     559     380      20  830506.6 2073841.9
     560     380      21  830501.8 2073840.1
     561     380      22  830497.1 2073838.4
     562     380      23  830492.3 2073836.5
     563     380      24  830487.6 2073834.8
     564     380      25  830482.8 2073833.0
     565     380      26  830478.1 2073831.3
     566     380      27  830473.3 2073829.4
     567     380      28  830468.6 2073827.6
     568     380      29  830463.8 2073825.8
     569     380      30  830459.1 2073824.0
     570     380      31  830454.3 2073822.3
     571     380      32  830449.6 2073820.5
     572     380      33  830444.8 2073818.6
     573     835       1  830220.6 2074152.0
     574     835       2  830225.2 2074150.0
     575     835       3  830229.8 2074148.0
     576     835       4  830234.4 2074146.0
     577     835       5  830239.0 2074144.0
     578     835       6  830243.6 2074142.0
     579     835       7  830248.2 2074140.0
     580     835       8  830252.8 2074138.1
     581     835       9  830257.4 2074136.1
     582     835      10  830261.9 2074134.1
     583     835      11  830266.6 2074132.1
     584     835      12  830271.1 2074130.1
     585     835      13  830275.7 2074128.1
     586     835      14  830280.3 2074126.1
     587     835      15  830284.9 2074124.3
     588     835      16  830289.5 2074122.3
     589     835      17  830294.1 2074120.3
     590     835      18  830298.7 2074118.3
     591     835      19  830303.3 2074116.3
     592     835      20  830307.9 2074114.3
     593     835      21  830312.4 2074112.3
     594     835      22  830317.1 2074110.3
     595     835      23  830321.6 2074108.3
     596     835      24  830326.2 2074106.3
     597     835      25  830330.8 2074104.3
     598     835      26  830335.4 2074102.4
     599     835      27  830340.0 2074100.4
     600     835      28  830344.6 2074098.4
     601     835      29  830349.2 2074096.4
     602     835      30  830353.8 2074094.4
     603     835      31  830358.4 2074092.4
     604     835      32  830362.9 2074090.4
     605     835      33  830367.6 2074088.4
     606     835      34  830372.1 2074086.5
     607     835      35  830376.7 2074084.5
     608     835      36  830381.3 2074082.5
     609     835      37  830385.9 2074080.5
     610     835      38  830390.5 2074078.5
     611     835      39  830395.1 2074076.5
     612     835      40  830399.7 2074074.5
     613     835      41  830404.3 2074072.5
     614     835      42  830408.9 2074070.5
     615     835      43  830413.4 2074068.5
     616     835      44  830418.1 2074066.5
     617     835      45  830422.6 2074064.6
     618     836       1  830422.6 2074064.5
     619     836       2  830421.8 2074059.5
     620     836       3  830420.9 2074054.5
     621     836       4  830420.0 2074049.5
     622     836       5  830419.1 2074044.5
     623     836       6  830418.3 2074039.5
     624     836       7  830417.4 2074034.5
     625     836       8  830416.5 2074029.5
     626     836       9  830415.6 2074024.0
     627     836      10  830414.7 2074019.0
     628     836      11  830413.8 2074014.0
     629     836      12  830412.9 2074009.0
     630     836      13  830412.1 2074004.0
     631     836      14  830411.2 2073999.0
     632     836      15  830410.3 2073994.0
     633     836      16  830409.4 2073989.0
     634     836      17  830408.6 2073984.0
     635     836      18  830407.7 2073979.0
     636     836      19  830406.8 2073974.0
     637     836      20  830405.9 2073969.0
     638     836      21  830405.1 2073964.0
     639     836      22  830404.1 2073958.5
     640     836      23  830403.3 2073953.5
     641     836      24  830402.4 2073948.5
     642     836      25  830401.5 2073943.5
     643     836      26  830400.6 2073938.5
     644     836      27  830399.8 2073933.5
     645     836      28  830398.9 2073928.5
     646     836      29  830398.0 2073923.5
     647     837       1  830398.0 2073924.0
     648     837       2  830400.1 2073919.4
     649     837       3  830402.1 2073914.9
     650     837       4  830404.1 2073910.1
     651     837       5  830406.1 2073905.6
     652     837       6  830408.2 2073901.0
     653     837       7  830410.2 2073896.5
     654     837       8  830412.3 2073891.9
     655     837       9  830414.3 2073887.3
     656     837      10  830416.3 2073882.8
     657     837      11  830418.4 2073878.1
     658     837      12  830420.4 2073873.6
     659     837      13  830422.4 2073869.0
     660     837      14  830424.4 2073864.5
     661     837      15  830426.5 2073859.9
     662     837      16  830428.5 2073855.4
     663     837      17  830430.6 2073850.6
     664     837      18  830432.6 2073846.0
     665     837      19  830434.6 2073841.5
     666     837      20  830436.7 2073836.9
     667     837      21  830438.7 2073832.4
     668     837      22  830440.8 2073827.8
     669     837      23  830442.8 2073823.3
     670     837      24  830444.8 2073818.6
     671     849       1  830744.1 2075436.0
     672     849       2  830743.8 2075431.0
     673     849       3  830743.4 2075425.0
     674     849       4  830743.1 2075421.0
     675     849       5  830742.8 2075416.0
     676     849       6  830742.4 2075410.0
     677     849       7  830742.1 2075406.0
     678     849       8  830741.8 2075401.0
     679     849       9  830741.4 2075395.0
     680     849      10  830741.1 2075391.0
     681     849      11  830740.8 2075386.0
     682     849      12  830740.4 2075380.0
     683     849      13  830740.1 2075376.0
     684     849      14  830739.8 2075370.0
     685     849      15  830739.4 2075365.0
     686     849      16  830739.1 2075361.0
     687     849      17  830738.8 2075355.0
     688     849      18  830738.4 2075351.0
     689     849      19  830738.1 2075346.0
     690     849      20  830737.8 2075340.0
     691     849      21  830737.4 2075336.0
     692     849      22  830737.1 2075331.0
     693     849      23  830736.8 2075325.0
     694     849      24  830736.4 2075321.0
     695     849      25  830736.1 2075316.0
     696     849      26  830735.8 2075310.0
     697     849      27  830735.4 2075306.0
     698     849      28  830735.1 2075301.0
     699     849      29  830734.8 2075295.0
     700     849      30  830734.4 2075291.0
     701     849      31  830734.1 2075286.0
     702     849      32  830733.8 2075280.0
     703     849      33  830733.4 2075276.0
     704     849      34  830733.1 2075271.0
     705     849      35  830732.8 2075265.0
     706     849      36  830732.4 2075261.0
     707     849      37  830732.1 2075256.0
     708     849      38  830731.8 2075250.0
     709     849      39  830731.4 2075246.0
     710     849      40  830731.1 2075240.0
     711     849      41  830730.8 2075235.0
     712     849      42  830730.4 2075231.0
     713     849      43  830730.1 2075225.0
     714     849      44  830729.8 2075221.0
     715     849      45  830729.4 2075216.0
     716     849      46  830729.1 2075210.0
     717     849      47  830728.8 2075206.0
     718     849      48  830728.4 2075201.0
     719     849      49  830728.1 2075195.0
     720     849      50  830727.8 2075191.0
     721     849      51  830727.4 2075186.0
     722     849      52  830727.1 2075180.0
     723     849      53  830726.8 2075176.0
     724     849      54  830726.4 2075171.0
     725     849      55  830726.1 2075165.0
     726     849      56  830725.8 2075161.0
     727     849      57  830725.4 2075156.0
     728     849      58  830725.1 2075150.0
     729     849      59  830724.8 2075146.0
     730     849      60  830724.4 2075141.0
     731     849      61  830724.1 2075135.0
     732     849      62  830723.8 2075131.0
     733     849      63  830723.4 2075125.0
     734     849      64  830723.1 2075120.0
     735     849      65  830722.8 2075116.0
     736     849      66  830722.4 2075110.0
     737     849      67  830722.1 2075105.0
     738     849      68  830721.8 2075101.0
     739     849      69  830721.4 2075095.0
     740     849      70  830721.1 2075091.0
     741     849      71  830720.8 2075086.0
     742     849      72  830720.4 2075080.0
     743     849      73  830720.1 2075076.0
     744     849      74  830719.8 2075071.0
     745     849      75  830719.4 2075065.0
     746     849      76  830719.1 2075061.0
     747     849      77  830718.8 2075056.0
     748     849      78  830718.4 2075050.0
     749     849      79  830718.1 2075046.0
     750     849      80  830717.8 2075041.0
     751     849      81  830717.4 2075035.0
     752     849      82  830717.1 2075031.0
     753     849      83  830716.8 2075026.0
     754     849      84  830716.4 2075020.0
     755     849      85  830716.1 2075016.0
     756     849      86  830715.8 2075011.0
     757     849      87  830715.4 2075005.0
     758     849      88  830715.1 2075001.0
     759     849      89  830714.7 2074995.0
     760     849      90  830714.4 2074990.0
     761     849      91  830714.1 2074986.0
     762     849      92  830713.7 2074980.0
     763     849      93  830713.4 2074975.0
     764     849      94  830713.1 2074971.0
     765     849      95  830712.7 2074965.0
     766     849      96  830712.4 2074961.0
     767     849      97  830712.1 2074956.0
     768     849      98  830711.7 2074950.0
     769     849      99  830711.4 2074946.0
     770     849     100  830711.1 2074941.0
     771     849     101  830710.7 2074935.0
     772     849     102  830710.4 2074931.0
     773     849     103  830710.1 2074926.0
     774     849     104  830709.7 2074920.0
     775     849     105  830709.4 2074916.0
     776     849     106  830709.1 2074911.0
     777     849     107  830708.7 2074905.0
     778     849     108  830708.4 2074901.0
     779     849     109  830708.1 2074896.0
     780     849     110  830707.7 2074890.0
     781     849     111  830707.4 2074886.0
     782     849     112  830707.1 2074881.0
     783     849     113  830706.7 2074875.0
     784     849     114  830706.4 2074871.0
     785     849     115  830706.0 2074865.0
     786     849     116  830705.7 2074860.0
     787     849     117  830705.4 2074856.0
     788     849     118  830705.0 2074850.0
     789     849     119  830704.7 2074845.0
     790     849     120  830704.4 2074841.0
     791     849     121  830704.0 2074835.0
     792     849     122  830703.7 2074830.0
     793     849     123  830703.4 2074826.0
     794     849     124  830703.0 2074820.0
     795     849     125  830702.7 2074816.0
     796     850       1  830702.7 2074816.3
     797     850       2  830700.9 2074811.5
     798     850       3  830699.0 2074806.5
     799     850       4  830697.2 2074801.8
     800     850       5  830695.3 2074797.0
     801     850       6  830693.5 2074792.3
     802     850       7  830691.6 2074787.5
     803     850       8  830689.8 2074782.8
     804     850       9  830688.0 2074778.0
     805     850      10  830686.1 2074773.3
     806     850      11  830684.3 2074768.5
     807     850      12  830682.4 2074763.5
     808     850      13  830680.6 2074759.0
     809     850      14  830678.8 2074754.0
     810     850      15  830676.9 2074749.3
     811     850      16  830675.1 2074744.8
     812     850      17  830673.3 2074739.8
     813     850      18  830671.4 2074735.0
     814     850      19  830669.6 2074730.3
     815     850      20  830667.8 2074725.5
     816     850      21  830665.9 2074720.8
     817     850      22  830664.1 2074716.0
     818     850      23  830662.3 2074711.3
     819     850      24  830660.4 2074706.5
     820     850      25  830658.6 2074701.8
     821     850      26  830656.7 2074696.8
     822     850      27  830654.9 2074692.3
     823     943       1  830654.9 2074692.1
     824     943       2  830659.1 2074689.5
     825     943       3  830663.4 2074686.9
     826     943       4  830667.7 2074684.1
     827     943       5  830671.9 2074681.5
     828     943       6  830676.2 2074678.8
     829     943       7  830680.4 2074676.1
     830     943       8  830684.8 2074673.4
     831     943       9  830689.0 2074670.8
     832     943      10  830693.3 2074668.1
     833     943      11  830697.5 2074665.4
     834     943      12  830701.8 2074662.8
     835     943      13  830706.1 2074660.0
     836     943      14  830710.3 2074657.4
     837     943      15  830714.6 2074654.8
     838     943      16  830718.8 2074652.0
     839     943      17  830723.1 2074649.4
     840     943      18  830727.4 2074646.6
     841     943      19  830731.6 2074644.0
     842     943      20  830735.9 2074641.4
     843     943      21  830740.1 2074638.6
     844     943      22  830744.4 2074636.0
     845     943      23  830748.7 2074633.3
     846     943      24  830752.9 2074630.6
     847     943      25  830757.2 2074628.0
     848     943      26  830761.5 2074625.3
     849     943      27  830765.8 2074622.6
     850     943      28  830770.0 2074619.9
     851    1006       1  830220.6 2074152.0
     852    1006       2  830216.1 2074154.3
     853    1006       3  830211.5 2074156.5
     854    1006       4  830206.9 2074158.6
     855    1006       5  830202.4 2074160.8
     856    1006       6  830197.8 2074163.0
     857    1006       7  830193.3 2074165.3
     858    1006       8  830188.7 2074167.4
     859    1006       9  830184.1 2074169.5
     860    1006      10  830179.6 2074171.8
     861    1006      11  830175.0 2074174.0
     862    1006      12  830170.4 2074176.1
     863    1006      13  830165.9 2074178.3
     864    1006      14  830161.3 2074180.5
     865    1006      15  830156.7 2074182.8
     866    1006      16  830152.1 2074185.0
     867    1006      17  830147.6 2074187.1
     868    1006      18  830143.0 2074189.3
     869    1006      19  830138.4 2074191.5
     870    1006      20  830133.9 2074193.8
     871    1006      21  830129.3 2074195.9
     872    1006      22  830124.8 2074198.0
     873    1006      23  830120.2 2074200.3
     874    1006      24  830115.6 2074202.5
     875    1006      25  830111.1 2074204.6
     876    1006      26  830106.5 2074206.8
     877    1006      27  830101.9 2074209.0
     878    1006      28  830097.4 2074211.3
     879    1006      29  830092.8 2074213.4
     880    1006      30  830088.3 2074215.5
     881    1006      31  830083.7 2074217.8
     882    1006      32  830079.1 2074220.0
     883    1006      33  830074.6 2074222.1
     884    1006      34  830070.0 2074224.3
     885    1006      35  830065.4 2074226.5
     886    1006      36  830060.9 2074228.8
     887    1006      37  830056.3 2074230.9
     888    1006      38  830051.8 2074233.0
     889    1006      39  830047.2 2074235.3
     890    1006      40  830042.6 2074237.5
     891    1006      41  830038.0 2074239.8
     892    1006      42  830033.4 2074241.9
     893    1006      43  830028.9 2074244.0
     894    1006      44  830024.3 2074246.3
     895    1006      45  830019.8 2074248.5
     896    1006      46  830015.2 2074250.6
     897    1006      47  830010.6 2074252.8
     898    1006      48  830006.1 2074255.0
     899    1006      49  830001.5 2074257.3
     900    1006      50  829996.9 2074259.4
     901    1006      51  829992.4 2074261.5
     902    1006      52  829987.8 2074263.8
     903    1006      53  829983.3 2074266.0
     904    1006      54  829978.7 2074268.1
     905    1006      55  829974.1 2074270.3
     906    1006      56  829969.6 2074272.5
     907    1006      57  829965.0 2074274.8
     908    1006      58  829960.4 2074276.9
     909    1006      59  829955.9 2074279.0
     910    1006      60  829951.3 2074281.3
     911    1006      61  829946.8 2074283.5
     912    1006      62  829942.2 2074285.6
     913    1006      63  829937.6 2074287.8
     914    1006      64  829933.1 2074290.0
     915    1006      65  829928.5 2074292.3
     916    1006      66  829923.9 2074294.4
     917    1006      67  829919.3 2074296.6
     918    1006      68  829914.8 2074298.8
     919    1006      69  829910.2 2074301.0
     920    1006      70  829905.6 2074303.3
     921    1006      71  829901.1 2074305.4
     922    1006      72  829896.5 2074307.5
     923    1006      73  829891.9 2074309.8
     924    1006      74  829887.4 2074312.0
     925    1006      75  829882.8 2074314.1
     926    1006      76  829878.3 2074316.3
     927    1006      77  829873.7 2074318.5
     928    1006      78  829869.1 2074320.8
     929    1006      79  829864.6 2074322.9
     930    1006      80  829860.0 2074325.0
     931    1007       1  829860.0       NaN
     932    1007       2  829860.0       NaN
     933    1007       3  829860.0       NaN
     934    1007       4  829860.0       NaN
     935    1007       5  829860.0       NaN
     936    1007       6  829860.0       NaN
     937    1007       7  829860.0       NaN
     938    1007       8  829860.0       NaN
     939    1007       9  829860.0       NaN
     940    1007      10  829860.0       NaN
     941    1007      11  829860.0       NaN
     942    1007      12  829860.0       NaN
     943    1007      13  829860.0       NaN
     944    1008       1  829860.0 2074385.3
     945    1008       2  829856.2 2074388.5
     946    1008       3  829852.4 2074392.0
     947    1008       4  829848.6 2074395.3
     948    1008       5  829844.8 2074398.8
     949    1008       6  829840.9 2074402.0
     950    1008       7  829837.2 2074405.4
     951    1008       8  829833.4 2074408.8
     952    1008       9  829829.6 2074412.1
     953    1008      10  829825.8 2074415.5
     954    1008      11  829821.9 2074418.8
     955    1008      12  829818.1 2074422.3
     956    1008      13  829814.3 2074425.5
     957    1008      14  829810.5 2074429.0
     958    1008      15  829806.7 2074432.3
     959    1008      16  829802.9 2074435.8
     960    1008      17  829799.1 2074439.0
     961    1008      18  829795.3 2074442.5
     962    1008      19  829791.5 2074445.8
     963    1008      20  829787.7 2074449.1
     964    1008      21  829783.9 2074452.5
     965    1008      22  829780.1 2074455.8
     966    1008      23  829776.3 2074459.3
     967    1008      24  829772.4 2074462.5
     968    1008      25  829768.6 2074466.0
     969    1008      26  829764.8 2074469.3
     970    1008      27  829761.0 2074472.8
     971    1008      28  829757.2 2074476.0
     972    1008      29  829753.4 2074479.5
     973    1008      30  829749.6 2074482.8
     974    1008      31  829745.8 2074486.1
     975    1008      32  829742.0 2074489.5
     976    1008      33  829738.2 2074492.8
     977    1008      34  829734.4 2074496.3
     978    1008      35  829730.6 2074499.5
     979    1008      36  829726.8 2074503.0
     980    1008      37  829722.9 2074506.3
     981    1008      38  829719.1 2074509.8
     982    1008      39  829715.3 2074513.0
     983    1008      40  829711.5 2074516.5
     984    1008      41  829707.7 2074519.8
     985    1008      42  829703.9 2074523.1
     986    1008      43  829700.1 2074526.5
     987    1008      44  829696.3 2074529.8
     988    1008      45  829692.5 2074533.3
     989    1008      46  829688.7 2074536.5
     990    1008      47  829684.9 2074540.0
     991    1009       1  829684.9 2074539.9
     992    1009       2  829679.9 2074541.5
     993    1009       3  829674.9 2074543.0
     994    1009       4  829669.9 2074544.5
     995    1009       5  829664.9 2074546.1
     996    1009       6  829659.9 2074547.6
     997    1009       7  829654.9 2074549.3
     998    1009       8  829649.9 2074550.8
     999    1009       9  829644.9 2074552.4
    1000    1009      10  829639.9 2074553.9
    1001    1009      11  829634.9 2074555.5
    1002    1009      12  829629.9 2074557.0
    1003    1009      13  829624.9 2074558.5
    1004    1009      14  829619.9 2074560.1
    1005    1009      15  829614.9 2074561.6
    1006    1009      16  829610.0 2074563.3
    1007    1009      17  829605.0 2074564.8
    1008    1009      18  829600.0 2074566.4
    1009    1009      19  829595.0 2074567.9
    1010    1009      20  829590.0 2074569.5
    1011    1009      21  829585.0 2074571.0
