   4.58733809473847        44.2747995637255     	0. 626500_4903500
   4.59457788532983        44.3006272397134     	0. 626500_4906500
   4.58749496605810        44.3262041971961     	0. 626500_4909500
   4.58897553721682        44.5454905158776     	0. 626500_4933500
   4.59087510505175        44.5708513073863     	0. 626500_4936500
   4.58806505517852        44.5943870329706     	0. 626500_4939500
   4.60934410920767        44.7160719593397     	0. 626500_4951500
   4.59876787300503        44.7313444480085     	0. 626500_4954500
   4.59804838325492        44.7561108351103     	0. 626500_4957500
   4.62793760987007        45.2834695966816     	0. 626500_5014500
   4.61397353666134        45.2914991354106     	0. 626500_5017500
   4.61240609674078        45.3243766561114     	0. 626500_5020500
   4.61654264085862        44.2824025567143     	0. 629500_4903500
   4.61374822352815        44.3007180756484     	0. 629500_4906500
   4.63157150264832        44.3268433844983     	0. 629500_4909500
   4.63859688817359        44.3512306366796     	0. 629500_4912500
   4.64265047793129        44.3853831913038     	0. 629500_4915500
   4.64298051602470        44.3989726790070     	0. 629500_4918500
   4.63603365032100        44.4326527551762     	0. 629500_4921500
   4.62443560822386        44.4616270598694     	0. 629500_4924500
   4.63549755653968        44.5466341624760     	0. 629500_4933500
   4.63142489322577        44.5689287604062     	0. 629500_4936500
   4.63222989010418        44.5958978366838     	0. 629500_4939500
   4.63379221411237        44.7104133641783     	0. 629500_4951500
   4.63431751301460        44.7366926324383     	0. 629500_4954500
   4.63765871224988        44.7543792729480     	0. 629500_4957500
   4.66636193261436        45.2466391151306     	0. 629500_5011500
   4.65381058481717        45.2716658637292     	0. 629500_5014500
   4.63969159309362        45.2935631277931     	0. 629500_5017500
   4.65595597588076        44.2721146453196     	0. 632500_4903500
   4.66139989917843        44.3021054490470     	0. 632500_4906500
   4.66020893495925        44.3296716860708     	0. 632500_4909500
   4.66377377951948        44.3634705921732     	0. 632500_4912500
   4.65543447181705        44.3730447690912     	0. 632500_4915500
   4.65049184963626        44.4106580097555     	0. 632500_4918500
   4.66659214571359        44.4358119415457     	0. 632500_4921500
   4.67933961683528        44.4584020664358     	0. 632500_4924500
   4.67928640010020        44.4911726109073     	0. 632500_4927500
   4.68261274805013        44.5093089851465     	0. 632500_4930500
   4.67123675072840        44.5483673045673     	0. 632500_4933500
   4.66529049121997        44.5592572646314     	0. 632500_4936500
   4.66946412174569        44.5946663046384     	0. 632500_4939500
   4.66291131183294        44.7419512099862     	0. 632500_4954500
   4.68080269787739        44.7504214487577     	0. 632500_4957500
   4.67315537951069        44.7852824862768     	0. 632500_4960500
   4.68169910397615        45.2456041140254     	0. 632500_5011500
   4.69201328115908        45.2655251987656     	0. 632500_5014500
   4.69103553938035        45.2974050451560     	0. 632500_5017500
   4.69391920446322        44.3025280094914     	0. 635500_4906500
   4.68719432197571        44.3299063812041     	0. 635500_4909500
   4.69715386893663        44.3577577225565     	0. 635500_4912500
   4.69887445940916        44.3769081769974     	0. 635500_4915500
   4.70326563819544        44.4079924461603     	0. 635500_4918500
   4.70692018328819        44.4343159530916     	0. 635500_4921500
   4.69380231961208        44.4590887184951     	0. 635500_4924500
   4.70568324990472        44.4859199108348     	0. 635500_4927500
   4.69724775077182        44.5180950095942     	0. 635500_4930500
   4.69740290757066        44.5472611160438     	0. 635500_4933500
   4.70105962160392        44.5707933999023     	0. 635500_4936500
   4.71174341420087        44.5953906698163     	0. 635500_4939500
   4.72330562466468        44.6118713563898     	0. 635500_4942500
   4.70706261993409        44.6506458601029     	0. 635500_4945500
   4.71214320075400        44.7109757686157     	0. 635500_4951500
   4.71886297802015        44.7247383871540     	0. 635500_4954500
   4.71180259580298        44.7580629272041     	0. 635500_4957500
   4.71250661154462        44.7814582286789     	0. 635500_4960500
   4.72813807394584        45.2541823050673     	0. 635500_5011500
   4.71888311588951        45.2739453645393     	0. 635500_5014500
   4.73672648717604        45.2984295076146     	0. 635500_5017500
   4.73830650188413        45.3209091544340     	0. 635500_5020500
   4.73856025797466        45.3517172123394     	0. 635500_5023500
   4.74675989293344        45.3825298624488     	0. 635500_5026500
   4.73307590885754        44.3001398875915     	0. 638500_4906500
   4.73938039470430        44.3336248642568     	0. 638500_4909500
   4.73861609136876        44.3531727210099     	0. 638500_4912500
   4.73608388809472        44.3795895457725     	0. 638500_4915500
   4.73764247964328        44.4076545538040     	0. 638500_4918500
   4.73830090756705        44.4341126287914     	0. 638500_4921500
   4.74639360540558        44.4564959387117     	0. 638500_4924500
   4.74644087306933        44.4880045932230     	0. 638500_4927500
   4.73733701423311        44.5151513886950     	0. 638500_4930500
   4.74450650538212        44.5420498711891     	0. 638500_4933500
   4.74594845181063        44.5654344930846     	0. 638500_4936500
   4.75206937658429        44.5952291100395     	0. 638500_4939500
   4.74674811509852        44.6211477707947     	0. 638500_4942500
   4.75626319704022        44.6490894331883     	0. 638500_4945500
   4.76274387439587        44.6673544805569     	0. 638500_4948500
   4.76119443752523        44.7090593568182     	0. 638500_4951500
   4.74272616344384        44.7271673544586     	0. 638500_4954500
   4.74950015451797        44.7574915001510     	0. 638500_4957500
   4.76237332448274        44.7786288548969     	0. 638500_4960500
   4.75600075775465        44.8089744945416     	0. 638500_4963500
   4.75779142000405        45.1085328448351     	0. 638500_4996500
   4.75964435580361        45.1361396615353     	0. 638500_4999500
   4.76047534853849        45.1631319709039     	0. 638500_5002500
   4.76362928065829        45.1894581848364     	0. 638500_5005500
   4.76438189068554        45.2154522687519     	0. 638500_5008500
   4.76589767549387        45.2500039329917     	0. 638500_5011500
   4.76496092053329        45.2646009318821     	0. 638500_5014500
   4.76809171576411        45.3079397763289     	0. 638500_5017500
   4.76696808043478        45.3222695068550     	0. 638500_5020500
   4.76208885558426        45.3492592132556     	0. 638500_5023500
   4.76666787204165        45.3790731033951     	0. 638500_5026500
   4.77610530450855        44.3310789328505     	0. 641500_4909500
   4.77365557797170        44.3442611979786     	0. 641500_4912500
   4.77503854856032        44.3792607358867     	0. 641500_4915500
   4.77870873485988        44.4162950896118     	0. 641500_4918500
   4.77139133156044        44.4293727971392     	0. 641500_4921500
   4.76359253207655        44.4662245833989     	0. 641500_4924500
   4.77040305023381        44.4856549874571     	0. 641500_4927500
   4.78376419098365        44.5118247681747     	0. 641500_4930500
   4.77877741005905        44.5455722715547     	0. 641500_4933500
   4.77846656513377        44.5692538317553     	0. 641500_4936500
   4.79542283471320        44.5943755558788     	0. 641500_4939500
   4.78963392823700        44.6237244992340     	0. 641500_4942500
   4.78784626823774        44.6476089766670     	0. 641500_4945500
   4.78830046477905        44.6755093181116     	0. 641500_4948500
   4.78939399034236        44.7015990464389     	0. 641500_4951500
   4.79068627974297        44.7287658156921     	0. 641500_4954500
   4.79133185777995        44.7562126695824     	0. 641500_4957500
   4.79176391055589        44.7881638647192     	0. 641500_4960500
   4.79229483903598        44.8102109403803     	0. 641500_4963500
   4.80456084147763        44.8280220803201     	0. 641500_4966500
   4.79009954337930        44.8647084092234     	0. 641500_4969500
   4.79370510143603        45.0005822788062     	0. 641500_4984500
   4.79814866362630        45.0282382329603     	0. 641500_4987500
   4.79462450015988        45.0657413951998     	0. 641500_4990500
   4.81182764040532        45.0767219593727     	0. 641500_4993500
   4.80838736608773        45.1106232232445     	0. 641500_4996500
   4.80874846661655        45.1349222167586     	0. 641500_4999500
   4.81150652569454        45.1637739719137     	0. 641500_5002500
   4.80780823895518        45.1872369338783     	0. 641500_5005500
   4.80890995611787        45.2155746302767     	0. 641500_5008500
   4.80763580405239        45.2436797813862     	0. 641500_5011500
   4.80843621603750        45.2713018763506     	0. 641500_5014500
   4.81051880062137        45.2962930869733     	0. 641500_5017500
   4.80865195049381        45.3226069946257     	0. 641500_5020500
   4.80138237878268        45.3492761676375     	0. 641500_5023500
   4.80141976114629        45.3769998981054     	0. 641500_5026500
   4.81708169718961        44.5155306320060     	0. 644500_4930500
   4.81646054222385        44.5420981619662     	0. 644500_4933500
   4.81212877716711        44.5663838705134     	0. 644500_4936500
   4.81905018802512        44.5949018154075     	0. 644500_4939500
   4.81870343893938        44.6108417401597     	0. 644500_4942500
   4.81267308748312        44.6491080199565     	0. 644500_4945500
   4.81378933249636        44.6760074732405     	0. 644500_4948500
   4.81327826645343        44.7057233836004     	0. 644500_4951500
   4.80797303398427        44.7315541599454     	0. 644500_4954500
   4.82559926380222        44.7571102302626     	0. 644500_4957500
   4.82817182810293        44.7821853381257     	0. 644500_4960500
   4.83920212449189        44.8015429867308     	0. 644500_4963500
   4.81610805640148        44.8388216123924     	0. 644500_4966500
   4.83694578140474        44.8610835933052     	0. 644500_4969500
   4.84589595790627        44.8829043637126     	0. 644500_4972500
   4.83441387940360        44.9208080652521     	0. 644500_4975500
   4.83741357441243        44.9433548904369     	0. 644500_4978500
   4.84900656065697        44.9716139827885     	0. 644500_4981500
   4.84066947183829        45.0023552958996     	0. 644500_4984500
   4.83302592232141        45.0232726680645     	0. 644500_4987500
   4.83629718154718        45.0549066648030     	0. 644500_4990500
   4.83285854660140        45.0756661244628     	0. 644500_4993500
   4.82613793417667        45.1055697493026     	0. 644500_4996500
   4.82206747587241        45.1354305730840     	0. 644500_4999500
   4.82681868779089        45.1635299955857     	0. 644500_5002500
   4.84335262046490        45.1794672638992     	0. 644500_5005500
   4.85496485103549        45.2234772167170     	0. 644500_5008500
   4.84068371849761        45.2423416385579     	0. 644500_5011500
   4.83646665409309        45.2692341871006     	0. 644500_5014500
   4.82974029218828        45.2876152742374     	0. 644500_5017500
   4.84058912749218        45.3241669655359     	0. 644500_5020500
   4.84938861214265        45.3385171121017     	0. 644500_5023500
   4.84113581622001        45.3764564201776     	0. 644500_5026500
   4.86705227604356        44.7339341478296     	0. 647500_4954500
   4.86304756720108        44.7586658156874     	0. 647500_4957500
   4.84955818321920        44.7845415429025     	0. 647500_4960500
   4.85518662510937        44.8102865573456     	0. 647500_4963500
   4.86420187759983        44.8396668174481     	0. 647500_4966500
   4.86507079513105        44.8630581662360     	0. 647500_4969500
   4.87267377819384        44.8921905109183     	0. 647500_4972500
   4.87383011952426        44.9164770879861     	0. 647500_4975500
   4.87321620913111        44.9412427206380     	0. 647500_4978500
   4.88253035671564        44.9702559395455     	0. 647500_4981500
   4.87297550030227        45.0008396545996     	0. 647500_4984500
   4.87251651746275        45.0233519420332     	0. 647500_4987500
   4.87063552120649        45.0544392137525     	0. 647500_4990500
   4.87208520264066        45.0739494217803     	0. 647500_4993500
   4.88363791614743        45.1061658543914     	0. 647500_4996500
   4.89132715841005        45.1384450236222     	0. 647500_4999500
   4.88381953933902        45.1645840801311     	0. 647500_5002500
   4.87817155908221        45.1859210806389     	0. 647500_5005500
   4.86823281486140        45.2101185250406     	0. 647500_5008500
   4.87402626724970        45.2395488341625     	0. 647500_5011500
   4.87901661818039        45.2718724264968     	0. 647500_5014500
   4.91808346914886        44.8185194038574     	0. 650500_4963500
   4.89911072595808        44.8362107659175     	0. 650500_4966500
   4.90490582289798        44.8650110578071     	0. 650500_4969500
   4.90342332866779        44.8922221003753     	0. 650500_4972500
   4.90427957093646        44.9193040009735     	0. 650500_4975500
   4.90349337389401        44.9419121775326     	0. 650500_4978500
   4.90249349379581        44.9665042630284     	0. 650500_4981500
   4.91541248825849        44.9968948591806     	0. 650500_4984500
   4.91110393636819        45.0245128952902     	0. 650500_4987500
   4.91565080988751        45.0588238019583     	0. 650500_4990500
   4.91463959508570        45.0734237253744     	0. 650500_4993500
   4.89880492302190        45.1158165478581     	0. 650500_4996500
   4.90402338047449        45.1301324315559     	0. 650500_4999500
   4.91281474019248        45.1557303920810     	0. 650500_5002500
   4.90566522229546        45.1961774461791     	0. 650500_5005500
   4.92486428425363        45.2067473503979     	0. 650500_5008500
   4.93898035948345        44.8913536639304     	0. 653500_4972500
   4.94049410148590        44.9175239212252     	0. 653500_4975500
   4.94014079103878        44.9439058366080     	0. 653500_4978500
   4.95117701912363        44.9662227043063     	0. 653500_4981500
   4.93254096687651        45.0078585923362     	0. 653500_4984500
   4.98218526670947        44.9078056067772     	0. 656500_4975500
   4.98329576892894        44.9371329305403     	0. 656500_4978500
   4.97073748494583        44.9793896505072     	0. 656500_4981500
   4.98967919781006        44.9927440394876     	0. 656500_4984500
   4.99037825952382        45.0228162332794     	0. 656500_4987500
   5.02516626500294        44.9687149611101     	0. 659500_4981500
   5.02696663014020        44.9985694568231     	0. 659500_4984500
   5.03423530006150        45.0178842868572     	0. 659500_4987500
   5.03221037063623        45.0481666477478     	0. 659500_4990500
   5.05327652898870        44.9980992724280     	0. 662500_4984500
   5.06151499097933        45.0275670519535     	0. 662500_4987500
   5.05966910885644        45.0475845167996     	0. 662500_4990500
   5.04936178509161        45.0757657225843     	0. 662500_4993500
   5.09598109460706        44.9959728903783     	0. 665500_4984500
   5.10139322340956        45.0301706350579     	0. 665500_4987500
   5.09290922544856        45.0485102615197     	0. 665500_4990500
   5.11470846220663        45.0645818886169     	0. 665500_4993500
   5.12857756422177        45.0323675454109     	0. 668500_4987500
   5.14172478665522        45.0434639911625     	0. 668500_4990500
   5.14062183107662        45.0717504579868     	0. 668500_4993500
   5.14072455559440        45.1013644567730     	0. 668500_4996500
   5.17584890268862        45.0201789405752     	0. 671500_4987500
   5.17758198970461        45.0521475398537     	0. 671500_4990500
   5.18031053964493        45.0798210914557     	0. 671500_4993500
   5.18414346472727        45.0927104132202     	0. 671500_4996500
   5.20410855104542        45.0580297408197     	0. 674500_4990500
   5.21321345142010        45.0727966121772     	0. 674500_4993500
   5.22577812752106        45.0940666272598     	0. 674500_4996500
   5.21734573746182        45.1270421847492     	0. 674500_4999500
   5.25965705716418        45.0546931814073     	0. 677500_4990500
   5.24295827562751        45.0628541251021     	0. 677500_4993500
   5.25040229533682        45.1049260820554     	0. 677500_4996500
   5.26800926754311        45.1178102122378     	0. 677500_4999500
   5.25715584643671        45.1530420965834     	0. 677500_5002500
   5.28907090357805        45.1008265357472     	0. 680500_4996500
   5.29294561847706        45.1283841884661     	0. 680500_4999500
   5.30738482796585        45.1449264754544     	0. 680500_5002500
   5.29383180256352        45.1793160817435     	0. 680500_5005500
   5.32949148237407        45.0971282215823     	0. 683500_4996500
   5.32360873507183        45.1350555349519     	0. 683500_4999500
   5.33704187848717        45.1522446472960     	0. 683500_5002500
   5.33756000146834        45.1739281409968     	0. 683500_5005500
   5.34290927713536        45.3558301839381     	0. 683500_5026500
   5.36844194123483        45.1246822467472     	0. 686500_4999500
   5.36076524201874        45.1589578372948     	0. 686500_5002500
   5.37799490909465        45.1755233838856     	0. 686500_5005500
   5.39006300410753        45.1944448990166     	0. 686500_5008500
   5.37397913630770        45.2316602510074     	0. 686500_5011500
   5.37694513991100        45.3460350900295     	0. 686500_5023500
   5.38130608764129        45.3605265581933     	0. 686500_5026500
   5.41052121585039        45.1516167239771     	0. 689500_5002500
   5.40383055723988        45.1830837365542     	0. 689500_5005500
   5.41270001301647        45.2053107487381     	0. 689500_5008500
   5.42298157501833        45.2237263528654     	0. 689500_5011500
   5.41539887651858        45.2584982249685     	0. 689500_5014500
   5.41806334176693        45.3400856689404     	0. 689500_5023500
   5.41969338953960        45.3648501464191     	0. 689500_5026500
   5.44809467007081        45.1770119984692     	0. 692500_5005500
   5.45103518493777        45.2075545650975     	0. 692500_5008500
   5.44270360446588        45.2309573815357     	0. 692500_5011500
   5.45868432245789        45.2582491866813     	0. 692500_5014500
   5.46950880955041        45.2733181883957     	0. 692500_5017500
   5.45971602939643        45.3083655983188     	0. 692500_5020500
   5.45543507284197        45.3377126397616     	0. 692500_5023500
   5.44257395063422        45.3689535865595     	0. 692500_5026500
   5.47423149977910        45.2138953504899     	0. 695500_5008500
   5.48596952423881        45.2307434016411     	0. 695500_5011500
   5.50437909295242        45.2507746114043     	0. 695500_5014500
   5.48742636585772        45.2871515951179     	0. 695500_5017500
   5.49637232086647        45.3053194293274     	0. 695500_5020500
   5.49824693579873        45.3334531331073     	0. 695500_5023500
   5.49613241604554        45.3643114214852     	0. 695500_5026500
   5.52410710357907        45.2300864285404     	0. 698500_5011500
   5.51631724785113        45.2631142746707     	0. 698500_5014500
   5.52147158377438        45.2830740242304     	0. 698500_5017500
   5.51742953391748        45.3161988729323     	0. 698500_5020500
   5.52773863008204        45.3322637620899     	0. 698500_5023500
   5.53465087624930        45.3638856809928     	0. 698500_5026500
   5.56832344539075        45.2549346610812     	0. 701500_5014500
   5.56485885883280        45.2815672198295     	0. 701500_5017500
   5.56798650488583        45.3090416155580     	0. 701500_5020500
   5.57181086285853        45.3363200948836     	0. 701500_5023500
   5.57291940423404        45.3630294909130     	0. 701500_5026500
