region_ARN	641500_5071500	2010	2010	9	none	641500	5071500	3000	1000
region_ARN	641500_5056500	2010	2010	11	none	641500	5056500	3000	1000
region_ARN	641500_5023500	2010	2010	6	none	641500	5023500	3000	1000
region_ARN	641500_4939500	2010	2010	5	none	641500	4939500	3000	1000
region_ARN	644500_5044500	2010	2010	6	none	644500	5044500	3000	1000
region_ARN	650500_5071500	2010	2010	9	none	650500	5071500	3000	1000
region_ARN	695500_5032500	2010	2010	8	none	695500	5032500	3000	1000
region_ARN	707500_5017500	2010	2010	3	none	707500	5017500	3000	1000
region_ARN	713500_4999500	2010	2010	13	none	713500	4999500	3000	1000
region_ARN	677500_5053500	2010	2010	8	none	677500	5053500	3000	1000
