   4.886220       45.75842    
   5.072301       45.75359    
   4.889884       44.94898    
   4.790171       45.74859    
   4.893485       44.93357    
   4.864487       45.70781    
   4.773032       45.58228    
   4.802541       45.60192    
   4.281683       45.38800    
   4.074656       46.04127    
   4.515007       45.47538    
   4.411980       45.42126    
   4.395426       45.42015    
   4.298549       45.56586    
   6.389600       45.67511    
   6.118436       45.89534    
   6.135657       45.91706    
   5.224752       46.21228    
   6.869929       45.92260    
   6.112553       46.25581    
   6.215045       46.19391    
   6.349604       45.27474    
   6.484694       46.37449    
   5.735807       45.16136    
   4.876293       44.87030    
   4.719284       45.98644    
   4.980552       45.73188    
   5.270961       45.60815    
   6.713636       45.92353    
   4.803736       45.35544    
   4.875412       45.52603    
   4.850513       45.76820    
   5.735671       45.16224    
   4.829800       45.73535    
   5.720062       45.18075    
   4.924924       45.77896    
   4.894033       45.77652    
   5.703770       45.15842    
   4.805152       45.36788    
   4.836169       45.74693    
   5.753253       45.18303    
   5.686970       45.19050    
   5.882396       45.27997    
   5.089876       44.52080    
   5.928439       45.56459    
   4.859771       45.73875    
   5.918678       45.59679    
   4.845841       45.66394    
   5.676894       45.05804    
   4.669712       45.24658    
   5.721388       45.18080    
   4.953854       45.82384    
   5.226505       46.21169    
   4.429904       45.48160    
   4.818160       45.72008    
   5.820800       46.07236    
   4.855548       45.75949    
