num;cartoprox_domaine;code_domaine;OccupSol;emis_profil;recepteurs;xc;yc;xb;yb;rues;noeuds;ponct
1;a7_paca;632500_4792500;;0;1;632500;4792500;632500;4792500;0;0;0
2;a7_paca;632500_4795500;;0;1;632500;4795500;632500;4795500;0;0;0
3;a7_paca;632500_4798500;;0;1;632500;4798500;632500;4798500;0;0;0
4;a7_paca;632500_4801500;;0;1;632500;4801500;632500;4801500;0;0;0
5;a7_paca;632500_4804500;;0;1;632500;4804500;632500;4804500;0;0;0
6;a7_paca;632500_4807500;;0;1;632500;4807500;632500;4807500;0;0;0
7;a7_paca;632500_4810500;;0;1;632500;4810500;632500;4810500;0;0;0
8;a7_paca;632500_4813500;;0;1;632500;4813500;632500;4813500;0;0;0
9;a7_paca;632500_4816500;;0;1;632500;4816500;632500;4816500;0;0;0
10;a7_paca;632500_4819500;;0;1;632500;4819500;632500;4819500;0;0;0
11;a7_paca;632500_4822500;;0;1;632500;4822500;632500;4822500;0;0;0
12;a7_paca;632500_4825500;;0;1;632500;4825500;632500;4825500;0;0;0
13;a7_paca;632500_4828500;;0;1;632500;4828500;632500;4828500;0;0;0
14;a7_paca;632500_4831500;;0;1;632500;4831500;632500;4831500;0;0;0
15;a7_paca;632500_4834500;;0;1;632500;4834500;632500;4834500;0;0;0
16;a7_paca;632500_4837500;;0;1;632500;4837500;632500;4837500;0;0;0
17;a7_paca;632500_4840500;;0;1;632500;4840500;632500;4840500;0;0;0
18;a7_paca;632500_4843500;;0;1;632500;4843500;632500;4843500;0;0;0
19;a7_paca;632500_4846500;;0;1;632500;4846500;632500;4846500;0;0;0
20;a7_paca;632500_4849500;;0;1;632500;4849500;632500;4849500;0;0;0
21;a7_paca;632500_4852500;;0;1;632500;4852500;632500;4852500;0;0;0
22;a7_paca;632500_4855500;;0;1;632500;4855500;632500;4855500;0;0;0
23;a7_paca;632500_4858500;;0;1;632500;4858500;632500;4858500;0;0;0
24;a7_paca;632500_4861500;;0;1;632500;4861500;632500;4861500;0;0;0
25;a7_paca;632500_4864500;;0;1;632500;4864500;632500;4864500;0;0;0
26;a7_paca;632500_4867500;;0;1;632500;4867500;632500;4867500;0;0;0
27;a7_paca;632500_4870500;;0;1;632500;4870500;632500;4870500;0;0;0
28;a7_paca;632500_4873500;;0;1;632500;4873500;632500;4873500;0;0;0
29;a7_paca;632500_4876500;;0;1;632500;4876500;632500;4876500;0;0;0
30;a7_paca;632500_4879500;;0;1;632500;4879500;632500;4879500;0;0;0
31;a7_paca;632500_4882500;;0;1;632500;4882500;632500;4882500;0;0;0
32;a7_paca;632500_4885500;;0;1;632500;4885500;632500;4885500;0;0;0
33;a7_paca;632500_4888500;;0;1;632500;4888500;632500;4888500;0;0;0
34;a7_paca;632500_4891500;;0;1;632500;4891500;632500;4891500;0;0;0
35;a7_paca;632500_4894500;;0;1;632500;4894500;632500;4894500;0;0;0
36;a7_paca;632500_4897500;;0;1;632500;4897500;632500;4897500;0;0;0
37;a7_paca;632500_4900500;;1;1;632500;4900500;632500;4900500;0;0;0
38;a7_paca;632500_4903500;;1;1;632500;4903500;632500;4903500;0;0;0
39;a7_paca;632500_4906500;;0;1;632500;4906500;632500;4906500;0;0;0
40;a7_paca;632500_4909500;;0;1;632500;4909500;632500;4909500;0;0;0
41;a7_paca;632500_4912500;;0;1;632500;4912500;632500;4912500;0;0;0
42;a7_paca;632500_4915500;;0;1;632500;4915500;632500;4915500;0;0;0
43;a7_paca;635500_4792500;;0;1;635500;4792500;635500;4792500;0;0;0
44;a7_paca;635500_4795500;;0;1;635500;4795500;635500;4795500;0;0;0
45;a7_paca;635500_4798500;;0;1;635500;4798500;635500;4798500;0;0;0
46;a7_paca;635500_4801500;;0;1;635500;4801500;635500;4801500;0;0;0
47;a7_paca;635500_4804500;;0;1;635500;4804500;635500;4804500;0;0;0
48;a7_paca;635500_4807500;;0;1;635500;4807500;635500;4807500;0;0;0
49;a7_paca;635500_4810500;;0;1;635500;4810500;635500;4810500;0;0;0
50;a7_paca;635500_4813500;;0;1;635500;4813500;635500;4813500;0;0;0
51;a7_paca;635500_4816500;;0;1;635500;4816500;635500;4816500;0;0;0
52;a7_paca;635500_4819500;;0;1;635500;4819500;635500;4819500;0;0;0
53;a7_paca;635500_4822500;;0;1;635500;4822500;635500;4822500;0;0;0
54;a7_paca;635500_4825500;;0;1;635500;4825500;635500;4825500;0;0;0
55;a7_paca;635500_4828500;;0;1;635500;4828500;635500;4828500;0;0;0
56;a7_paca;635500_4831500;;0;1;635500;4831500;635500;4831500;0;0;0
57;a7_paca;635500_4834500;;0;1;635500;4834500;635500;4834500;0;0;0
58;a7_paca;635500_4837500;;0;1;635500;4837500;635500;4837500;0;0;0
59;a7_paca;635500_4840500;;0;1;635500;4840500;635500;4840500;0;0;0
60;a7_paca;635500_4843500;;0;1;635500;4843500;635500;4843500;0;0;0
61;a7_paca;635500_4846500;;0;1;635500;4846500;635500;4846500;0;0;0
62;a7_paca;635500_4849500;;0;1;635500;4849500;635500;4849500;0;0;0
63;a7_paca;635500_4852500;;0;1;635500;4852500;635500;4852500;0;0;0
64;a7_paca;635500_4855500;;0;1;635500;4855500;635500;4855500;0;0;0
65;a7_paca;635500_4858500;;0;1;635500;4858500;635500;4858500;0;0;0
66;a7_paca;635500_4861500;;0;1;635500;4861500;635500;4861500;0;0;0
67;a7_paca;635500_4864500;;0;1;635500;4864500;635500;4864500;0;0;0
68;a7_paca;635500_4867500;;0;1;635500;4867500;635500;4867500;0;0;0
69;a7_paca;635500_4870500;;0;1;635500;4870500;635500;4870500;0;0;0
70;a7_paca;635500_4873500;;0;1;635500;4873500;635500;4873500;0;0;0
71;a7_paca;635500_4876500;;0;1;635500;4876500;635500;4876500;0;0;0
72;a7_paca;635500_4879500;;0;1;635500;4879500;635500;4879500;0;0;0
73;a7_paca;635500_4882500;;0;1;635500;4882500;635500;4882500;0;0;0
74;a7_paca;635500_4885500;;0;1;635500;4885500;635500;4885500;0;0;0
75;a7_paca;635500_4888500;;0;1;635500;4888500;635500;4888500;0;0;0
76;a7_paca;635500_4891500;;0;1;635500;4891500;635500;4891500;0;0;0
77;a7_paca;635500_4894500;;0;1;635500;4894500;635500;4894500;0;0;0
78;a7_paca;635500_4897500;;1;1;635500;4897500;635500;4897500;0;0;0
79;a7_paca;635500_4900500;;1;1;635500;4900500;635500;4900500;0;0;0
80;a7_paca;635500_4903500;;1;1;635500;4903500;635500;4903500;0;0;0
81;a7_paca;635500_4906500;;1;1;635500;4906500;635500;4906500;0;0;0
82;a7_paca;635500_4909500;;1;1;635500;4909500;635500;4909500;0;0;0
83;a7_paca;635500_4912500;;0;1;635500;4912500;635500;4912500;0;0;0
84;a7_paca;635500_4915500;;0;1;635500;4915500;635500;4915500;0;0;0
85;a7_paca;638500_4792500;;0;1;638500;4792500;638500;4792500;0;0;0
86;a7_paca;638500_4795500;;0;1;638500;4795500;638500;4795500;0;0;0
87;a7_paca;638500_4798500;;0;1;638500;4798500;638500;4798500;0;0;0
88;a7_paca;638500_4801500;;0;1;638500;4801500;638500;4801500;0;0;0
89;a7_paca;638500_4804500;;0;1;638500;4804500;638500;4804500;0;0;0
90;a7_paca;638500_4807500;;0;1;638500;4807500;638500;4807500;0;0;0
91;a7_paca;638500_4810500;;0;1;638500;4810500;638500;4810500;0;0;0
92;a7_paca;638500_4813500;;0;1;638500;4813500;638500;4813500;0;0;0
93;a7_paca;638500_4816500;;0;1;638500;4816500;638500;4816500;0;0;0
94;a7_paca;638500_4819500;;0;1;638500;4819500;638500;4819500;0;0;0
95;a7_paca;638500_4822500;;0;1;638500;4822500;638500;4822500;0;0;0
96;a7_paca;638500_4825500;;0;1;638500;4825500;638500;4825500;0;0;0
97;a7_paca;638500_4828500;;0;1;638500;4828500;638500;4828500;0;0;0
98;a7_paca;638500_4831500;;0;1;638500;4831500;638500;4831500;0;0;0
99;a7_paca;638500_4834500;;0;1;638500;4834500;638500;4834500;0;0;0
100;a7_paca;638500_4837500;;0;1;638500;4837500;638500;4837500;0;0;0
101;a7_paca;638500_4840500;;0;1;638500;4840500;638500;4840500;0;0;0
102;a7_paca;638500_4843500;;0;1;638500;4843500;638500;4843500;0;0;0
103;a7_paca;638500_4846500;;0;1;638500;4846500;638500;4846500;0;0;0
104;a7_paca;638500_4849500;;0;1;638500;4849500;638500;4849500;0;0;0
105;a7_paca;638500_4852500;;0;1;638500;4852500;638500;4852500;0;0;0
106;a7_paca;638500_4855500;;0;1;638500;4855500;638500;4855500;0;0;0
107;a7_paca;638500_4858500;;0;1;638500;4858500;638500;4858500;0;0;0
108;a7_paca;638500_4861500;;0;1;638500;4861500;638500;4861500;0;0;0
109;a7_paca;638500_4864500;;0;1;638500;4864500;638500;4864500;0;0;0
110;a7_paca;638500_4867500;;0;1;638500;4867500;638500;4867500;0;0;0
111;a7_paca;638500_4870500;;0;1;638500;4870500;638500;4870500;0;0;0
112;a7_paca;638500_4873500;;0;1;638500;4873500;638500;4873500;0;0;0
113;a7_paca;638500_4876500;;0;1;638500;4876500;638500;4876500;0;0;0
114;a7_paca;638500_4879500;;0;1;638500;4879500;638500;4879500;0;0;0
115;a7_paca;638500_4882500;;0;1;638500;4882500;638500;4882500;0;0;0
116;a7_paca;638500_4885500;;0;1;638500;4885500;638500;4885500;0;0;0
117;a7_paca;638500_4888500;;0;1;638500;4888500;638500;4888500;0;0;0
118;a7_paca;638500_4891500;;0;1;638500;4891500;638500;4891500;0;0;0
119;a7_paca;638500_4894500;;1;1;638500;4894500;638500;4894500;0;0;0
120;a7_paca;638500_4897500;;1;1;638500;4897500;638500;4897500;0;0;0
121;a7_paca;638500_4900500;;1;1;638500;4900500;638500;4900500;0;0;0
122;a7_paca;638500_4903500;;1;1;638500;4903500;638500;4903500;0;0;0
123;a7_paca;638500_4906500;;1;1;638500;4906500;638500;4906500;0;0;0
124;a7_paca;638500_4909500;;1;1;638500;4909500;638500;4909500;0;0;0
125;a7_paca;638500_4912500;;1;1;638500;4912500;638500;4912500;0;0;0
126;a7_paca;638500_4915500;;1;1;638500;4915500;638500;4915500;0;0;0
127;a7_paca;641500_4792500;;0;1;641500;4792500;641500;4792500;0;0;0
128;a7_paca;641500_4795500;;0;1;641500;4795500;641500;4795500;0;0;0
129;a7_paca;641500_4798500;;0;1;641500;4798500;641500;4798500;0;0;0
130;a7_paca;641500_4801500;;0;1;641500;4801500;641500;4801500;0;0;0
131;a7_paca;641500_4804500;;0;1;641500;4804500;641500;4804500;0;0;0
132;a7_paca;641500_4807500;;0;1;641500;4807500;641500;4807500;0;0;0
133;a7_paca;641500_4810500;;0;1;641500;4810500;641500;4810500;0;0;0
134;a7_paca;641500_4813500;;0;1;641500;4813500;641500;4813500;0;0;0
135;a7_paca;641500_4816500;;0;1;641500;4816500;641500;4816500;0;0;0
136;a7_paca;641500_4819500;;0;1;641500;4819500;641500;4819500;0;0;0
137;a7_paca;641500_4822500;;0;1;641500;4822500;641500;4822500;0;0;0
138;a7_paca;641500_4825500;;0;1;641500;4825500;641500;4825500;0;0;0
139;a7_paca;641500_4828500;;0;1;641500;4828500;641500;4828500;0;0;0
140;a7_paca;641500_4831500;;0;1;641500;4831500;641500;4831500;0;0;0
141;a7_paca;641500_4834500;;0;1;641500;4834500;641500;4834500;0;0;0
142;a7_paca;641500_4837500;;0;1;641500;4837500;641500;4837500;0;0;0
143;a7_paca;641500_4840500;;0;1;641500;4840500;641500;4840500;0;0;0
144;a7_paca;641500_4843500;;0;1;641500;4843500;641500;4843500;0;0;0
145;a7_paca;641500_4846500;;0;1;641500;4846500;641500;4846500;0;0;0
146;a7_paca;641500_4849500;;0;1;641500;4849500;641500;4849500;0;0;0
147;a7_paca;641500_4852500;;0;1;641500;4852500;641500;4852500;0;0;0
148;a7_paca;641500_4855500;;0;1;641500;4855500;641500;4855500;0;0;0
149;a7_paca;641500_4858500;;0;1;641500;4858500;641500;4858500;0;0;0
150;a7_paca;641500_4861500;;0;1;641500;4861500;641500;4861500;0;0;0
151;a7_paca;641500_4864500;;0;1;641500;4864500;641500;4864500;0;0;0
152;a7_paca;641500_4867500;;0;1;641500;4867500;641500;4867500;0;0;0
153;a7_paca;641500_4870500;;0;1;641500;4870500;641500;4870500;0;0;0
154;a7_paca;641500_4873500;;0;1;641500;4873500;641500;4873500;0;0;0
155;a7_paca;641500_4876500;;0;1;641500;4876500;641500;4876500;0;0;0
156;a7_paca;641500_4879500;;0;1;641500;4879500;641500;4879500;0;0;0
157;a7_paca;641500_4882500;;1;1;641500;4882500;641500;4882500;0;0;0
158;a7_paca;641500_4885500;;0;1;641500;4885500;641500;4885500;0;0;0
159;a7_paca;641500_4888500;;1;1;641500;4888500;641500;4888500;0;0;0
160;a7_paca;641500_4891500;;1;1;641500;4891500;641500;4891500;0;0;0
161;a7_paca;641500_4894500;;1;1;641500;4894500;641500;4894500;0;0;0
162;a7_paca;641500_4897500;;0;1;641500;4897500;641500;4897500;0;0;0
163;a7_paca;641500_4900500;;0;1;641500;4900500;641500;4900500;0;0;0
164;a7_paca;641500_4903500;;1;1;641500;4903500;641500;4903500;0;0;0
165;a7_paca;641500_4906500;;1;1;641500;4906500;641500;4906500;0;0;0
166;a7_paca;641500_4909500;;0;1;641500;4909500;641500;4909500;0;0;0
167;a7_paca;641500_4912500;;0;1;641500;4912500;641500;4912500;0;0;0
168;a7_paca;641500_4915500;;0;1;641500;4915500;641500;4915500;0;0;0
169;a7_paca;644500_4792500;;0;1;644500;4792500;644500;4792500;0;0;0
170;a7_paca;644500_4795500;;0;1;644500;4795500;644500;4795500;0;0;0
171;a7_paca;644500_4798500;;0;1;644500;4798500;644500;4798500;0;0;0
172;a7_paca;644500_4801500;;0;1;644500;4801500;644500;4801500;0;0;0
173;a7_paca;644500_4804500;;0;1;644500;4804500;644500;4804500;0;0;0
174;a7_paca;644500_4807500;;0;1;644500;4807500;644500;4807500;0;0;0
175;a7_paca;644500_4810500;;0;1;644500;4810500;644500;4810500;0;0;0
176;a7_paca;644500_4813500;;0;1;644500;4813500;644500;4813500;0;0;0
177;a7_paca;644500_4816500;;0;1;644500;4816500;644500;4816500;0;0;0
178;a7_paca;644500_4819500;;0;1;644500;4819500;644500;4819500;0;0;0
179;a7_paca;644500_4822500;;0;1;644500;4822500;644500;4822500;0;0;0
180;a7_paca;644500_4825500;;0;1;644500;4825500;644500;4825500;0;0;0
181;a7_paca;644500_4828500;;0;1;644500;4828500;644500;4828500;0;0;0
182;a7_paca;644500_4831500;;0;1;644500;4831500;644500;4831500;0;0;0
183;a7_paca;644500_4834500;;0;1;644500;4834500;644500;4834500;0;0;0
184;a7_paca;644500_4837500;;0;1;644500;4837500;644500;4837500;0;0;0
185;a7_paca;644500_4840500;;0;1;644500;4840500;644500;4840500;0;0;0
186;a7_paca;644500_4843500;;0;1;644500;4843500;644500;4843500;0;0;0
187;a7_paca;644500_4846500;;0;1;644500;4846500;644500;4846500;0;0;0
188;a7_paca;644500_4849500;;0;1;644500;4849500;644500;4849500;0;0;0
189;a7_paca;644500_4852500;;0;1;644500;4852500;644500;4852500;0;0;0
190;a7_paca;644500_4855500;;0;1;644500;4855500;644500;4855500;0;0;0
191;a7_paca;644500_4858500;;0;1;644500;4858500;644500;4858500;0;0;0
192;a7_paca;644500_4861500;;0;1;644500;4861500;644500;4861500;0;0;0
193;a7_paca;644500_4864500;;0;1;644500;4864500;644500;4864500;0;0;0
194;a7_paca;644500_4867500;;0;1;644500;4867500;644500;4867500;0;0;0
195;a7_paca;644500_4870500;;0;1;644500;4870500;644500;4870500;0;0;0
196;a7_paca;644500_4873500;;0;1;644500;4873500;644500;4873500;0;0;0
197;a7_paca;644500_4876500;;0;1;644500;4876500;644500;4876500;0;0;0
198;a7_paca;644500_4879500;;0;1;644500;4879500;644500;4879500;0;0;0
199;a7_paca;644500_4882500;;1;1;644500;4882500;644500;4882500;0;0;0
200;a7_paca;644500_4885500;;1;1;644500;4885500;644500;4885500;0;0;0
201;a7_paca;644500_4888500;;1;1;644500;4888500;644500;4888500;0;0;0
202;a7_paca;644500_4891500;;1;1;644500;4891500;644500;4891500;0;0;0
203;a7_paca;644500_4894500;;1;1;644500;4894500;644500;4894500;0;0;0
204;a7_paca;644500_4897500;;1;1;644500;4897500;644500;4897500;0;0;0
205;a7_paca;644500_4900500;;0;1;644500;4900500;644500;4900500;0;0;0
206;a7_paca;644500_4903500;;1;1;644500;4903500;644500;4903500;0;0;0
207;a7_paca;644500_4906500;;0;1;644500;4906500;644500;4906500;0;0;0
208;a7_paca;644500_4909500;;0;1;644500;4909500;644500;4909500;0;0;0
209;a7_paca;644500_4912500;;0;1;644500;4912500;644500;4912500;0;0;0
210;a7_paca;644500_4915500;;0;1;644500;4915500;644500;4915500;0;0;0
211;a7_paca;647500_4792500;;0;1;647500;4792500;647500;4792500;0;0;0
212;a7_paca;647500_4795500;;0;1;647500;4795500;647500;4795500;0;0;0
213;a7_paca;647500_4798500;;0;1;647500;4798500;647500;4798500;0;0;0
214;a7_paca;647500_4801500;;0;1;647500;4801500;647500;4801500;0;0;0
215;a7_paca;647500_4804500;;0;1;647500;4804500;647500;4804500;0;0;0
216;a7_paca;647500_4807500;;0;1;647500;4807500;647500;4807500;0;0;0
217;a7_paca;647500_4810500;;0;1;647500;4810500;647500;4810500;0;0;0
218;a7_paca;647500_4813500;;0;1;647500;4813500;647500;4813500;0;0;0
219;a7_paca;647500_4816500;;0;1;647500;4816500;647500;4816500;0;0;0
220;a7_paca;647500_4819500;;0;1;647500;4819500;647500;4819500;0;0;0
221;a7_paca;647500_4822500;;0;1;647500;4822500;647500;4822500;0;0;0
222;a7_paca;647500_4825500;;0;1;647500;4825500;647500;4825500;0;0;0
223;a7_paca;647500_4828500;;0;1;647500;4828500;647500;4828500;0;0;0
224;a7_paca;647500_4831500;;0;1;647500;4831500;647500;4831500;0;0;0
225;a7_paca;647500_4834500;;0;1;647500;4834500;647500;4834500;0;0;0
226;a7_paca;647500_4837500;;0;1;647500;4837500;647500;4837500;0;0;0
227;a7_paca;647500_4840500;;0;1;647500;4840500;647500;4840500;0;0;0
228;a7_paca;647500_4843500;;0;1;647500;4843500;647500;4843500;0;0;0
229;a7_paca;647500_4846500;;0;1;647500;4846500;647500;4846500;0;0;0
230;a7_paca;647500_4849500;;0;1;647500;4849500;647500;4849500;0;0;0
231;a7_paca;647500_4852500;;0;1;647500;4852500;647500;4852500;0;0;0
232;a7_paca;647500_4855500;;0;1;647500;4855500;647500;4855500;0;0;0
233;a7_paca;647500_4858500;;0;1;647500;4858500;647500;4858500;0;0;0
234;a7_paca;647500_4861500;;1;1;647500;4861500;647500;4861500;0;0;0
235;a7_paca;647500_4864500;;1;1;647500;4864500;647500;4864500;0;0;0
236;a7_paca;647500_4867500;;1;1;647500;4867500;647500;4867500;0;0;0
237;a7_paca;647500_4870500;;1;1;647500;4870500;647500;4870500;0;0;0
238;a7_paca;647500_4873500;;0;1;647500;4873500;647500;4873500;0;0;0
239;a7_paca;647500_4876500;;1;1;647500;4876500;647500;4876500;0;0;0
240;a7_paca;647500_4879500;;1;1;647500;4879500;647500;4879500;0;0;0
241;a7_paca;647500_4882500;;1;1;647500;4882500;647500;4882500;0;0;0
242;a7_paca;647500_4885500;;1;1;647500;4885500;647500;4885500;0;0;0
243;a7_paca;647500_4888500;;1;1;647500;4888500;647500;4888500;0;0;0
244;a7_paca;647500_4891500;;1;1;647500;4891500;647500;4891500;0;0;0
245;a7_paca;647500_4894500;;0;1;647500;4894500;647500;4894500;0;0;0
246;a7_paca;647500_4897500;;0;1;647500;4897500;647500;4897500;0;0;0
247;a7_paca;647500_4900500;;0;1;647500;4900500;647500;4900500;0;0;0
248;a7_paca;647500_4903500;;0;1;647500;4903500;647500;4903500;0;0;0
249;a7_paca;647500_4906500;;0;1;647500;4906500;647500;4906500;0;0;0
250;a7_paca;647500_4909500;;0;1;647500;4909500;647500;4909500;0;0;0
251;a7_paca;647500_4912500;;0;1;647500;4912500;647500;4912500;0;0;0
252;a7_paca;647500_4915500;;0;1;647500;4915500;647500;4915500;0;0;0
253;a7_paca;650500_4792500;;0;1;650500;4792500;650500;4792500;0;0;0
254;a7_paca;650500_4795500;;0;1;650500;4795500;650500;4795500;0;0;0
255;a7_paca;650500_4798500;;0;1;650500;4798500;650500;4798500;0;0;0
256;a7_paca;650500_4801500;;0;1;650500;4801500;650500;4801500;0;0;0
257;a7_paca;650500_4804500;;0;1;650500;4804500;650500;4804500;0;0;0
258;a7_paca;650500_4807500;;0;1;650500;4807500;650500;4807500;0;0;0
259;a7_paca;650500_4810500;;0;1;650500;4810500;650500;4810500;0;0;0
260;a7_paca;650500_4813500;;0;1;650500;4813500;650500;4813500;0;0;0
261;a7_paca;650500_4816500;;0;1;650500;4816500;650500;4816500;0;0;0
262;a7_paca;650500_4819500;;0;1;650500;4819500;650500;4819500;0;0;0
263;a7_paca;650500_4822500;;0;1;650500;4822500;650500;4822500;0;0;0
264;a7_paca;650500_4825500;;0;1;650500;4825500;650500;4825500;0;0;0
265;a7_paca;650500_4828500;;0;1;650500;4828500;650500;4828500;0;0;0
266;a7_paca;650500_4831500;;0;1;650500;4831500;650500;4831500;0;0;0
267;a7_paca;650500_4834500;;0;1;650500;4834500;650500;4834500;0;0;0
268;a7_paca;650500_4837500;;0;1;650500;4837500;650500;4837500;0;0;0
269;a7_paca;650500_4840500;;0;1;650500;4840500;650500;4840500;0;0;0
270;a7_paca;650500_4843500;;0;1;650500;4843500;650500;4843500;0;0;0
271;a7_paca;650500_4846500;;0;1;650500;4846500;650500;4846500;0;0;0
272;a7_paca;650500_4849500;;0;1;650500;4849500;650500;4849500;0;0;0
273;a7_paca;650500_4852500;;0;1;650500;4852500;650500;4852500;0;0;0
274;a7_paca;650500_4855500;;0;1;650500;4855500;650500;4855500;0;0;0
275;a7_paca;650500_4858500;URBAINE;1;520;650500;4858500;649765;4.85963e+06;570;525;1
276;a7_paca;650500_4861500;URBAINE;1;3848;650500;4861500;650220;4.86088e+06;645;601;1
277;a7_paca;650500_4864500;URBAINE;1;4703;650500;4864500;650533;4.86448e+06;1066;993;1
278;a7_paca;650500_4867500;URBAINE;1;1;650500;4867500;650500;4867500;0;0;0
279;a7_paca;650500_4870500;URBAINE;1;1;650500;4870500;650500;4870500;0;0;0
280;a7_paca;650500_4873500;URBAINE;1;1;650500;4873500;650500;4873500;0;0;0
281;a7_paca;650500_4876500;URBAINE;1;1;650500;4876500;650500;4876500;0;0;0
282;a7_paca;650500_4879500;URBAINE;1;1;650500;4879500;650500;4879500;0;0;0
283;a7_paca;650500_4882500;URBAINE;1;1;650500;4882500;650500;4882500;0;0;0
284;a7_paca;650500_4885500;URBAINE;1;1;650500;4885500;650500;4885500;0;0;0
285;a7_paca;650500_4888500;URBAINE;1;1;650500;4888500;650500;4888500;0;0;0
286;a7_paca;650500_4891500;URBAINE;0;1;650500;4891500;650500;4891500;0;0;0
287;a7_paca;650500_4894500;URBAINE;0;1;650500;4894500;650500;4894500;0;0;0
288;a7_paca;650500_4897500;URBAINE;0;1;650500;4897500;650500;4897500;0;0;0
289;a7_paca;650500_4900500;URBAINE;0;1;650500;4900500;650500;4900500;0;0;0
290;a7_paca;650500_4903500;URBAINE;0;1;650500;4903500;650500;4903500;0;0;0
291;a7_paca;650500_4906500;URBAINE;0;1;650500;4906500;650500;4906500;0;0;0
292;a7_paca;650500_4909500;URBAINE;0;1;650500;4909500;650500;4909500;0;0;0
293;a7_paca;650500_4912500;URBAINE;0;1;650500;4912500;650500;4912500;0;0;0
294;a7_paca;650500_4915500;URBAINE;0;1;650500;4915500;650500;4915500;0;0;0
295;a7_paca;653500_4792500;URBAINE;0;1;653500;4792500;653500;4792500;0;0;0
296;a7_paca;653500_4795500;URBAINE;0;1;653500;4795500;653500;4795500;0;0;0
297;a7_paca;653500_4798500;URBAINE;0;1;653500;4798500;653500;4798500;0;0;0
298;a7_paca;653500_4801500;URBAINE;0;1;653500;4801500;653500;4801500;0;0;0
299;a7_paca;653500_4804500;URBAINE;0;1;653500;4804500;653500;4804500;0;0;0
300;a7_paca;653500_4807500;URBAINE;0;1;653500;4807500;653500;4807500;0;0;0
301;a7_paca;653500_4810500;URBAINE;0;1;653500;4810500;653500;4810500;0;0;0
302;a7_paca;653500_4813500;URBAINE;0;1;653500;4813500;653500;4813500;0;0;0
303;a7_paca;653500_4816500;URBAINE;0;1;653500;4816500;653500;4816500;0;0;0
304;a7_paca;653500_4819500;URBAINE;0;1;653500;4819500;653500;4819500;0;0;0
305;a7_paca;653500_4822500;URBAINE;0;1;653500;4822500;653500;4822500;0;0;0
306;a7_paca;653500_4825500;URBAINE;0;1;653500;4825500;653500;4825500;0;0;0
307;a7_paca;653500_4828500;URBAINE;0;1;653500;4828500;653500;4828500;0;0;0
308;a7_paca;653500_4831500;URBAINE;0;1;653500;4831500;653500;4831500;0;0;0
309;a7_paca;653500_4834500;URBAINE;0;1;653500;4834500;653500;4834500;0;0;0
310;a7_paca;653500_4837500;URBAINE;0;1;653500;4837500;653500;4837500;0;0;0
311;a7_paca;653500_4840500;URBAINE;0;1;653500;4840500;653500;4840500;0;0;0
312;a7_paca;653500_4843500;URBAINE;0;1;653500;4843500;653500;4843500;0;0;0
313;a7_paca;653500_4846500;URBAINE;0;1;653500;4846500;653500;4846500;0;0;0
314;a7_paca;653500_4849500;URBAINE;0;1;653500;4849500;653500;4849500;0;0;0
315;a7_paca;653500_4852500;URBAINE;0;1;653500;4852500;653500;4852500;0;0;0
316;a7_paca;653500_4855500;URBAINE;1;1;653500;4855500;653500;4855500;0;0;0
317;a7_paca;653500_4858500;URBAINE;1;7765;653500;4858500;653542;4.8587e+06;822;773;1
318;a7_paca;653500_4861500;URBAINE;1;12952;653500;4861500;653588;4.86132e+06;975;924;1
319;a7_paca;653500_4864500;URBAINE;1;3096;653500;4864500;653592;4.8645e+06;1215;1145;1
320;a7_paca;653500_4867500;URBAINE;1;1;653500;4867500;653500;4867500;0;0;0
321;a7_paca;653500_4870500;URBAINE;1;1;653500;4870500;653500;4870500;0;0;0
322;a7_paca;653500_4873500;URBAINE;1;1;653500;4873500;653500;4873500;0;0;0
323;a7_paca;653500_4876500;URBAINE;1;1;653500;4876500;653500;4876500;0;0;0
324;a7_paca;653500_4879500;URBAINE;1;1;653500;4879500;653500;4879500;0;0;0
325;a7_paca;653500_4882500;URBAINE;0;1;653500;4882500;653500;4882500;0;0;0
326;a7_paca;653500_4885500;URBAINE;1;1;653500;4885500;653500;4885500;0;0;0
327;a7_paca;653500_4888500;URBAINE;1;1;653500;4888500;653500;4888500;0;0;0
328;a7_paca;653500_4891500;URBAINE;0;1;653500;4891500;653500;4891500;0;0;0
329;a7_paca;653500_4894500;URBAINE;0;1;653500;4894500;653500;4894500;0;0;0
330;a7_paca;653500_4897500;URBAINE;0;1;653500;4897500;653500;4897500;0;0;0
331;a7_paca;653500_4900500;URBAINE;0;1;653500;4900500;653500;4900500;0;0;0
332;a7_paca;653500_4903500;URBAINE;0;1;653500;4903500;653500;4903500;0;0;0
333;a7_paca;653500_4906500;URBAINE;0;1;653500;4906500;653500;4906500;0;0;0
334;a7_paca;653500_4909500;URBAINE;0;1;653500;4909500;653500;4909500;0;0;0
335;a7_paca;653500_4912500;URBAINE;0;1;653500;4912500;653500;4912500;0;0;0
336;a7_paca;653500_4915500;URBAINE;0;1;653500;4915500;653500;4915500;0;0;0
337;a7_paca;656500_4792500;URBAINE;0;1;656500;4792500;656500;4792500;0;0;0
338;a7_paca;656500_4795500;URBAINE;0;1;656500;4795500;656500;4795500;0;0;0
339;a7_paca;656500_4798500;URBAINE;0;1;656500;4798500;656500;4798500;0;0;0
340;a7_paca;656500_4801500;URBAINE;0;1;656500;4801500;656500;4801500;0;0;0
341;a7_paca;656500_4804500;URBAINE;0;1;656500;4804500;656500;4804500;0;0;0
342;a7_paca;656500_4807500;URBAINE;0;1;656500;4807500;656500;4807500;0;0;0
343;a7_paca;656500_4810500;URBAINE;0;1;656500;4810500;656500;4810500;0;0;0
344;a7_paca;656500_4813500;URBAINE;0;1;656500;4813500;656500;4813500;0;0;0
345;a7_paca;656500_4816500;URBAINE;0;1;656500;4816500;656500;4816500;0;0;0
346;a7_paca;656500_4819500;URBAINE;0;1;656500;4819500;656500;4819500;0;0;0
347;a7_paca;656500_4822500;URBAINE;0;1;656500;4822500;656500;4822500;0;0;0
348;a7_paca;656500_4825500;URBAINE;0;1;656500;4825500;656500;4825500;0;0;0
349;a7_paca;656500_4828500;URBAINE;0;1;656500;4828500;656500;4828500;0;0;0
350;a7_paca;656500_4831500;URBAINE;0;1;656500;4831500;656500;4831500;0;0;0
351;a7_paca;656500_4834500;URBAINE;0;1;656500;4834500;656500;4834500;0;0;0
352;a7_paca;656500_4837500;URBAINE;0;1;656500;4837500;656500;4837500;0;0;0
353;a7_paca;656500_4840500;URBAINE;0;1;656500;4840500;656500;4840500;0;0;0
354;a7_paca;656500_4843500;URBAINE;0;1;656500;4843500;656500;4843500;0;0;0
355;a7_paca;656500_4846500;URBAINE;0;1;656500;4846500;656500;4846500;0;0;0
356;a7_paca;656500_4849500;URBAINE;0;1;656500;4849500;656500;4849500;0;0;0
357;a7_paca;656500_4852500;URBAINE;0;1;656500;4852500;656500;4852500;0;0;0
358;a7_paca;656500_4855500;URBAINE;1;1;656500;4855500;656500;4855500;0;0;0
359;a7_paca;656500_4858500;URBAINE;1;6712;656500;4858500;656635;4.85881e+06;875;841;1
360;a7_paca;656500_4861500;URBAINE;1;9165;656500;4861500;656517;4.86146e+06;936;897;1
361;a7_paca;656500_4864500;URBAINE;1;6226;656500;4864500;656593;4.8648e+06;937;892;1
362;a7_paca;656500_4867500;URBAINE;1;1;656500;4867500;656500;4867500;0;0;0
363;a7_paca;656500_4870500;URBAINE;1;1;656500;4870500;656500;4870500;0;0;0
364;a7_paca;656500_4873500;URBAINE;1;1;656500;4873500;656500;4873500;0;0;0
365;a7_paca;656500_4876500;URBAINE;1;1;656500;4876500;656500;4876500;0;0;0
366;a7_paca;656500_4879500;URBAINE;0;1;656500;4879500;656500;4879500;0;0;0
367;a7_paca;656500_4882500;URBAINE;0;1;656500;4882500;656500;4882500;0;0;0
368;a7_paca;656500_4885500;URBAINE;1;1;656500;4885500;656500;4885500;0;0;0
369;a7_paca;656500_4888500;URBAINE;0;1;656500;4888500;656500;4888500;0;0;0
370;a7_paca;656500_4891500;URBAINE;0;1;656500;4891500;656500;4891500;0;0;0
371;a7_paca;656500_4894500;URBAINE;0;1;656500;4894500;656500;4894500;0;0;0
372;a7_paca;656500_4897500;URBAINE;0;1;656500;4897500;656500;4897500;0;0;0
373;a7_paca;656500_4900500;URBAINE;0;1;656500;4900500;656500;4900500;0;0;0
374;a7_paca;656500_4903500;URBAINE;0;1;656500;4903500;656500;4903500;0;0;0
375;a7_paca;656500_4906500;URBAINE;0;1;656500;4906500;656500;4906500;0;0;0
376;a7_paca;656500_4909500;URBAINE;0;1;656500;4909500;656500;4909500;0;0;0
377;a7_paca;656500_4912500;URBAINE;0;1;656500;4912500;656500;4912500;0;0;0
378;a7_paca;656500_4915500;URBAINE;0;1;656500;4915500;656500;4915500;0;0;0
379;a7_paca;659500_4792500;URBAINE;0;1;659500;4792500;659500;4792500;0;0;0
380;a7_paca;659500_4795500;URBAINE;0;1;659500;4795500;659500;4795500;0;0;0
381;a7_paca;659500_4798500;URBAINE;0;1;659500;4798500;659500;4798500;0;0;0
382;a7_paca;659500_4801500;URBAINE;0;1;659500;4801500;659500;4801500;0;0;0
383;a7_paca;659500_4804500;URBAINE;0;1;659500;4804500;659500;4804500;0;0;0
384;a7_paca;659500_4807500;URBAINE;0;1;659500;4807500;659500;4807500;0;0;0
385;a7_paca;659500_4810500;URBAINE;0;1;659500;4810500;659500;4810500;0;0;0
386;a7_paca;659500_4813500;URBAINE;0;1;659500;4813500;659500;4813500;0;0;0
387;a7_paca;659500_4816500;URBAINE;0;1;659500;4816500;659500;4816500;0;0;0
388;a7_paca;659500_4819500;URBAINE;0;1;659500;4819500;659500;4819500;0;0;0
389;a7_paca;659500_4822500;URBAINE;0;1;659500;4822500;659500;4822500;0;0;0
390;a7_paca;659500_4825500;URBAINE;0;1;659500;4825500;659500;4825500;0;0;0
391;a7_paca;659500_4828500;URBAINE;0;1;659500;4828500;659500;4828500;0;0;0
392;a7_paca;659500_4831500;URBAINE;0;1;659500;4831500;659500;4831500;0;0;0
393;a7_paca;659500_4834500;URBAINE;0;1;659500;4834500;659500;4834500;0;0;0
394;a7_paca;659500_4837500;URBAINE;0;1;659500;4837500;659500;4837500;0;0;0
395;a7_paca;659500_4840500;URBAINE;0;1;659500;4840500;659500;4840500;0;0;0
396;a7_paca;659500_4843500;URBAINE;0;1;659500;4843500;659500;4843500;0;0;0
397;a7_paca;659500_4846500;URBAINE;0;1;659500;4846500;659500;4846500;0;0;0
398;a7_paca;659500_4849500;URBAINE;1;1;659500;4849500;659500;4849500;0;0;0
399;a7_paca;659500_4852500;URBAINE;1;1;659500;4852500;659500;4852500;0;0;0
400;a7_paca;659500_4855500;URBAINE;1;1;659500;4855500;659500;4855500;0;0;0
401;a7_paca;659500_4858500;URBAINE;1;1;659500;4858500;659500;4858500;0;0;0
402;a7_paca;659500_4861500;URBAINE;1;1;659500;4861500;659500;4861500;0;0;0
403;a7_paca;659500_4864500;URBAINE;1;1;659500;4864500;659500;4864500;0;0;0
404;a7_paca;659500_4867500;URBAINE;0;1;659500;4867500;659500;4867500;0;0;0
405;a7_paca;659500_4870500;URBAINE;0;1;659500;4870500;659500;4870500;0;0;0
406;a7_paca;659500_4873500;URBAINE;0;1;659500;4873500;659500;4873500;0;0;0
407;a7_paca;659500_4876500;URBAINE;0;1;659500;4876500;659500;4876500;0;0;0
408;a7_paca;659500_4879500;URBAINE;0;1;659500;4879500;659500;4879500;0;0;0
409;a7_paca;659500_4882500;URBAINE;0;1;659500;4882500;659500;4882500;0;0;0
410;a7_paca;659500_4885500;URBAINE;0;1;659500;4885500;659500;4885500;0;0;0
411;a7_paca;659500_4888500;URBAINE;0;1;659500;4888500;659500;4888500;0;0;0
412;a7_paca;659500_4891500;URBAINE;0;1;659500;4891500;659500;4891500;0;0;0
413;a7_paca;659500_4894500;URBAINE;0;1;659500;4894500;659500;4894500;0;0;0
414;a7_paca;659500_4897500;URBAINE;0;1;659500;4897500;659500;4897500;0;0;0
415;a7_paca;659500_4900500;URBAINE;0;1;659500;4900500;659500;4900500;0;0;0
416;a7_paca;659500_4903500;URBAINE;0;1;659500;4903500;659500;4903500;0;0;0
417;a7_paca;659500_4906500;URBAINE;0;1;659500;4906500;659500;4906500;0;0;0
418;a7_paca;659500_4909500;URBAINE;0;1;659500;4909500;659500;4909500;0;0;0
419;a7_paca;659500_4912500;URBAINE;0;1;659500;4912500;659500;4912500;0;0;0
420;a7_paca;659500_4915500;URBAINE;0;1;659500;4915500;659500;4915500;0;0;0
421;a7_paca;662500_4792500;URBAINE;0;1;662500;4792500;662500;4792500;0;0;0
422;a7_paca;662500_4795500;URBAINE;0;1;662500;4795500;662500;4795500;0;0;0
423;a7_paca;662500_4798500;URBAINE;0;1;662500;4798500;662500;4798500;0;0;0
424;a7_paca;662500_4801500;URBAINE;0;1;662500;4801500;662500;4801500;0;0;0
425;a7_paca;662500_4804500;URBAINE;0;1;662500;4804500;662500;4804500;0;0;0
426;a7_paca;662500_4807500;URBAINE;0;1;662500;4807500;662500;4807500;0;0;0
427;a7_paca;662500_4810500;URBAINE;0;1;662500;4810500;662500;4810500;0;0;0
428;a7_paca;662500_4813500;URBAINE;0;1;662500;4813500;662500;4813500;0;0;0
429;a7_paca;662500_4816500;URBAINE;0;1;662500;4816500;662500;4816500;0;0;0
430;a7_paca;662500_4819500;URBAINE;0;1;662500;4819500;662500;4819500;0;0;0
431;a7_paca;662500_4822500;URBAINE;0;1;662500;4822500;662500;4822500;0;0;0
432;a7_paca;662500_4825500;URBAINE;0;1;662500;4825500;662500;4825500;0;0;0
433;a7_paca;662500_4828500;URBAINE;0;1;662500;4828500;662500;4828500;0;0;0
434;a7_paca;662500_4831500;URBAINE;0;1;662500;4831500;662500;4831500;0;0;0
435;a7_paca;662500_4834500;URBAINE;0;1;662500;4834500;662500;4834500;0;0;0
436;a7_paca;662500_4837500;URBAINE;0;1;662500;4837500;662500;4837500;0;0;0
437;a7_paca;662500_4840500;URBAINE;0;1;662500;4840500;662500;4840500;0;0;0
438;a7_paca;662500_4843500;URBAINE;1;1;662500;4843500;662500;4843500;0;0;0
439;a7_paca;662500_4846500;URBAINE;0;1;662500;4846500;662500;4846500;0;0;0
440;a7_paca;662500_4849500;URBAINE;1;1;662500;4849500;662500;4849500;0;0;0
441;a7_paca;662500_4852500;URBAINE;1;1;662500;4852500;662500;4852500;0;0;0
442;a7_paca;662500_4855500;URBAINE;1;1;662500;4855500;662500;4855500;0;0;0
443;a7_paca;662500_4858500;URBAINE;1;1;662500;4858500;662500;4858500;0;0;0
444;a7_paca;662500_4861500;URBAINE;1;1;662500;4861500;662500;4861500;0;0;0
445;a7_paca;662500_4864500;URBAINE;0;1;662500;4864500;662500;4864500;0;0;0
446;a7_paca;662500_4867500;URBAINE;0;1;662500;4867500;662500;4867500;0;0;0
447;a7_paca;662500_4870500;URBAINE;0;1;662500;4870500;662500;4870500;0;0;0
448;a7_paca;662500_4873500;URBAINE;0;1;662500;4873500;662500;4873500;0;0;0
449;a7_paca;662500_4876500;URBAINE;0;1;662500;4876500;662500;4876500;0;0;0
450;a7_paca;662500_4879500;URBAINE;0;1;662500;4879500;662500;4879500;0;0;0
451;a7_paca;662500_4882500;URBAINE;0;1;662500;4882500;662500;4882500;0;0;0
452;a7_paca;662500_4885500;URBAINE;0;1;662500;4885500;662500;4885500;0;0;0
453;a7_paca;662500_4888500;URBAINE;0;1;662500;4888500;662500;4888500;0;0;0
454;a7_paca;662500_4891500;URBAINE;0;1;662500;4891500;662500;4891500;0;0;0
455;a7_paca;662500_4894500;URBAINE;0;1;662500;4894500;662500;4894500;0;0;0
456;a7_paca;662500_4897500;URBAINE;0;1;662500;4897500;662500;4897500;0;0;0
457;a7_paca;662500_4900500;URBAINE;0;1;662500;4900500;662500;4900500;0;0;0
458;a7_paca;662500_4903500;URBAINE;0;1;662500;4903500;662500;4903500;0;0;0
459;a7_paca;662500_4906500;URBAINE;0;1;662500;4906500;662500;4906500;0;0;0
460;a7_paca;662500_4909500;URBAINE;0;1;662500;4909500;662500;4909500;0;0;0
461;a7_paca;662500_4912500;URBAINE;0;1;662500;4912500;662500;4912500;0;0;0
462;a7_paca;662500_4915500;URBAINE;0;1;662500;4915500;662500;4915500;0;0;0
463;a7_paca;665500_4792500;URBAINE;0;1;665500;4792500;665500;4792500;0;0;0
464;a7_paca;665500_4795500;URBAINE;0;1;665500;4795500;665500;4795500;0;0;0
465;a7_paca;665500_4798500;URBAINE;0;1;665500;4798500;665500;4798500;0;0;0
466;a7_paca;665500_4801500;URBAINE;0;1;665500;4801500;665500;4801500;0;0;0
467;a7_paca;665500_4804500;URBAINE;0;1;665500;4804500;665500;4804500;0;0;0
468;a7_paca;665500_4807500;URBAINE;0;1;665500;4807500;665500;4807500;0;0;0
469;a7_paca;665500_4810500;URBAINE;0;1;665500;4810500;665500;4810500;0;0;0
470;a7_paca;665500_4813500;URBAINE;0;1;665500;4813500;665500;4813500;0;0;0
471;a7_paca;665500_4816500;URBAINE;0;1;665500;4816500;665500;4816500;0;0;0
472;a7_paca;665500_4819500;URBAINE;0;1;665500;4819500;665500;4819500;0;0;0
473;a7_paca;665500_4822500;URBAINE;0;1;665500;4822500;665500;4822500;0;0;0
474;a7_paca;665500_4825500;URBAINE;0;1;665500;4825500;665500;4825500;0;0;0
475;a7_paca;665500_4828500;URBAINE;0;1;665500;4828500;665500;4828500;0;0;0
476;a7_paca;665500_4831500;URBAINE;1;1;665500;4831500;665500;4831500;0;0;0
477;a7_paca;665500_4834500;URBAINE;1;1;665500;4834500;665500;4834500;0;0;0
478;a7_paca;665500_4837500;URBAINE;1;1;665500;4837500;665500;4837500;0;0;0
479;a7_paca;665500_4840500;URBAINE;1;1;665500;4840500;665500;4840500;0;0;0
480;a7_paca;665500_4843500;URBAINE;1;1;665500;4843500;665500;4843500;0;0;0
481;a7_paca;665500_4846500;URBAINE;1;1;665500;4846500;665500;4846500;0;0;0
482;a7_paca;665500_4849500;URBAINE;1;1;665500;4849500;665500;4849500;0;0;0
483;a7_paca;665500_4852500;URBAINE;1;1;665500;4852500;665500;4852500;0;0;0
484;a7_paca;665500_4855500;URBAINE;1;1;665500;4855500;665500;4855500;0;0;0
485;a7_paca;665500_4858500;URBAINE;1;1;665500;4858500;665500;4858500;0;0;0
486;a7_paca;665500_4861500;URBAINE;0;1;665500;4861500;665500;4861500;0;0;0
487;a7_paca;665500_4864500;URBAINE;0;1;665500;4864500;665500;4864500;0;0;0
488;a7_paca;665500_4867500;URBAINE;0;1;665500;4867500;665500;4867500;0;0;0
489;a7_paca;665500_4870500;URBAINE;0;1;665500;4870500;665500;4870500;0;0;0
490;a7_paca;665500_4873500;URBAINE;0;1;665500;4873500;665500;4873500;0;0;0
491;a7_paca;665500_4876500;URBAINE;0;1;665500;4876500;665500;4876500;0;0;0
492;a7_paca;665500_4879500;URBAINE;0;1;665500;4879500;665500;4879500;0;0;0
493;a7_paca;665500_4882500;URBAINE;0;1;665500;4882500;665500;4882500;0;0;0
494;a7_paca;665500_4885500;URBAINE;0;1;665500;4885500;665500;4885500;0;0;0
495;a7_paca;665500_4888500;URBAINE;0;1;665500;4888500;665500;4888500;0;0;0
496;a7_paca;665500_4891500;URBAINE;0;1;665500;4891500;665500;4891500;0;0;0
497;a7_paca;665500_4894500;URBAINE;0;1;665500;4894500;665500;4894500;0;0;0
498;a7_paca;665500_4897500;URBAINE;0;1;665500;4897500;665500;4897500;0;0;0
499;a7_paca;665500_4900500;URBAINE;0;1;665500;4900500;665500;4900500;0;0;0
500;a7_paca;665500_4903500;URBAINE;0;1;665500;4903500;665500;4903500;0;0;0
501;a7_paca;665500_4906500;URBAINE;0;1;665500;4906500;665500;4906500;0;0;0
502;a7_paca;665500_4909500;URBAINE;0;1;665500;4909500;665500;4909500;0;0;0
503;a7_paca;665500_4912500;URBAINE;0;1;665500;4912500;665500;4912500;0;0;0
504;a7_paca;665500_4915500;URBAINE;0;1;665500;4915500;665500;4915500;0;0;0
505;a7_paca;668500_4792500;URBAINE;0;1;668500;4792500;668500;4792500;0;0;0
506;a7_paca;668500_4795500;URBAINE;0;1;668500;4795500;668500;4795500;0;0;0
507;a7_paca;668500_4798500;URBAINE;0;1;668500;4798500;668500;4798500;0;0;0
508;a7_paca;668500_4801500;URBAINE;0;1;668500;4801500;668500;4801500;0;0;0
509;a7_paca;668500_4804500;URBAINE;0;1;668500;4804500;668500;4804500;0;0;0
510;a7_paca;668500_4807500;URBAINE;0;1;668500;4807500;668500;4807500;0;0;0
511;a7_paca;668500_4810500;URBAINE;0;1;668500;4810500;668500;4810500;0;0;0
512;a7_paca;668500_4813500;URBAINE;0;1;668500;4813500;668500;4813500;0;0;0
513;a7_paca;668500_4816500;URBAINE;0;1;668500;4816500;668500;4816500;0;0;0
514;a7_paca;668500_4819500;URBAINE;0;1;668500;4819500;668500;4819500;0;0;0
515;a7_paca;668500_4822500;URBAINE;0;1;668500;4822500;668500;4822500;0;0;0
516;a7_paca;668500_4825500;URBAINE;0;1;668500;4825500;668500;4825500;0;0;0
517;a7_paca;668500_4828500;URBAINE;1;1;668500;4828500;668500;4828500;0;0;0
518;a7_paca;668500_4831500;URBAINE;1;1;668500;4831500;668500;4831500;0;0;0
519;a7_paca;668500_4834500;URBAINE;1;1;668500;4834500;668500;4834500;0;0;0
520;a7_paca;668500_4837500;URBAINE;1;1;668500;4837500;668500;4837500;0;0;0
521;a7_paca;668500_4840500;URBAINE;1;1;668500;4840500;668500;4840500;0;0;0
522;a7_paca;668500_4843500;URBAINE;1;1;668500;4843500;668500;4843500;0;0;0
523;a7_paca;668500_4846500;URBAINE;1;1;668500;4846500;668500;4846500;0;0;0
524;a7_paca;668500_4849500;URBAINE;1;1;668500;4849500;668500;4849500;0;0;0
525;a7_paca;668500_4852500;URBAINE;1;1;668500;4852500;668500;4852500;0;0;0
526;a7_paca;668500_4855500;URBAINE;1;1;668500;4855500;668500;4855500;0;0;0
527;a7_paca;668500_4858500;URBAINE;0;1;668500;4858500;668500;4858500;0;0;0
528;a7_paca;668500_4861500;URBAINE;0;1;668500;4861500;668500;4861500;0;0;0
529;a7_paca;668500_4864500;URBAINE;0;1;668500;4864500;668500;4864500;0;0;0
530;a7_paca;668500_4867500;URBAINE;0;1;668500;4867500;668500;4867500;0;0;0
531;a7_paca;668500_4870500;URBAINE;0;1;668500;4870500;668500;4870500;0;0;0
532;a7_paca;668500_4873500;URBAINE;0;1;668500;4873500;668500;4873500;0;0;0
533;a7_paca;668500_4876500;URBAINE;0;1;668500;4876500;668500;4876500;0;0;0
534;a7_paca;668500_4879500;URBAINE;0;1;668500;4879500;668500;4879500;0;0;0
535;a7_paca;668500_4882500;URBAINE;0;1;668500;4882500;668500;4882500;0;0;0
536;a7_paca;668500_4885500;URBAINE;0;1;668500;4885500;668500;4885500;0;0;0
537;a7_paca;668500_4888500;URBAINE;0;1;668500;4888500;668500;4888500;0;0;0
538;a7_paca;668500_4891500;URBAINE;0;1;668500;4891500;668500;4891500;0;0;0
539;a7_paca;668500_4894500;URBAINE;0;1;668500;4894500;668500;4894500;0;0;0
540;a7_paca;668500_4897500;URBAINE;0;1;668500;4897500;668500;4897500;0;0;0
541;a7_paca;668500_4900500;URBAINE;0;1;668500;4900500;668500;4900500;0;0;0
542;a7_paca;668500_4903500;URBAINE;0;1;668500;4903500;668500;4903500;0;0;0
543;a7_paca;668500_4906500;URBAINE;0;1;668500;4906500;668500;4906500;0;0;0
544;a7_paca;668500_4909500;URBAINE;0;1;668500;4909500;668500;4909500;0;0;0
545;a7_paca;668500_4912500;URBAINE;0;1;668500;4912500;668500;4912500;0;0;0
546;a7_paca;668500_4915500;URBAINE;0;1;668500;4915500;668500;4915500;0;0;0
547;a7_paca;671500_4792500;URBAINE;0;1;671500;4792500;671500;4792500;0;0;0
548;a7_paca;671500_4795500;URBAINE;0;1;671500;4795500;671500;4795500;0;0;0
549;a7_paca;671500_4798500;URBAINE;0;1;671500;4798500;671500;4798500;0;0;0
550;a7_paca;671500_4801500;URBAINE;0;1;671500;4801500;671500;4801500;0;0;0
551;a7_paca;671500_4804500;URBAINE;0;1;671500;4804500;671500;4804500;0;0;0
552;a7_paca;671500_4807500;URBAINE;0;1;671500;4807500;671500;4807500;0;0;0
553;a7_paca;671500_4810500;URBAINE;0;1;671500;4810500;671500;4810500;0;0;0
554;a7_paca;671500_4813500;URBAINE;0;1;671500;4813500;671500;4813500;0;0;0
555;a7_paca;671500_4816500;URBAINE;0;1;671500;4816500;671500;4816500;0;0;0
556;a7_paca;671500_4819500;URBAINE;0;1;671500;4819500;671500;4819500;0;0;0
557;a7_paca;671500_4822500;URBAINE;0;1;671500;4822500;671500;4822500;0;0;0
558;a7_paca;671500_4825500;URBAINE;0;1;671500;4825500;671500;4825500;0;0;0
559;a7_paca;671500_4828500;URBAINE;1;1;671500;4828500;671500;4828500;0;0;0
560;a7_paca;671500_4831500;URBAINE;1;1;671500;4831500;671500;4831500;0;0;0
561;a7_paca;671500_4834500;URBAINE;1;1;671500;4834500;671500;4834500;0;0;0
562;a7_paca;671500_4837500;URBAINE;1;1;671500;4837500;671500;4837500;0;0;0
563;a7_paca;671500_4840500;URBAINE;1;1;671500;4840500;671500;4840500;0;0;0
564;a7_paca;671500_4843500;URBAINE;1;1;671500;4843500;671500;4843500;0;0;0
565;a7_paca;671500_4846500;URBAINE;1;1;671500;4846500;671500;4846500;0;0;0
566;a7_paca;671500_4849500;URBAINE;1;1;671500;4849500;671500;4849500;0;0;0
567;a7_paca;671500_4852500;URBAINE;0;1;671500;4852500;671500;4852500;0;0;0
568;a7_paca;671500_4855500;URBAINE;0;1;671500;4855500;671500;4855500;0;0;0
569;a7_paca;671500_4858500;URBAINE;0;1;671500;4858500;671500;4858500;0;0;0
570;a7_paca;671500_4861500;URBAINE;0;1;671500;4861500;671500;4861500;0;0;0
571;a7_paca;671500_4864500;URBAINE;0;1;671500;4864500;671500;4864500;0;0;0
572;a7_paca;671500_4867500;URBAINE;0;1;671500;4867500;671500;4867500;0;0;0
573;a7_paca;671500_4870500;URBAINE;0;1;671500;4870500;671500;4870500;0;0;0
574;a7_paca;671500_4873500;URBAINE;0;1;671500;4873500;671500;4873500;0;0;0
575;a7_paca;671500_4876500;URBAINE;0;1;671500;4876500;671500;4876500;0;0;0
576;a7_paca;671500_4879500;URBAINE;0;1;671500;4879500;671500;4879500;0;0;0
577;a7_paca;671500_4882500;URBAINE;0;1;671500;4882500;671500;4882500;0;0;0
578;a7_paca;671500_4885500;URBAINE;0;1;671500;4885500;671500;4885500;0;0;0
579;a7_paca;671500_4888500;URBAINE;0;1;671500;4888500;671500;4888500;0;0;0
580;a7_paca;671500_4891500;URBAINE;0;1;671500;4891500;671500;4891500;0;0;0
581;a7_paca;671500_4894500;URBAINE;0;1;671500;4894500;671500;4894500;0;0;0
582;a7_paca;671500_4897500;URBAINE;0;1;671500;4897500;671500;4897500;0;0;0
583;a7_paca;671500_4900500;URBAINE;0;1;671500;4900500;671500;4900500;0;0;0
584;a7_paca;671500_4903500;URBAINE;0;1;671500;4903500;671500;4903500;0;0;0
585;a7_paca;671500_4906500;URBAINE;0;1;671500;4906500;671500;4906500;0;0;0
586;a7_paca;671500_4909500;URBAINE;0;1;671500;4909500;671500;4909500;0;0;0
587;a7_paca;671500_4912500;URBAINE;0;1;671500;4912500;671500;4912500;0;0;0
588;a7_paca;671500_4915500;URBAINE;0;1;671500;4915500;671500;4915500;0;0;0
589;a7_paca;674500_4792500;URBAINE;0;1;674500;4792500;674500;4792500;0;0;0
590;a7_paca;674500_4795500;URBAINE;0;1;674500;4795500;674500;4795500;0;0;0
591;a7_paca;674500_4798500;URBAINE;0;1;674500;4798500;674500;4798500;0;0;0
592;a7_paca;674500_4801500;URBAINE;0;1;674500;4801500;674500;4801500;0;0;0
593;a7_paca;674500_4804500;URBAINE;0;1;674500;4804500;674500;4804500;0;0;0
594;a7_paca;674500_4807500;URBAINE;0;1;674500;4807500;674500;4807500;0;0;0
595;a7_paca;674500_4810500;URBAINE;0;1;674500;4810500;674500;4810500;0;0;0
596;a7_paca;674500_4813500;URBAINE;0;1;674500;4813500;674500;4813500;0;0;0
597;a7_paca;674500_4816500;URBAINE;0;1;674500;4816500;674500;4816500;0;0;0
598;a7_paca;674500_4819500;URBAINE;0;1;674500;4819500;674500;4819500;0;0;0
599;a7_paca;674500_4822500;URBAINE;1;1;674500;4822500;674500;4822500;0;0;0
600;a7_paca;674500_4825500;URBAINE;1;1;674500;4825500;674500;4825500;0;0;0
601;a7_paca;674500_4828500;URBAINE;1;1;674500;4828500;674500;4828500;0;0;0
602;a7_paca;674500_4831500;URBAINE;1;1;674500;4831500;674500;4831500;0;0;0
603;a7_paca;674500_4834500;URBAINE;1;1;674500;4834500;674500;4834500;0;0;0
604;a7_paca;674500_4837500;URBAINE;1;1;674500;4837500;674500;4837500;0;0;0
605;a7_paca;674500_4840500;URBAINE;1;1;674500;4840500;674500;4840500;0;0;0
606;a7_paca;674500_4843500;URBAINE;1;1;674500;4843500;674500;4843500;0;0;0
607;a7_paca;674500_4846500;URBAINE;0;1;674500;4846500;674500;4846500;0;0;0
608;a7_paca;674500_4849500;URBAINE;0;1;674500;4849500;674500;4849500;0;0;0
609;a7_paca;674500_4852500;URBAINE;0;1;674500;4852500;674500;4852500;0;0;0
610;a7_paca;674500_4855500;URBAINE;0;1;674500;4855500;674500;4855500;0;0;0
611;a7_paca;674500_4858500;URBAINE;0;1;674500;4858500;674500;4858500;0;0;0
612;a7_paca;674500_4861500;URBAINE;0;1;674500;4861500;674500;4861500;0;0;0
613;a7_paca;674500_4864500;URBAINE;0;1;674500;4864500;674500;4864500;0;0;0
614;a7_paca;674500_4867500;URBAINE;0;1;674500;4867500;674500;4867500;0;0;0
615;a7_paca;674500_4870500;URBAINE;0;1;674500;4870500;674500;4870500;0;0;0
616;a7_paca;674500_4873500;URBAINE;0;1;674500;4873500;674500;4873500;0;0;0
617;a7_paca;674500_4876500;URBAINE;0;1;674500;4876500;674500;4876500;0;0;0
618;a7_paca;674500_4879500;URBAINE;0;1;674500;4879500;674500;4879500;0;0;0
619;a7_paca;674500_4882500;URBAINE;0;1;674500;4882500;674500;4882500;0;0;0
620;a7_paca;674500_4885500;URBAINE;0;1;674500;4885500;674500;4885500;0;0;0
621;a7_paca;674500_4888500;URBAINE;0;1;674500;4888500;674500;4888500;0;0;0
622;a7_paca;674500_4891500;URBAINE;0;1;674500;4891500;674500;4891500;0;0;0
623;a7_paca;674500_4894500;URBAINE;0;1;674500;4894500;674500;4894500;0;0;0
624;a7_paca;674500_4897500;URBAINE;0;1;674500;4897500;674500;4897500;0;0;0
625;a7_paca;674500_4900500;URBAINE;0;1;674500;4900500;674500;4900500;0;0;0
626;a7_paca;674500_4903500;URBAINE;0;1;674500;4903500;674500;4903500;0;0;0
627;a7_paca;674500_4906500;URBAINE;0;1;674500;4906500;674500;4906500;0;0;0
628;a7_paca;674500_4909500;URBAINE;0;1;674500;4909500;674500;4909500;0;0;0
629;a7_paca;674500_4912500;URBAINE;0;1;674500;4912500;674500;4912500;0;0;0
630;a7_paca;674500_4915500;URBAINE;0;1;674500;4915500;674500;4915500;0;0;0
631;a7_paca;677500_4792500;URBAINE;0;1;677500;4792500;677500;4792500;0;0;0
632;a7_paca;677500_4795500;URBAINE;0;1;677500;4795500;677500;4795500;0;0;0
633;a7_paca;677500_4798500;URBAINE;0;1;677500;4798500;677500;4798500;0;0;0
634;a7_paca;677500_4801500;URBAINE;0;1;677500;4801500;677500;4801500;0;0;0
635;a7_paca;677500_4804500;URBAINE;0;1;677500;4804500;677500;4804500;0;0;0
636;a7_paca;677500_4807500;URBAINE;0;1;677500;4807500;677500;4807500;0;0;0
637;a7_paca;677500_4810500;URBAINE;0;1;677500;4810500;677500;4810500;0;0;0
638;a7_paca;677500_4813500;URBAINE;0;1;677500;4813500;677500;4813500;0;0;0
639;a7_paca;677500_4816500;URBAINE;1;1;677500;4816500;677500;4816500;0;0;0
640;a7_paca;677500_4819500;URBAINE;1;1;677500;4819500;677500;4819500;0;0;0
641;a7_paca;677500_4822500;URBAINE;1;1;677500;4822500;677500;4822500;0;0;0
642;a7_paca;677500_4825500;URBAINE;1;1;677500;4825500;677500;4825500;0;0;0
643;a7_paca;677500_4828500;URBAINE;1;1;677500;4828500;677500;4828500;0;0;0
644;a7_paca;677500_4831500;URBAINE;1;1;677500;4831500;677500;4831500;0;0;0
645;a7_paca;677500_4834500;URBAINE;1;1;677500;4834500;677500;4834500;0;0;0
646;a7_paca;677500_4837500;URBAINE;0;1;677500;4837500;677500;4837500;0;0;0
647;a7_paca;677500_4840500;URBAINE;0;1;677500;4840500;677500;4840500;0;0;0
648;a7_paca;677500_4843500;URBAINE;0;1;677500;4843500;677500;4843500;0;0;0
649;a7_paca;677500_4846500;URBAINE;0;1;677500;4846500;677500;4846500;0;0;0
650;a7_paca;677500_4849500;URBAINE;0;1;677500;4849500;677500;4849500;0;0;0
651;a7_paca;677500_4852500;URBAINE;0;1;677500;4852500;677500;4852500;0;0;0
652;a7_paca;677500_4855500;URBAINE;0;1;677500;4855500;677500;4855500;0;0;0
653;a7_paca;677500_4858500;URBAINE;0;1;677500;4858500;677500;4858500;0;0;0
654;a7_paca;677500_4861500;URBAINE;0;1;677500;4861500;677500;4861500;0;0;0
655;a7_paca;677500_4864500;URBAINE;0;1;677500;4864500;677500;4864500;0;0;0
656;a7_paca;677500_4867500;URBAINE;0;1;677500;4867500;677500;4867500;0;0;0
657;a7_paca;677500_4870500;URBAINE;0;1;677500;4870500;677500;4870500;0;0;0
658;a7_paca;677500_4873500;URBAINE;0;1;677500;4873500;677500;4873500;0;0;0
659;a7_paca;677500_4876500;URBAINE;0;1;677500;4876500;677500;4876500;0;0;0
660;a7_paca;677500_4879500;URBAINE;0;1;677500;4879500;677500;4879500;0;0;0
661;a7_paca;677500_4882500;URBAINE;0;1;677500;4882500;677500;4882500;0;0;0
662;a7_paca;677500_4885500;URBAINE;0;1;677500;4885500;677500;4885500;0;0;0
663;a7_paca;677500_4888500;URBAINE;0;1;677500;4888500;677500;4888500;0;0;0
664;a7_paca;677500_4891500;URBAINE;0;1;677500;4891500;677500;4891500;0;0;0
665;a7_paca;677500_4894500;URBAINE;0;1;677500;4894500;677500;4894500;0;0;0
666;a7_paca;677500_4897500;URBAINE;0;1;677500;4897500;677500;4897500;0;0;0
667;a7_paca;677500_4900500;URBAINE;0;1;677500;4900500;677500;4900500;0;0;0
668;a7_paca;677500_4903500;URBAINE;0;1;677500;4903500;677500;4903500;0;0;0
669;a7_paca;677500_4906500;URBAINE;0;1;677500;4906500;677500;4906500;0;0;0
670;a7_paca;677500_4909500;URBAINE;0;1;677500;4909500;677500;4909500;0;0;0
671;a7_paca;677500_4912500;URBAINE;0;1;677500;4912500;677500;4912500;0;0;0
672;a7_paca;677500_4915500;URBAINE;0;1;677500;4915500;677500;4915500;0;0;0
673;a7_paca;680500_4792500;URBAINE;0;1;680500;4792500;680500;4792500;0;0;0
674;a7_paca;680500_4795500;URBAINE;0;1;680500;4795500;680500;4795500;0;0;0
675;a7_paca;680500_4798500;URBAINE;0;1;680500;4798500;680500;4798500;0;0;0
676;a7_paca;680500_4801500;URBAINE;0;1;680500;4801500;680500;4801500;0;0;0
677;a7_paca;680500_4804500;URBAINE;1;1;680500;4804500;680500;4804500;0;0;0
678;a7_paca;680500_4807500;URBAINE;1;1;680500;4807500;680500;4807500;0;0;0
679;a7_paca;680500_4810500;URBAINE;1;1;680500;4810500;680500;4810500;0;0;0
680;a7_paca;680500_4813500;URBAINE;1;1;680500;4813500;680500;4813500;0;0;0
681;a7_paca;680500_4816500;URBAINE;1;1;680500;4816500;680500;4816500;0;0;0
682;a7_paca;680500_4819500;URBAINE;1;1;680500;4819500;680500;4819500;0;0;0
683;a7_paca;680500_4822500;URBAINE;1;1;680500;4822500;680500;4822500;0;0;0
684;a7_paca;680500_4825500;URBAINE;1;1;680500;4825500;680500;4825500;0;0;0
685;a7_paca;680500_4828500;URBAINE;0;1;680500;4828500;680500;4828500;0;0;0
686;a7_paca;680500_4831500;URBAINE;1;1;680500;4831500;680500;4831500;0;0;0
687;a7_paca;680500_4834500;URBAINE;0;1;680500;4834500;680500;4834500;0;0;0
688;a7_paca;680500_4837500;URBAINE;0;1;680500;4837500;680500;4837500;0;0;0
689;a7_paca;680500_4840500;URBAINE;0;1;680500;4840500;680500;4840500;0;0;0
690;a7_paca;680500_4843500;URBAINE;0;1;680500;4843500;680500;4843500;0;0;0
691;a7_paca;680500_4846500;URBAINE;0;1;680500;4846500;680500;4846500;0;0;0
692;a7_paca;680500_4849500;URBAINE;0;1;680500;4849500;680500;4849500;0;0;0
693;a7_paca;680500_4852500;URBAINE;0;1;680500;4852500;680500;4852500;0;0;0
694;a7_paca;680500_4855500;URBAINE;0;1;680500;4855500;680500;4855500;0;0;0
695;a7_paca;680500_4858500;URBAINE;0;1;680500;4858500;680500;4858500;0;0;0
696;a7_paca;680500_4861500;URBAINE;0;1;680500;4861500;680500;4861500;0;0;0
697;a7_paca;680500_4864500;URBAINE;0;1;680500;4864500;680500;4864500;0;0;0
698;a7_paca;680500_4867500;URBAINE;0;1;680500;4867500;680500;4867500;0;0;0
699;a7_paca;680500_4870500;URBAINE;0;1;680500;4870500;680500;4870500;0;0;0
700;a7_paca;680500_4873500;URBAINE;0;1;680500;4873500;680500;4873500;0;0;0
701;a7_paca;680500_4876500;URBAINE;0;1;680500;4876500;680500;4876500;0;0;0
702;a7_paca;680500_4879500;URBAINE;0;1;680500;4879500;680500;4879500;0;0;0
703;a7_paca;680500_4882500;URBAINE;0;1;680500;4882500;680500;4882500;0;0;0
704;a7_paca;680500_4885500;URBAINE;0;1;680500;4885500;680500;4885500;0;0;0
705;a7_paca;680500_4888500;URBAINE;0;1;680500;4888500;680500;4888500;0;0;0
706;a7_paca;680500_4891500;URBAINE;0;1;680500;4891500;680500;4891500;0;0;0
707;a7_paca;680500_4894500;URBAINE;0;1;680500;4894500;680500;4894500;0;0;0
708;a7_paca;680500_4897500;URBAINE;0;1;680500;4897500;680500;4897500;0;0;0
709;a7_paca;680500_4900500;URBAINE;0;1;680500;4900500;680500;4900500;0;0;0
710;a7_paca;680500_4903500;URBAINE;0;1;680500;4903500;680500;4903500;0;0;0
711;a7_paca;680500_4906500;URBAINE;0;1;680500;4906500;680500;4906500;0;0;0
712;a7_paca;680500_4909500;URBAINE;0;1;680500;4909500;680500;4909500;0;0;0
713;a7_paca;680500_4912500;URBAINE;0;1;680500;4912500;680500;4912500;0;0;0
714;a7_paca;680500_4915500;URBAINE;0;1;680500;4915500;680500;4915500;0;0;0
715;a7_paca;683500_4792500;URBAINE;0;1;683500;4792500;683500;4792500;0;0;0
716;a7_paca;683500_4795500;URBAINE;0;1;683500;4795500;683500;4795500;0;0;0
717;a7_paca;683500_4798500;URBAINE;0;1;683500;4798500;683500;4798500;0;0;0
718;a7_paca;683500_4801500;URBAINE;0;1;683500;4801500;683500;4801500;0;0;0
719;a7_paca;683500_4804500;URBAINE;0;1;683500;4804500;683500;4804500;0;0;0
720;a7_paca;683500_4807500;URBAINE;1;1;683500;4807500;683500;4807500;0;0;0
721;a7_paca;683500_4810500;URBAINE;1;1;683500;4810500;683500;4810500;0;0;0
722;a7_paca;683500_4813500;URBAINE;1;1;683500;4813500;683500;4813500;0;0;0
723;a7_paca;683500_4816500;URBAINE;0;1;683500;4816500;683500;4816500;0;0;0
724;a7_paca;683500_4819500;URBAINE;0;1;683500;4819500;683500;4819500;0;0;0
725;a7_paca;683500_4822500;URBAINE;1;1;683500;4822500;683500;4822500;0;0;0
726;a7_paca;683500_4825500;URBAINE;1;1;683500;4825500;683500;4825500;0;0;0
727;a7_paca;683500_4828500;URBAINE;0;1;683500;4828500;683500;4828500;0;0;0
728;a7_paca;683500_4831500;URBAINE;0;1;683500;4831500;683500;4831500;0;0;0
729;a7_paca;683500_4834500;URBAINE;0;1;683500;4834500;683500;4834500;0;0;0
730;a7_paca;683500_4837500;URBAINE;0;1;683500;4837500;683500;4837500;0;0;0
731;a7_paca;683500_4840500;URBAINE;0;1;683500;4840500;683500;4840500;0;0;0
732;a7_paca;683500_4843500;URBAINE;0;1;683500;4843500;683500;4843500;0;0;0
733;a7_paca;683500_4846500;URBAINE;0;1;683500;4846500;683500;4846500;0;0;0
734;a7_paca;683500_4849500;URBAINE;0;1;683500;4849500;683500;4849500;0;0;0
735;a7_paca;683500_4852500;URBAINE;0;1;683500;4852500;683500;4852500;0;0;0
736;a7_paca;683500_4855500;URBAINE;0;1;683500;4855500;683500;4855500;0;0;0
737;a7_paca;683500_4858500;URBAINE;0;1;683500;4858500;683500;4858500;0;0;0
738;a7_paca;683500_4861500;URBAINE;0;1;683500;4861500;683500;4861500;0;0;0
739;a7_paca;683500_4864500;URBAINE;0;1;683500;4864500;683500;4864500;0;0;0
740;a7_paca;683500_4867500;URBAINE;0;1;683500;4867500;683500;4867500;0;0;0
741;a7_paca;683500_4870500;URBAINE;0;1;683500;4870500;683500;4870500;0;0;0
742;a7_paca;683500_4873500;URBAINE;0;1;683500;4873500;683500;4873500;0;0;0
743;a7_paca;683500_4876500;URBAINE;0;1;683500;4876500;683500;4876500;0;0;0
744;a7_paca;683500_4879500;URBAINE;0;1;683500;4879500;683500;4879500;0;0;0
745;a7_paca;683500_4882500;URBAINE;0;1;683500;4882500;683500;4882500;0;0;0
746;a7_paca;683500_4885500;URBAINE;0;1;683500;4885500;683500;4885500;0;0;0
747;a7_paca;683500_4888500;URBAINE;0;1;683500;4888500;683500;4888500;0;0;0
748;a7_paca;683500_4891500;URBAINE;0;1;683500;4891500;683500;4891500;0;0;0
749;a7_paca;683500_4894500;URBAINE;0;1;683500;4894500;683500;4894500;0;0;0
750;a7_paca;683500_4897500;URBAINE;0;1;683500;4897500;683500;4897500;0;0;0
751;a7_paca;683500_4900500;URBAINE;0;1;683500;4900500;683500;4900500;0;0;0
752;a7_paca;683500_4903500;URBAINE;0;1;683500;4903500;683500;4903500;0;0;0
753;a7_paca;683500_4906500;URBAINE;0;1;683500;4906500;683500;4906500;0;0;0
754;a7_paca;683500_4909500;URBAINE;0;1;683500;4909500;683500;4909500;0;0;0
755;a7_paca;683500_4912500;URBAINE;0;1;683500;4912500;683500;4912500;0;0;0
756;a7_paca;683500_4915500;URBAINE;0;1;683500;4915500;683500;4915500;0;0;0
757;a7_paca;686500_4792500;URBAINE;0;1;686500;4792500;686500;4792500;0;0;0
758;a7_paca;686500_4795500;URBAINE;0;1;686500;4795500;686500;4795500;0;0;0
759;a7_paca;686500_4798500;URBAINE;0;1;686500;4798500;686500;4798500;0;0;0
760;a7_paca;686500_4801500;URBAINE;0;1;686500;4801500;686500;4801500;0;0;0
761;a7_paca;686500_4804500;URBAINE;1;1;686500;4804500;686500;4804500;0;0;0
762;a7_paca;686500_4807500;URBAINE;1;1;686500;4807500;686500;4807500;0;0;0
763;a7_paca;686500_4810500;URBAINE;1;1;686500;4810500;686500;4810500;0;0;0
764;a7_paca;686500_4813500;URBAINE;1;1;686500;4813500;686500;4813500;0;0;0
765;a7_paca;686500_4816500;URBAINE;0;1;686500;4816500;686500;4816500;0;0;0
766;a7_paca;686500_4819500;URBAINE;0;1;686500;4819500;686500;4819500;0;0;0
767;a7_paca;686500_4822500;URBAINE;1;1;686500;4822500;686500;4822500;0;0;0
768;a7_paca;686500_4825500;URBAINE;1;1;686500;4825500;686500;4825500;0;0;0
769;a7_paca;686500_4828500;URBAINE;0;1;686500;4828500;686500;4828500;0;0;0
770;a7_paca;686500_4831500;URBAINE;0;1;686500;4831500;686500;4831500;0;0;0
771;a7_paca;686500_4834500;URBAINE;0;1;686500;4834500;686500;4834500;0;0;0
772;a7_paca;686500_4837500;URBAINE;0;1;686500;4837500;686500;4837500;0;0;0
773;a7_paca;686500_4840500;URBAINE;0;1;686500;4840500;686500;4840500;0;0;0
774;a7_paca;686500_4843500;URBAINE;0;1;686500;4843500;686500;4843500;0;0;0
775;a7_paca;686500_4846500;URBAINE;0;1;686500;4846500;686500;4846500;0;0;0
776;a7_paca;686500_4849500;URBAINE;0;1;686500;4849500;686500;4849500;0;0;0
777;a7_paca;686500_4852500;URBAINE;0;1;686500;4852500;686500;4852500;0;0;0
778;a7_paca;686500_4855500;URBAINE;0;1;686500;4855500;686500;4855500;0;0;0
779;a7_paca;686500_4858500;URBAINE;0;1;686500;4858500;686500;4858500;0;0;0
780;a7_paca;686500_4861500;URBAINE;0;1;686500;4861500;686500;4861500;0;0;0
781;a7_paca;686500_4864500;URBAINE;0;1;686500;4864500;686500;4864500;0;0;0
782;a7_paca;686500_4867500;URBAINE;0;1;686500;4867500;686500;4867500;0;0;0
783;a7_paca;686500_4870500;URBAINE;0;1;686500;4870500;686500;4870500;0;0;0
784;a7_paca;686500_4873500;URBAINE;0;1;686500;4873500;686500;4873500;0;0;0
785;a7_paca;686500_4876500;URBAINE;0;1;686500;4876500;686500;4876500;0;0;0
786;a7_paca;686500_4879500;URBAINE;0;1;686500;4879500;686500;4879500;0;0;0
787;a7_paca;686500_4882500;URBAINE;0;1;686500;4882500;686500;4882500;0;0;0
788;a7_paca;686500_4885500;URBAINE;0;1;686500;4885500;686500;4885500;0;0;0
789;a7_paca;686500_4888500;URBAINE;0;1;686500;4888500;686500;4888500;0;0;0
790;a7_paca;686500_4891500;URBAINE;0;1;686500;4891500;686500;4891500;0;0;0
791;a7_paca;686500_4894500;URBAINE;0;1;686500;4894500;686500;4894500;0;0;0
792;a7_paca;686500_4897500;URBAINE;0;1;686500;4897500;686500;4897500;0;0;0
793;a7_paca;686500_4900500;URBAINE;0;1;686500;4900500;686500;4900500;0;0;0
794;a7_paca;686500_4903500;URBAINE;0;1;686500;4903500;686500;4903500;0;0;0
795;a7_paca;686500_4906500;URBAINE;0;1;686500;4906500;686500;4906500;0;0;0
796;a7_paca;686500_4909500;URBAINE;0;1;686500;4909500;686500;4909500;0;0;0
797;a7_paca;686500_4912500;URBAINE;0;1;686500;4912500;686500;4912500;0;0;0
798;a7_paca;686500_4915500;URBAINE;0;1;686500;4915500;686500;4915500;0;0;0
799;a7_paca;689500_4792500;URBAINE;0;1;689500;4792500;689500;4792500;0;0;0
800;a7_paca;689500_4795500;URBAINE;1;1;689500;4795500;689500;4795500;0;0;0
801;a7_paca;689500_4798500;URBAINE;1;1;689500;4798500;689500;4798500;0;0;0
802;a7_paca;689500_4801500;URBAINE;1;1;689500;4801500;689500;4801500;0;0;0
803;a7_paca;689500_4804500;URBAINE;1;1;689500;4804500;689500;4804500;0;0;0
804;a7_paca;689500_4807500;URBAINE;1;1;689500;4807500;689500;4807500;0;0;0
805;a7_paca;689500_4810500;URBAINE;1;1;689500;4810500;689500;4810500;0;0;0
806;a7_paca;689500_4813500;URBAINE;0;1;689500;4813500;689500;4813500;0;0;0
807;a7_paca;689500_4816500;URBAINE;0;1;689500;4816500;689500;4816500;0;0;0
808;a7_paca;689500_4819500;URBAINE;0;1;689500;4819500;689500;4819500;0;0;0
809;a7_paca;689500_4822500;URBAINE;0;1;689500;4822500;689500;4822500;0;0;0
810;a7_paca;689500_4825500;URBAINE;0;1;689500;4825500;689500;4825500;0;0;0
811;a7_paca;689500_4828500;URBAINE;0;1;689500;4828500;689500;4828500;0;0;0
812;a7_paca;689500_4831500;URBAINE;0;1;689500;4831500;689500;4831500;0;0;0
813;a7_paca;689500_4834500;URBAINE;0;1;689500;4834500;689500;4834500;0;0;0
814;a7_paca;689500_4837500;URBAINE;0;1;689500;4837500;689500;4837500;0;0;0
815;a7_paca;689500_4840500;URBAINE;0;1;689500;4840500;689500;4840500;0;0;0
816;a7_paca;689500_4843500;URBAINE;0;1;689500;4843500;689500;4843500;0;0;0
817;a7_paca;689500_4846500;URBAINE;0;1;689500;4846500;689500;4846500;0;0;0
818;a7_paca;689500_4849500;URBAINE;0;1;689500;4849500;689500;4849500;0;0;0
819;a7_paca;689500_4852500;URBAINE;0;1;689500;4852500;689500;4852500;0;0;0
820;a7_paca;689500_4855500;URBAINE;0;1;689500;4855500;689500;4855500;0;0;0
821;a7_paca;689500_4858500;URBAINE;0;1;689500;4858500;689500;4858500;0;0;0
822;a7_paca;689500_4861500;URBAINE;0;1;689500;4861500;689500;4861500;0;0;0
823;a7_paca;689500_4864500;URBAINE;0;1;689500;4864500;689500;4864500;0;0;0
824;a7_paca;689500_4867500;URBAINE;0;1;689500;4867500;689500;4867500;0;0;0
825;a7_paca;689500_4870500;URBAINE;0;1;689500;4870500;689500;4870500;0;0;0
826;a7_paca;689500_4873500;URBAINE;0;1;689500;4873500;689500;4873500;0;0;0
827;a7_paca;689500_4876500;URBAINE;0;1;689500;4876500;689500;4876500;0;0;0
828;a7_paca;689500_4879500;URBAINE;0;1;689500;4879500;689500;4879500;0;0;0
829;a7_paca;689500_4882500;URBAINE;0;1;689500;4882500;689500;4882500;0;0;0
830;a7_paca;689500_4885500;URBAINE;0;1;689500;4885500;689500;4885500;0;0;0
831;a7_paca;689500_4888500;URBAINE;0;1;689500;4888500;689500;4888500;0;0;0
832;a7_paca;689500_4891500;URBAINE;0;1;689500;4891500;689500;4891500;0;0;0
833;a7_paca;689500_4894500;URBAINE;0;1;689500;4894500;689500;4894500;0;0;0
834;a7_paca;689500_4897500;URBAINE;0;1;689500;4897500;689500;4897500;0;0;0
835;a7_paca;689500_4900500;URBAINE;0;1;689500;4900500;689500;4900500;0;0;0
836;a7_paca;689500_4903500;URBAINE;0;1;689500;4903500;689500;4903500;0;0;0
837;a7_paca;689500_4906500;URBAINE;0;1;689500;4906500;689500;4906500;0;0;0
838;a7_paca;689500_4909500;URBAINE;0;1;689500;4909500;689500;4909500;0;0;0
839;a7_paca;689500_4912500;URBAINE;0;1;689500;4912500;689500;4912500;0;0;0
840;a7_paca;689500_4915500;URBAINE;0;1;689500;4915500;689500;4915500;0;0;0
841;a7_paca;692500_4792500;URBAINE;1;1;692500;4792500;692500;4792500;0;0;0
842;a7_paca;692500_4795500;URBAINE;1;1;692500;4795500;692500;4795500;0;0;0
843;a7_paca;692500_4798500;URBAINE;1;1;692500;4798500;692500;4798500;0;0;0
844;a7_paca;692500_4801500;URBAINE;1;1;692500;4801500;692500;4801500;0;0;0
845;a7_paca;692500_4804500;URBAINE;1;1;692500;4804500;692500;4804500;0;0;0
846;a7_paca;692500_4807500;URBAINE;1;1;692500;4807500;692500;4807500;0;0;0
847;a7_paca;692500_4810500;URBAINE;1;1;692500;4810500;692500;4810500;0;0;0
848;a7_paca;692500_4813500;URBAINE;1;1;692500;4813500;692500;4813500;0;0;0
849;a7_paca;692500_4816500;URBAINE;0;1;692500;4816500;692500;4816500;0;0;0
850;a7_paca;692500_4819500;URBAINE;0;1;692500;4819500;692500;4819500;0;0;0
851;a7_paca;692500_4822500;URBAINE;0;1;692500;4822500;692500;4822500;0;0;0
852;a7_paca;692500_4825500;URBAINE;0;1;692500;4825500;692500;4825500;0;0;0
853;a7_paca;692500_4828500;URBAINE;0;1;692500;4828500;692500;4828500;0;0;0
854;a7_paca;692500_4831500;URBAINE;0;1;692500;4831500;692500;4831500;0;0;0
855;a7_paca;692500_4834500;URBAINE;0;1;692500;4834500;692500;4834500;0;0;0
856;a7_paca;692500_4837500;URBAINE;0;1;692500;4837500;692500;4837500;0;0;0
857;a7_paca;692500_4840500;URBAINE;0;1;692500;4840500;692500;4840500;0;0;0
858;a7_paca;692500_4843500;URBAINE;0;1;692500;4843500;692500;4843500;0;0;0
859;a7_paca;692500_4846500;URBAINE;0;1;692500;4846500;692500;4846500;0;0;0
860;a7_paca;692500_4849500;URBAINE;0;1;692500;4849500;692500;4849500;0;0;0
861;a7_paca;692500_4852500;URBAINE;0;1;692500;4852500;692500;4852500;0;0;0
862;a7_paca;692500_4855500;URBAINE;0;1;692500;4855500;692500;4855500;0;0;0
863;a7_paca;692500_4858500;URBAINE;0;1;692500;4858500;692500;4858500;0;0;0
864;a7_paca;692500_4861500;URBAINE;0;1;692500;4861500;692500;4861500;0;0;0
865;a7_paca;692500_4864500;URBAINE;0;1;692500;4864500;692500;4864500;0;0;0
866;a7_paca;692500_4867500;URBAINE;0;1;692500;4867500;692500;4867500;0;0;0
867;a7_paca;692500_4870500;URBAINE;0;1;692500;4870500;692500;4870500;0;0;0
868;a7_paca;692500_4873500;URBAINE;0;1;692500;4873500;692500;4873500;0;0;0
869;a7_paca;692500_4876500;URBAINE;0;1;692500;4876500;692500;4876500;0;0;0
870;a7_paca;692500_4879500;URBAINE;0;1;692500;4879500;692500;4879500;0;0;0
871;a7_paca;692500_4882500;URBAINE;0;1;692500;4882500;692500;4882500;0;0;0
872;a7_paca;692500_4885500;URBAINE;0;1;692500;4885500;692500;4885500;0;0;0
873;a7_paca;692500_4888500;URBAINE;0;1;692500;4888500;692500;4888500;0;0;0
874;a7_paca;692500_4891500;URBAINE;0;1;692500;4891500;692500;4891500;0;0;0
875;a7_paca;692500_4894500;URBAINE;0;1;692500;4894500;692500;4894500;0;0;0
876;a7_paca;692500_4897500;URBAINE;0;1;692500;4897500;692500;4897500;0;0;0
877;a7_paca;692500_4900500;URBAINE;0;1;692500;4900500;692500;4900500;0;0;0
878;a7_paca;692500_4903500;URBAINE;0;1;692500;4903500;692500;4903500;0;0;0
879;a7_paca;692500_4906500;URBAINE;0;1;692500;4906500;692500;4906500;0;0;0
880;a7_paca;692500_4909500;URBAINE;0;1;692500;4909500;692500;4909500;0;0;0
881;a7_paca;692500_4912500;URBAINE;0;1;692500;4912500;692500;4912500;0;0;0
882;a7_paca;692500_4915500;URBAINE;0;1;692500;4915500;692500;4915500;0;0;0
883;a7_paca;695500_4792500;URBAINE;1;1;695500;4792500;695500;4792500;0;0;0
884;a7_paca;695500_4795500;URBAINE;1;1;695500;4795500;695500;4795500;0;0;0
885;a7_paca;695500_4798500;URBAINE;1;1;695500;4798500;695500;4798500;0;0;0
886;a7_paca;695500_4801500;URBAINE;1;1;695500;4801500;695500;4801500;0;0;0
887;a7_paca;695500_4804500;URBAINE;0;1;695500;4804500;695500;4804500;0;0;0
888;a7_paca;695500_4807500;URBAINE;0;1;695500;4807500;695500;4807500;0;0;0
889;a7_paca;695500_4810500;URBAINE;0;1;695500;4810500;695500;4810500;0;0;0
890;a7_paca;695500_4813500;URBAINE;0;1;695500;4813500;695500;4813500;0;0;0
891;a7_paca;695500_4816500;URBAINE;0;1;695500;4816500;695500;4816500;0;0;0
892;a7_paca;695500_4819500;URBAINE;0;1;695500;4819500;695500;4819500;0;0;0
893;a7_paca;695500_4822500;URBAINE;0;1;695500;4822500;695500;4822500;0;0;0
894;a7_paca;695500_4825500;URBAINE;0;1;695500;4825500;695500;4825500;0;0;0
895;a7_paca;695500_4828500;URBAINE;0;1;695500;4828500;695500;4828500;0;0;0
896;a7_paca;695500_4831500;URBAINE;0;1;695500;4831500;695500;4831500;0;0;0
897;a7_paca;695500_4834500;URBAINE;0;1;695500;4834500;695500;4834500;0;0;0
898;a7_paca;695500_4837500;URBAINE;0;1;695500;4837500;695500;4837500;0;0;0
899;a7_paca;695500_4840500;URBAINE;0;1;695500;4840500;695500;4840500;0;0;0
900;a7_paca;695500_4843500;URBAINE;0;1;695500;4843500;695500;4843500;0;0;0
901;a7_paca;695500_4846500;URBAINE;0;1;695500;4846500;695500;4846500;0;0;0
902;a7_paca;695500_4849500;URBAINE;0;1;695500;4849500;695500;4849500;0;0;0
903;a7_paca;695500_4852500;URBAINE;0;1;695500;4852500;695500;4852500;0;0;0
904;a7_paca;695500_4855500;URBAINE;0;1;695500;4855500;695500;4855500;0;0;0
905;a7_paca;695500_4858500;URBAINE;0;1;695500;4858500;695500;4858500;0;0;0
906;a7_paca;695500_4861500;URBAINE;0;1;695500;4861500;695500;4861500;0;0;0
907;a7_paca;695500_4864500;URBAINE;0;1;695500;4864500;695500;4864500;0;0;0
908;a7_paca;695500_4867500;URBAINE;0;1;695500;4867500;695500;4867500;0;0;0
909;a7_paca;695500_4870500;URBAINE;0;1;695500;4870500;695500;4870500;0;0;0
910;a7_paca;695500_4873500;URBAINE;0;1;695500;4873500;695500;4873500;0;0;0
911;a7_paca;695500_4876500;URBAINE;0;1;695500;4876500;695500;4876500;0;0;0
912;a7_paca;695500_4879500;URBAINE;0;1;695500;4879500;695500;4879500;0;0;0
913;a7_paca;695500_4882500;URBAINE;0;1;695500;4882500;695500;4882500;0;0;0
914;a7_paca;695500_4885500;URBAINE;0;1;695500;4885500;695500;4885500;0;0;0
915;a7_paca;695500_4888500;URBAINE;0;1;695500;4888500;695500;4888500;0;0;0
916;a7_paca;695500_4891500;URBAINE;0;1;695500;4891500;695500;4891500;0;0;0
917;a7_paca;695500_4894500;URBAINE;0;1;695500;4894500;695500;4894500;0;0;0
918;a7_paca;695500_4897500;URBAINE;0;1;695500;4897500;695500;4897500;0;0;0
919;a7_paca;695500_4900500;URBAINE;0;1;695500;4900500;695500;4900500;0;0;0
920;a7_paca;695500_4903500;URBAINE;0;1;695500;4903500;695500;4903500;0;0;0
921;a7_paca;695500_4906500;URBAINE;0;1;695500;4906500;695500;4906500;0;0;0
922;a7_paca;695500_4909500;URBAINE;0;1;695500;4909500;695500;4909500;0;0;0
923;a7_paca;695500_4912500;URBAINE;0;1;695500;4912500;695500;4912500;0;0;0
924;a7_paca;695500_4915500;URBAINE;0;1;695500;4915500;695500;4915500;0;0;0
925;a7_paca;698500_4792500;URBAINE;0;1;698500;4792500;698500;4792500;0;0;0
926;a7_paca;698500_4795500;URBAINE;1;1;698500;4795500;698500;4795500;0;0;0
927;a7_paca;698500_4798500;URBAINE;1;1;698500;4798500;698500;4798500;0;0;0
928;a7_paca;698500_4801500;URBAINE;1;1;698500;4801500;698500;4801500;0;0;0
929;a7_paca;698500_4804500;URBAINE;0;1;698500;4804500;698500;4804500;0;0;0
930;a7_paca;698500_4807500;URBAINE;0;1;698500;4807500;698500;4807500;0;0;0
931;a7_paca;698500_4810500;URBAINE;0;1;698500;4810500;698500;4810500;0;0;0
932;a7_paca;698500_4813500;URBAINE;0;1;698500;4813500;698500;4813500;0;0;0
933;a7_paca;698500_4816500;URBAINE;0;1;698500;4816500;698500;4816500;0;0;0
934;a7_paca;698500_4819500;URBAINE;0;1;698500;4819500;698500;4819500;0;0;0
935;a7_paca;698500_4822500;URBAINE;0;1;698500;4822500;698500;4822500;0;0;0
936;a7_paca;698500_4825500;URBAINE;0;1;698500;4825500;698500;4825500;0;0;0
937;a7_paca;698500_4828500;URBAINE;0;1;698500;4828500;698500;4828500;0;0;0
938;a7_paca;698500_4831500;URBAINE;0;1;698500;4831500;698500;4831500;0;0;0
939;a7_paca;698500_4834500;URBAINE;0;1;698500;4834500;698500;4834500;0;0;0
940;a7_paca;698500_4837500;URBAINE;0;1;698500;4837500;698500;4837500;0;0;0
941;a7_paca;698500_4840500;URBAINE;0;1;698500;4840500;698500;4840500;0;0;0
942;a7_paca;698500_4843500;URBAINE;0;1;698500;4843500;698500;4843500;0;0;0
943;a7_paca;698500_4846500;URBAINE;0;1;698500;4846500;698500;4846500;0;0;0
944;a7_paca;698500_4849500;URBAINE;0;1;698500;4849500;698500;4849500;0;0;0
945;a7_paca;698500_4852500;URBAINE;0;1;698500;4852500;698500;4852500;0;0;0
946;a7_paca;698500_4855500;URBAINE;0;1;698500;4855500;698500;4855500;0;0;0
947;a7_paca;698500_4858500;URBAINE;0;1;698500;4858500;698500;4858500;0;0;0
948;a7_paca;698500_4861500;URBAINE;0;1;698500;4861500;698500;4861500;0;0;0
949;a7_paca;698500_4864500;URBAINE;0;1;698500;4864500;698500;4864500;0;0;0
950;a7_paca;698500_4867500;URBAINE;0;1;698500;4867500;698500;4867500;0;0;0
951;a7_paca;698500_4870500;URBAINE;0;1;698500;4870500;698500;4870500;0;0;0
952;a7_paca;698500_4873500;URBAINE;0;1;698500;4873500;698500;4873500;0;0;0
953;a7_paca;698500_4876500;URBAINE;0;1;698500;4876500;698500;4876500;0;0;0
954;a7_paca;698500_4879500;URBAINE;0;1;698500;4879500;698500;4879500;0;0;0
955;a7_paca;698500_4882500;URBAINE;0;1;698500;4882500;698500;4882500;0;0;0
956;a7_paca;698500_4885500;URBAINE;0;1;698500;4885500;698500;4885500;0;0;0
957;a7_paca;698500_4888500;URBAINE;0;1;698500;4888500;698500;4888500;0;0;0
958;a7_paca;698500_4891500;URBAINE;0;1;698500;4891500;698500;4891500;0;0;0
959;a7_paca;698500_4894500;URBAINE;0;1;698500;4894500;698500;4894500;0;0;0
960;a7_paca;698500_4897500;URBAINE;0;1;698500;4897500;698500;4897500;0;0;0
961;a7_paca;698500_4900500;URBAINE;0;1;698500;4900500;698500;4900500;0;0;0
962;a7_paca;698500_4903500;URBAINE;0;1;698500;4903500;698500;4903500;0;0;0
963;a7_paca;698500_4906500;URBAINE;0;1;698500;4906500;698500;4906500;0;0;0
964;a7_paca;698500_4909500;URBAINE;0;1;698500;4909500;698500;4909500;0;0;0
965;a7_paca;698500_4912500;URBAINE;0;1;698500;4912500;698500;4912500;0;0;0
966;a7_paca;698500_4915500;URBAINE;0;1;698500;4915500;698500;4915500;0;0;0
