num;cartoprox_domaine;code_domaine;OccupSol;emis_profil;recepteurs;xc;yc;xb;yb;rues;noeuds;ponct
1;lyon_metro;629500_5032500;RURALE;0;9;629500;5032500;629500;5032500;0;0;0
2;lyon_metro;629500_5035500;RURALE;0;9;629500;5035500;629500;5035500;0;0;0
3;lyon_metro;629500_5038500;RURALE;0;9;629500;5038500;629500;5038500;0;0;0
4;lyon_metro;629500_5041500;RURALE;0;9;629500;5041500;629500;5041500;0;0;28
5;lyon_metro;629500_5044500;RURALE;0;19;629500;5044500;629610;5.04466e+06;27;29;28
6;lyon_metro;629500_5047500;RURALE;0;37;629500;5047500;629937;5.0475e+06;52;56;28
7;lyon_metro;629500_5050500;RURALE;15;478;629500;5050500;630648;5.04978e+06;45;49;28
8;lyon_metro;629500_5053500;RURALE;0;16;629500;5053500;629419;5.05348e+06;11;12;28
9;lyon_metro;629500_5056500;RURALE;0;9;629500;5056500;629500;5056500;0;0;0
10;lyon_metro;629500_5059500;RURALE;0;9;629500;5059500;629500;5059500;0;0;0
11;lyon_metro;629500_5062500;RURALE;0;9;629500;5062500;629500;5062500;0;0;0
12;lyon_metro;629500_5065500;RURALE;0;14;629500;5065500;629279;5.06551e+06;10;13;28
13;lyon_metro;629500_5068500;RURALE;0;16;629500;5068500;629426;5068520;32;35;28
14;lyon_metro;629500_5071500;RURALE;0;22;629500;5071500;629747;5.07142e+06;32;33;28
15;lyon_metro;629500_5074500;RURALE;0;20;629500;5074500;629680;5.07462e+06;35;36;28
16;lyon_metro;629500_5077500;RURALE;0;22;629500;5077500;629826;5.07714e+06;14;15;28
17;lyon_metro;629500_5080500;RURALE;0;9;629500;5080500;629500;5080500;0;0;28
18;lyon_metro;629500_5083500;RURALE;0;9;629500;5083500;629500;5083500;0;0;0
19;lyon_metro;629500_5086500;RURALE;0;9;629500;5086500;629500;5086500;0;0;0
20;lyon_metro;629500_5089500;RURALE;0;9;629500;5089500;629500;5089500;0;0;28
21;lyon_metro;632500_5032500;RURALE;0;9;632500;5032500;632500;5032500;0;0;28
22;lyon_metro;632500_5035500;RURALE;0;9;632500;5035500;632500;5035500;0;0;0
23;lyon_metro;632500_5038500;RURALE;0;9;632500;5038500;632500;5038500;0;0;0
24;lyon_metro;632500_5041500;RURALE;0;9;632500;5041500;632500;5041500;0;0;28
25;lyon_metro;632500_5044500;RURALE;0;34;632500;5044500;631991;5.04511e+06;41;43;28
26;lyon_metro;632500_5047500;RURALE;15;4691;632500;5047500;632815;5.04721e+06;154;157;28
27;lyon_metro;632500_5050500;RURALE;15;5321;632500;5050500;632561;5.05038e+06;147;151;28
28;lyon_metro;632500_5053500;RURALE;15;2033;632500;5053500;633083;5.05291e+06;42;43;28
29;lyon_metro;632500_5056500;RURALE;0;19;632500;5056500;632722;5.05626e+06;11;12;28
30;lyon_metro;632500_5059500;RURALE;0;13;632500;5059500;632201;5.05957e+06;0;0;0
31;lyon_metro;632500_5062500;RURALE;0;14;632500;5062500;632227;5.06253e+06;13;14;28
32;lyon_metro;632500_5065500;URBAINE;15;1841;632500;5065500;633512;5.06662e+06;178;169;28
33;lyon_metro;632500_5068500;URBAINE;15;4375;632500;5068500;633448;5.06786e+06;301;288;28
34;lyon_metro;632500_5071500;RURALE;15;6466;632500;5071500;632957;5.07162e+06;300;285;28
35;lyon_metro;632500_5074500;RURALE;15;9431;632500;5074500;633178;5.07478e+06;267;246;28
36;lyon_metro;632500_5077500;URBAINE;15;1579;632500;5077500;632780;5.07625e+06;165;150;28
37;lyon_metro;632500_5080500;RURALE;0;23;632500;5080500;632792;5.08048e+06;31;29;28
38;lyon_metro;632500_5083500;RURALE;0;77;632500;5083500;633441;5.08408e+06;10;11;28
39;lyon_metro;632500_5086500;RURALE;15;2109;632500;5086500;633833;5.08666e+06;13;14;28
40;lyon_metro;632500_5089500;URBAINE;15;316;632500;5089500;633818;5.08826e+06;11;12;28
41;lyon_metro;635500_5032500;RURALE;0;14;635500;5032500;635227;5.03253e+06;20;21;28
42;lyon_metro;635500_5035500;RURALE;0;22;635500;5035500;635747;5.03542e+06;25;26;28
43;lyon_metro;635500_5038500;RURALE;0;13;635500;5038500;635233;5.0385e+06;21;22;28
44;lyon_metro;635500_5041500;RURALE;0;14;635500;5041500;635279;5.04151e+06;0;0;0
45;lyon_metro;635500_5044500;RURALE;0;12;635500;5044500;635323;5044505;36;38;28
46;lyon_metro;635500_5047500;RURALE;15;3160;635500;5047500;634849;5.04868e+06;266;258;28
47;lyon_metro;635500_5050500;RURALE;15;4963;635500;5050500;635721;5.04964e+06;276;270;28
48;lyon_metro;635500_5053500;RURALE;15;1786;635500;5053500;635199;5.05444e+06;153;153;28
49;lyon_metro;635500_5056500;RURALE;15;5294;635500;5056500;636242;5.05627e+06;105;107;28
50;lyon_metro;635500_5059500;URBAINE;15;257;635500;5059500;636705;5.05839e+06;109;113;28
51;lyon_metro;635500_5062500;URBAINE;0;47;635500;5062500;636110;5.06241e+06;165;163;28
52;lyon_metro;635500_5065500;URBAINE;15;3839;635500;5065500;635835;5.06593e+06;459;425;28
53;lyon_metro;635500_5068500;URBAINE;15;17708;635500;5068500;635571;5.06848e+06;868;790;28
54;lyon_metro;635500_5071500;URBAINE;15;12402;635500;5071500;635468;5.07137e+06;838;761;28
55;lyon_metro;635500_5074500;URBAINE;15;14081;635500;5074500;635653;5.07469e+06;669;609;28
56;lyon_metro;635500_5077500;RURALE;15;7497;635500;5077500;635832;5.07699e+06;402;372;28
57;lyon_metro;635500_5080500;RURALE;15;2927;635500;5080500;635151;5.08049e+06;109;110;28
58;lyon_metro;635500_5083500;RURALE;15;2584;635500;5083500;634545;5.08345e+06;17;21;28
59;lyon_metro;635500_5086500;RURALE;15;2864;635500;5086500;635400;5.08716e+06;19;20;28
60;lyon_metro;635500_5089500;RURALE;15;400;635500;5089500;634300;5.08819e+06;17;18;28
61;lyon_metro;638500_5032500;RURALE;0;31;638500;5032500;638231;5.0332e+06;29;30;28
62;lyon_metro;638500_5035500;URBAINE;15;4561;638500;5035500;638901;5.03564e+06;60;61;28
63;lyon_metro;638500_5038500;RURALE;15;1405;638500;5038500;639351;5.03776e+06;58;60;28
64;lyon_metro;638500_5041500;RURALE;15;403;638500;5041500;639265;5.0428e+06;71;74;28
65;lyon_metro;638500_5044500;RURALE;15;862;638500;5044500;639453;5.0432e+06;82;87;28
66;lyon_metro;638500_5047500;URBAINE;15;1353;638500;5047500;639378;5.04856e+06;404;383;28
67;lyon_metro;638500_5050500;URBAINE;15;14882;638500;5050500;638580;5.05028e+06;497;474;28
68;lyon_metro;638500_5053500;URBAINE;15;4829;638500;5053500;638100;5.05376e+06;407;399;28
69;lyon_metro;638500_5056500;RURALE;15;10174;638500;5056500;639140;5.05657e+06;377;356;28
70;lyon_metro;638500_5059500;URBAINE;15;11260;638500;5059500;638929;5.05976e+06;524;479;28
71;lyon_metro;638500_5062500;URBAINE;15;13385;638500;5062500;638746;5.06227e+06;674;613;28
72;lyon_metro;638500_5065500;URBAINE;15;16938;638500;5065500;638667;5.06563e+06;1050;940;28
73;lyon_metro;638500_5068500;URBAINE;15;24483;638500;5068500;638572;5.06865e+06;1630;1440;28
74;lyon_metro;638500_5071500;URBAINE;15;22986;638500;5071500;638594;5.07132e+06;1506;1347;28
75;lyon_metro;638500_5074500;URBAINE;15;14538;638500;5074500;638300;5.07451e+06;998;913;28
76;lyon_metro;638500_5077500;RURALE;15;14821;638500;5077500;638418;5.07745e+06;679;638;28
77;lyon_metro;638500_5080500;URBAINE;15;3465;638500;5080500;639264;5.0797e+06;375;367;28
78;lyon_metro;638500_5083500;URBAINE;15;3337;638500;5083500;639532;5.08287e+06;130;129;28
79;lyon_metro;638500_5086500;RURALE;15;2998;638500;5086500;638546;5.08613e+06;61;58;28
80;lyon_metro;638500_5089500;RURALE;0;13;638500;5089500;638150;5.08921e+06;8;9;28
81;lyon_metro;641500_5032500;RURALE;0;179;641500;5032500;642692;5.03371e+06;34;37;28
82;lyon_metro;641500_5035500;RURALE;15;2844;641500;5035500;642446;5.03566e+06;112;114;28
83;lyon_metro;641500_5038500;RURALE;15;7021;641500;5038500;641796;5.03856e+06;273;267;28
84;lyon_metro;641500_5041500;RURALE;15;470;641500;5041500;642563;5.04054e+06;352;353;28
85;lyon_metro;641500_5044500;RURALE;15;4601;641500;5044500;641923;5.04424e+06;224;232;28
86;lyon_metro;641500_5047500;URBAINE;15;8770;641500;5047500;641329;5.04755e+06;430;415;28
87;lyon_metro;641500_5050500;URBAINE;15;10984;641500;5050500;641069;5.05048e+06;487;466;28
88;lyon_metro;641500_5053500;URBAINE;15;9329;641500;5053500;641307;5.05374e+06;583;560;28
89;lyon_metro;641500_5056500;URBAINE;15;11657;641500;5056500;641407;5.05624e+06;581;545;28
90;lyon_metro;641500_5059500;URBAINE;15;12266;641500;5059500;641468;5.05957e+06;853;771;28
91;lyon_metro;641500_5062500;URBAINE;15;23598;641500;5062500;641534;5.06248e+06;1153;1009;28
92;lyon_metro;641500_5065500;URBAINE;15;27453;641500;5065500;641600;5.06556e+06;1999;1668;28
93;lyon_metro;641500_5068500;URBAINE;15;39767;641500;5068500;641707;5.06857e+06;3234;2619;28
94;lyon_metro;641500_5071500;URBAINE;15;33007;641500;5071500;641567;5.07132e+06;2862;2373;28
95;lyon_metro;641500_5074500;URBAINE;15;18178;641500;5074500;641612;5.07447e+06;1283;1163;28
96;lyon_metro;641500_5077500;URBAINE;15;16984;641500;5077500;641560;5.07754e+06;816;773;28
97;lyon_metro;641500_5080500;URBAINE;15;13104;641500;5080500;641811;5.08049e+06;673;635;28
98;lyon_metro;641500_5083500;URBAINE;15;14234;641500;5083500;641662;5.08356e+06;346;326;28
99;lyon_metro;641500_5086500;RURALE;15;1194;641500;5086500;642297;5.08532e+06;141;134;28
100;lyon_metro;641500_5089500;RURALE;0;12;641500;5089500;641346;5.08945e+06;0;0;0
101;lyon_metro;644500_5032500;RURALE;0;33;644500;5032500;643789;5.03309e+06;6;8;28
102;lyon_metro;644500_5035500;RURALE;15;2026;644500;5035500;643214;5.03575e+06;62;65;28
103;lyon_metro;644500_5038500;RURALE;15;5490;644500;5038500;643389;5.03888e+06;241;236;28
104;lyon_metro;644500_5041500;URBAINE;15;10295;644500;5041500;644763;5.04136e+06;502;490;28
105;lyon_metro;644500_5044500;RURALE;15;13088;644500;5044500;644641;5.04438e+06;388;386;28
106;lyon_metro;644500_5047500;RURALE;15;2646;644500;5047500;645080;5.04745e+06;286;289;28
107;lyon_metro;644500_5050500;RURALE;15;7625;644500;5050500;644467;5.05071e+06;266;269;28
108;lyon_metro;644500_5053500;RURALE;15;6173;644500;5053500;644557;5.05382e+06;395;377;28
109;lyon_metro;644500_5056500;URBAINE;15;11079;644500;5056500;644166;5.05609e+06;478;454;28
110;lyon_metro;644500_5059500;URBAINE;15;16310;644500;5059500;644477;5.05968e+06;772;691;28
111;lyon_metro;644500_5062500;URBAINE;15;19455;644500;5062500;644594;5.06247e+06;1302;1107;28
112;lyon_metro;644500_5065500;URBAINE;15;31173;644500;5065500;644577;5.0656e+06;2539;2053;28
113;lyon_metro;644500_5068500;URBAINE;15;51371;644500;5068500;644436;5.0686e+06;3753;2966;28
114;lyon_metro;644500_5071500;URBAINE;15;33438;644500;5071500;644514;5.07126e+06;3042;2459;28
115;lyon_metro;644500_5074500;URBAINE;15;20103;644500;5074500;644428;5.07448e+06;1299;1164;28
116;lyon_metro;644500_5077500;URBAINE;15;18302;644500;5077500;644520;5.07738e+06;792;743;28
117;lyon_metro;644500_5080500;RURALE;15;9343;644500;5080500;644469;5.08033e+06;593;554;28
118;lyon_metro;644500_5083500;RURALE;15;8889;644500;5083500;644529;5.0835e+06;322;303;28
119;lyon_metro;644500_5086500;RURALE;15;2786;644500;5086500;643742;5.08546e+06;129;122;28
120;lyon_metro;644500_5089500;RURALE;0;9;644500;5089500;644500;5089500;0;0;0
121;lyon_metro;647500_5032500;RURALE;0;9;647500;5032500;647500;5032500;0;0;0
122;lyon_metro;647500_5035500;RURALE;0;9;647500;5035500;647500;5035500;0;0;28
123;lyon_metro;647500_5038500;RURALE;0;14;647500;5038500;647511;5.03861e+06;80;85;28
124;lyon_metro;647500_5041500;RURALE;15;5831;647500;5041500;647534;5.04233e+06;387;386;28
125;lyon_metro;647500_5044500;URBAINE;15;6325;647500;5044500;647288;5.04355e+06;381;379;28
126;lyon_metro;647500_5047500;RURALE;0;47;647500;5047500;647173;5.04797e+06;220;224;28
127;lyon_metro;647500_5050500;RURALE;15;2585;647500;5050500;647487;5.04974e+06;156;154;28
128;lyon_metro;647500_5053500;RURALE;15;3090;647500;5053500;647179;5.05359e+06;222;215;28
129;lyon_metro;647500_5056500;RURALE;15;8938;647500;5056500;647739;5.05644e+06;397;366;28
130;lyon_metro;647500_5059500;URBAINE;15;13860;647500;5059500;647809;5.05961e+06;648;571;28
131;lyon_metro;647500_5062500;URBAINE;15;20458;647500;5062500;647268;5.06238e+06;1143;965;28
132;lyon_metro;647500_5065500;URBAINE;15;30710;647500;5065500;647464;5.06565e+06;1824;1464;28
133;lyon_metro;647500_5068500;URBAINE;15;36064;647500;5068500;647398;5.06856e+06;2529;1995;28
134;lyon_metro;647500_5071500;URBAINE;15;28280;647500;5071500;647286;5.07124e+06;1970;1592;28
135;lyon_metro;647500_5074500;URBAINE;15;11996;647500;5074500;647266;5.07508e+06;962;854;28
136;lyon_metro;647500_5077500;RURALE;15;12984;647500;5077500;647799;5.07721e+06;492;464;28
137;lyon_metro;647500_5080500;RURALE;15;6745;647500;5080500;647309;5.0804e+06;228;223;28
138;lyon_metro;647500_5083500;RURALE;15;4070;647500;5083500;646675;5.08315e+06;75;78;28
139;lyon_metro;647500_5086500;RURALE;0;19;647500;5086500;647015;5.08615e+06;25;28;28
140;lyon_metro;647500_5089500;RURALE;0;9;647500;5089500;647500;5089500;0;0;0
141;lyon_metro;650500_5032500;RURALE;0;9;650500;5032500;650500;5032500;0;0;0
142;lyon_metro;650500_5035500;RURALE;0;14;650500;5035500;650279;5.03551e+06;15;16;28
143;lyon_metro;650500_5038500;RURALE;15;1061;650500;5038500;651366;5.03966e+06;73;75;28
144;lyon_metro;650500_5041500;RURALE;15;6104;650500;5041500;650293;5.04183e+06;179;181;28
145;lyon_metro;650500_5044500;RURALE;15;5227;650500;5044500;650136;5.04446e+06;167;169;28
146;lyon_metro;650500_5047500;RURALE;15;839;650500;5047500;651473;5.04628e+06;100;102;28
147;lyon_metro;650500_5050500;RURALE;15;2667;650500;5050500;650531;5.05003e+06;67;71;28
148;lyon_metro;650500_5053500;RURALE;0;19;650500;5053500;650474;5.05348e+06;96;97;28
149;lyon_metro;650500_5056500;RURALE;15;4801;650500;5056500;650368;5.05719e+06;371;333;28
150;lyon_metro;650500_5059500;URBAINE;15;17718;650500;5059500;650545;5.05956e+06;672;596;28
151;lyon_metro;650500_5062500;URBAINE;15;15917;650500;5062500;650688;5.06239e+06;895;785;28
152;lyon_metro;650500_5065500;URBAINE;15;16607;650500;5065500;650082;5.06544e+06;1086;916;28
153;lyon_metro;650500_5068500;URBAINE;15;20478;650500;5068500;650309;5.06838e+06;1301;1100;28
154;lyon_metro;650500_5071500;URBAINE;15;14037;650500;5071500;650290;5.07127e+06;877;755;28
155;lyon_metro;650500_5074500;RURALE;15;8577;650500;5074500;650204;5.07409e+06;435;393;28
156;lyon_metro;650500_5077500;RURALE;15;575;650500;5077500;649134;5.0766e+06;196;185;28
157;lyon_metro;650500_5080500;RURALE;0;17;650500;5080500;649820;5080165;49;49;28
158;lyon_metro;650500_5083500;RURALE;0;11;650500;5083500;650160;5.0837e+06;15;16;28
159;lyon_metro;650500_5086500;RURALE;0;9;650500;5086500;650500;5086500;0;0;28
160;lyon_metro;650500_5089500;RURALE;0;9;650500;5089500;650500;5089500;0;0;28
161;lyon_metro;653500_5032500;RURALE;0;14;653500;5032500;653227;5.03253e+06;0;0;0
162;lyon_metro;653500_5035500;RURALE;15;1110;653500;5035500;654647;5.03656e+06;120;121;28
163;lyon_metro;653500_5038500;RURALE;15;2948;653500;5038500;653204;5.0383e+06;170;171;28
164;lyon_metro;653500_5041500;RURALE;15;2709;653500;5041500;653458;5.04158e+06;107;111;28
165;lyon_metro;653500_5044500;RURALE;0;33;653500;5044500;653070;5.04467e+06;103;106;28
166;lyon_metro;653500_5047500;RURALE;15;2588;653500;5047500;653504;5.04697e+06;105;107;28
167;lyon_metro;653500_5050500;RURALE;15;2555;653500;5050500;653473;5.04986e+06;55;57;28
168;lyon_metro;653500_5053500;RURALE;0;12;653500;5053500;653581;5053355;23;27;28
169;lyon_metro;653500_5056500;RURALE;15;3586;653500;5056500;653145;5.05728e+06;152;141;28
170;lyon_metro;653500_5059500;URBAINE;15;10646;653500;5059500;652836;5.05958e+06;428;388;28
171;lyon_metro;653500_5062500;RURALE;15;15558;653500;5062500;653505;5.06253e+06;517;462;28
172;lyon_metro;653500_5065500;URBAINE;15;10771;653500;5065500;653144;5.06568e+06;523;474;28
173;lyon_metro;653500_5068500;RURALE;15;14565;653500;5068500;653623;5.06868e+06;687;617;28
174;lyon_metro;653500_5071500;URBAINE;15;11755;653500;5071500;653555;5.07098e+06;575;523;28
175;lyon_metro;653500_5074500;RURALE;15;2946;653500;5074500;653542;5.07534e+06;192;189;28
176;lyon_metro;653500_5077500;URBAINE;15;356;653500;5077500;654671;5.07619e+06;31;33;28
177;lyon_metro;653500_5080500;RURALE;0;13;653500;5080500;653206;5.08057e+06;4;6;28
178;lyon_metro;653500_5083500;RURALE;0;9;653500;5083500;653500;5083500;0;0;28
179;lyon_metro;653500_5086500;RURALE;0;9;653500;5086500;653500;5086500;0;0;28
180;lyon_metro;653500_5089500;RURALE;0;9;653500;5089500;653500;5089500;0;0;28
181;lyon_metro;656500_5032500;RURALE;0;15;656500;5032500;656362;5.03256e+06;0;0;0
182;lyon_metro;656500_5035500;RURALE;15;2907;656500;5035500;655942;5.03606e+06;113;114;28
183;lyon_metro;656500_5038500;RURALE;15;2939;656500;5038500;656262;5.03835e+06;151;152;28
184;lyon_metro;656500_5041500;RURALE;15;5358;656500;5041500;656820;5.0412e+06;87;88;28
185;lyon_metro;656500_5044500;RURALE;15;2880;656500;5044500;656965;5.04446e+06;88;90;28
186;lyon_metro;656500_5047500;RURALE;15;3924;656500;5047500;656453;5.04749e+06;72;74;28
187;lyon_metro;656500_5050500;RURALE;15;2528;656500;5050500;656505;5.04996e+06;47;49;28
188;lyon_metro;656500_5053500;RURALE;0;19;656500;5053500;656310;5.0535e+06;30;32;28
189;lyon_metro;656500_5056500;RURALE;15;4139;656500;5056500;656737;5.05708e+06;48;48;28
190;lyon_metro;656500_5059500;RURALE;15;3137;656500;5059500;656407;5.0597e+06;170;169;28
191;lyon_metro;656500_5062500;RURALE;15;3638;656500;5062500;656232;5.06226e+06;235;221;28
192;lyon_metro;656500_5065500;RURALE;0;28;656500;5065500;655980;5.06559e+06;301;284;28
193;lyon_metro;656500_5068500;URBAINE;15;11512;656500;5068500;656372;5.06918e+06;486;431;28
194;lyon_metro;656500_5071500;URBAINE;15;15233;656500;5071500;656455;5.07119e+06;473;421;28
195;lyon_metro;656500_5074500;RURALE;0;84;656500;5074500;656221;5.07445e+06;203;194;28
196;lyon_metro;656500_5077500;RURALE;15;4725;656500;5077500;656885;5.07703e+06;46;46;28
197;lyon_metro;656500_5080500;RURALE;0;20;656500;5080500;656797;5.08006e+06;27;27;28
198;lyon_metro;656500_5083500;RURALE;0;9;656500;5083500;656500;5083500;0;0;0
199;lyon_metro;656500_5086500;RURALE;0;9;656500;5086500;656500;5086500;0;0;0
200;lyon_metro;656500_5089500;RURALE;0;9;656500;5089500;656500;5089500;0;0;28
201;lyon_metro;659500_5032500;RURALE;0;12;659500;5032500;659292;5.03243e+06;0;0;0
202;lyon_metro;659500_5035500;RURALE;0;14;659500;5035500;659348;5.03548e+06;0;0;0
203;lyon_metro;659500_5038500;RURALE;15;617;659500;5038500;659558;5.03987e+06;98;99;28
204;lyon_metro;659500_5041500;RURALE;15;2235;659500;5041500;659331;5.04021e+06;85;86;28
205;lyon_metro;659500_5044500;RURALE;0;23;659500;5044500;658903;5.04417e+06;73;74;28
206;lyon_metro;659500_5047500;RURALE;0;789;659500;5047500;658492;5.04873e+06;58;59;28
207;lyon_metro;659500_5050500;RURALE;15;4430;659500;5050500;659677;5.05002e+06;63;63;28
208;lyon_metro;659500_5053500;RURALE;0;146;659500;5053500;660487;5.05462e+06;107;105;28
209;lyon_metro;659500_5056500;URBAINE;15;4333;659500;5056500;659643;5.05589e+06;99;97;28
210;lyon_metro;659500_5059500;RURALE;15;4940;659500;5059500;659710;5.0598e+06;82;83;28
211;lyon_metro;659500_5062500;URBAINE;15;3279;659500;5062500;659644;5.06151e+06;57;55;28
212;lyon_metro;659500_5065500;RURALE;0;15;659500;5065500;659427;5.06542e+06;33;36;28
213;lyon_metro;659500_5068500;RURALE;15;1041;659500;5068500;658353;5.06952e+06;157;144;28
214;lyon_metro;659500_5071500;RURALE;15;8237;659500;5071500;659186;5.07157e+06;233;213;28
215;lyon_metro;659500_5074500;URBAINE;15;6022;659500;5074500;659622;5.07414e+06;153;146;28
216;lyon_metro;659500_5077500;RURALE;15;3851;659500;5077500;659227;5.0779e+06;50;51;28
217;lyon_metro;659500_5080500;URBAINE;0;76;659500;5080500;660105;5.07957e+06;37;37;28
218;lyon_metro;659500_5083500;RURALE;0;9;659500;5083500;659500;5083500;0;0;0
219;lyon_metro;659500_5086500;RURALE;0;9;659500;5086500;659500;5086500;0;0;0
220;lyon_metro;659500_5089500;RURALE;0;9;659500;5089500;659500;5089500;0;0;0
221;lyon_metro;662500_5032500;RURALE;0;9;662500;5032500;662500;5032500;0;0;0
222;lyon_metro;662500_5035500;RURALE;0;9;662500;5035500;662500;5035500;0;0;0
223;lyon_metro;662500_5038500;RURALE;0;16;662500;5038500;661957;5038785;0;0;0
224;lyon_metro;662500_5041500;RURALE;0;20;662500;5041500;662029;5041139;0;0;0
225;lyon_metro;662500_5044500;RURALE;0;9;662500;5044500;662500;5044500;0;0;0
226;lyon_metro;662500_5047500;RURALE;0;13;662500;5047500;662390;5.04756e+06;18;19;28
227;lyon_metro;662500_5050500;RURALE;15;4808;662500;5050500;662237;5.05104e+06;58;58;28
228;lyon_metro;662500_5053500;RURALE;15;6053;662500;5053500;662247;5.05373e+06;142;140;28
229;lyon_metro;662500_5056500;URBAINE;15;7221;662500;5056500;662822;5.05632e+06;149;144;28
230;lyon_metro;662500_5059500;RURALE;15;4836;662500;5059500;662334;5.05909e+06;106;104;28
231;lyon_metro;662500_5062500;RURALE;15;3102;662500;5062500;662522;5.06261e+06;62;60;28
232;lyon_metro;662500_5065500;RURALE;15;2584;662500;5065500;663135;5.06554e+06;23;24;28
233;lyon_metro;662500_5068500;RURALE;15;2615;662500;5068500;662747;5.06855e+06;23;24;28
234;lyon_metro;662500_5071500;RURALE;15;3455;662500;5071500;661794;5.07114e+06;71;70;28
235;lyon_metro;662500_5074500;RURALE;15;1004;662500;5074500;661309;5.07356e+06;59;59;28
236;lyon_metro;662500_5077500;RURALE;0;232;662500;5077500;661279;5.07882e+06;24;28;28
237;lyon_metro;662500_5080500;RURALE;15;1958;662500;5080500;662135;5.07953e+06;15;17;28
238;lyon_metro;662500_5083500;RURALE;0;9;662500;5083500;662500;5083500;0;0;28
239;lyon_metro;662500_5086500;RURALE;0;9;662500;5086500;662500;5086500;0;0;0
240;lyon_metro;662500_5089500;RURALE;0;9;662500;5089500;662500;5089500;0;0;0
241;lyon_metro;665500_5032500;RURALE;0;9;665500;5032500;665500;5032500;0;0;0
242;lyon_metro;665500_5035500;RURALE;0;9;665500;5035500;665500;5035500;0;0;0
243;lyon_metro;665500_5038500;RURALE;0;9;665500;5038500;665500;5038500;0;0;0
244;lyon_metro;665500_5041500;RURALE;0;9;665500;5041500;665500;5041500;0;0;0
245;lyon_metro;665500_5044500;RURALE;0;9;665500;5044500;665500;5044500;0;0;0
246;lyon_metro;665500_5047500;RURALE;0;9;665500;5047500;665500;5047500;0;0;0
247;lyon_metro;665500_5050500;RURALE;15;2298;665500;5050500;665371;5.05177e+06;70;71;28
248;lyon_metro;665500_5053500;URBAINE;15;1124;665500;5053500;666661;5.0538e+06;186;181;28
249;lyon_metro;665500_5056500;RURALE;15;11556;665500;5056500;665601;5.05682e+06;199;190;28
250;lyon_metro;665500_5059500;RURALE;15;2726;665500;5059500;665909;5.05861e+06;101;100;28
251;lyon_metro;665500_5062500;RURALE;0;27;665500;5062500;664903;5.06281e+06;29;32;28
252;lyon_metro;665500_5065500;RURALE;0;22;665500;5065500;664846;5.06521e+06;21;22;28
253;lyon_metro;665500_5068500;RURALE;0;12;665500;5068500;665274;5.06849e+06;12;12;28
254;lyon_metro;665500_5071500;RURALE;0;12;665500;5071500;665268;5.0715e+06;9;9;28
255;lyon_metro;665500_5074500;RURALE;0;9;665500;5074500;665500;5074500;0;0;0
256;lyon_metro;665500_5077500;RURALE;0;12;665500;5077500;665324;5077505;8;10;28
257;lyon_metro;665500_5080500;RURALE;0;11;665500;5080500;665325;5.08057e+06;8;10;28
258;lyon_metro;665500_5083500;RURALE;0;9;665500;5083500;665500;5083500;0;0;28
259;lyon_metro;665500_5086500;RURALE;0;9;665500;5086500;665500;5086500;0;0;28
260;lyon_metro;665500_5089500;RURALE;0;9;665500;5089500;665500;5089500;0;0;0
261;lyon_metro;668500_5032500;RURALE;0;9;668500;5032500;668500;5032500;0;0;0
262;lyon_metro;668500_5035500;RURALE;0;9;668500;5035500;668500;5035500;0;0;0
263;lyon_metro;668500_5038500;RURALE;0;9;668500;5038500;668500;5038500;0;0;0
264;lyon_metro;668500_5041500;RURALE;0;9;668500;5041500;668500;5041500;0;0;0
265;lyon_metro;668500_5044500;RURALE;0;9;668500;5044500;668500;5044500;0;0;0
266;lyon_metro;668500_5047500;RURALE;0;9;668500;5047500;668500;5047500;0;0;0
267;lyon_metro;668500_5050500;RURALE;0;104;668500;5050500;667815;5.0516e+06;61;64;28
268;lyon_metro;668500_5053500;URBAINE;15;8919;668500;5053500;668582;5.0536e+06;132;128;28
269;lyon_metro;668500_5056500;RURALE;15;5737;668500;5056500;667888;5.05582e+06;136;130;28
270;lyon_metro;668500_5059500;RURALE;15;242;668500;5059500;667230;5.05961e+06;58;58;28
271;lyon_metro;668500_5062500;RURALE;0;12;668500;5062500;668430;5.06236e+06;0;0;0
272;lyon_metro;668500_5065500;RURALE;0;9;668500;5065500;668500;5065500;0;0;0
273;lyon_metro;668500_5068500;URBAINE;0;9;668500;5068500;668500;5068500;0;0;0
274;lyon_metro;668500_5071500;RURALE;0;9;668500;5071500;668500;5071500;0;0;0
275;lyon_metro;668500_5074500;RURALE;0;9;668500;5074500;668500;5074500;0;0;0
276;lyon_metro;668500_5077500;RURALE;0;9;668500;5077500;668500;5077500;0;0;28
277;lyon_metro;668500_5080500;RURALE;0;9;668500;5080500;668500;5080500;0;0;28
278;lyon_metro;668500_5083500;RURALE;0;9;668500;5083500;668500;5083500;0;0;28
279;lyon_metro;668500_5086500;RURALE;0;9;668500;5086500;668500;5086500;0;0;28
280;lyon_metro;668500_5089500;RURALE;0;9;668500;5089500;668500;5089500;0;0;0
281;lyon_metro;671500_5032500;RURALE;0;9;671500;5032500;671500;5032500;0;0;0
282;lyon_metro;671500_5035500;RURALE;0;9;671500;5035500;671500;5035500;0;0;0
283;lyon_metro;671500_5038500;RURALE;0;9;671500;5038500;671500;5038500;0;0;0
284;lyon_metro;671500_5041500;RURALE;0;9;671500;5041500;671500;5041500;0;0;0
285;lyon_metro;671500_5044500;RURALE;0;9;671500;5044500;671500;5044500;0;0;28
286;lyon_metro;671500_5047500;RURALE;0;14;671500;5047500;671308;5.0475e+06;2;3;28
287;lyon_metro;671500_5050500;RURALE;0;20;671500;5050500;671860;5050855;121;112;28
288;lyon_metro;671500_5053500;RURALE;15;5247;671500;5053500;671481;5.05358e+06;163;148;28
289;lyon_metro;671500_5056500;RURALE;0;20;671500;5056500;671139;5.05621e+06;104;98;28
290;lyon_metro;671500_5059500;RURALE;0;12;671500;5059500;671500;5.05953e+06;0;0;0
291;lyon_metro;671500_5062500;RURALE;0;9;671500;5062500;671500;5062500;0;0;0
292;lyon_metro;671500_5065500;RURALE;0;9;671500;5065500;671500;5065500;0;0;0
293;lyon_metro;671500_5068500;RURALE;0;9;671500;5068500;671500;5068500;0;0;0
294;lyon_metro;671500_5071500;RURALE;0;9;671500;5071500;671500;5071500;0;0;0
295;lyon_metro;671500_5074500;RURALE;0;9;671500;5074500;671500;5074500;0;0;0
296;lyon_metro;671500_5077500;RURALE;0;9;671500;5077500;671500;5077500;0;0;0
297;lyon_metro;671500_5080500;RURALE;0;9;671500;5080500;671500;5080500;0;0;28
298;lyon_metro;671500_5083500;RURALE;0;9;671500;5083500;671500;5083500;0;0;28
299;lyon_metro;671500_5086500;RURALE;0;9;671500;5086500;671500;5086500;0;0;28
300;lyon_metro;671500_5089500;RURALE;0;9;671500;5089500;671500;5089500;0;0;28
301;lyon_metro;674500_5032500;RURALE;0;9;674500;5032500;674500;5032500;0;0;0
302;lyon_metro;674500_5035500;RURALE;0;9;674500;5035500;674500;5035500;0;0;0
303;lyon_metro;674500_5038500;RURALE;0;9;674500;5038500;674500;5038500;0;0;0
304;lyon_metro;674500_5041500;RURALE;0;9;674500;5041500;674500;5041500;0;0;0
305;lyon_metro;674500_5044500;RURALE;0;14;674500;5044500;674227;5.04453e+06;9;10;28
306;lyon_metro;674500_5047500;RURALE;0;22;674500;5047500;674742;5.04735e+06;54;54;28
307;lyon_metro;674500_5050500;RURALE;15;4555;674500;5050500;675106;5.05132e+06;160;144;28
308;lyon_metro;674500_5053500;RURALE;15;11175;674500;5053500;674330;5.05307e+06;164;147;28
309;lyon_metro;674500_5056500;RURALE;15;1231;674500;5056500;675032;5.05535e+06;58;57;28
310;lyon_metro;674500_5059500;RURALE;0;9;674500;5059500;674500;5059500;0;0;0
311;lyon_metro;674500_5062500;RURALE;0;9;674500;5062500;674500;5062500;0;0;0
312;lyon_metro;674500_5065500;RURALE;0;9;674500;5065500;674500;5065500;0;0;0
313;lyon_metro;674500_5068500;RURALE;0;9;674500;5068500;674500;5068500;0;0;0
314;lyon_metro;674500_5071500;RURALE;0;9;674500;5071500;674500;5071500;0;0;0
315;lyon_metro;674500_5074500;RURALE;0;9;674500;5074500;674500;5074500;0;0;0
316;lyon_metro;674500_5077500;RURALE;0;9;674500;5077500;674500;5077500;0;0;0
317;lyon_metro;674500_5080500;RURALE;0;9;674500;5080500;674500;5080500;0;0;0
318;lyon_metro;674500_5083500;RURALE;0;9;674500;5083500;674500;5083500;0;0;28
319;lyon_metro;674500_5086500;RURALE;0;9;674500;5086500;674500;5086500;0;0;28
320;lyon_metro;674500_5089500;RURALE;0;9;674500;5089500;674500;5089500;0;0;28
321;lyon_metro;677500_5032500;RURALE;0;9;677500;5032500;677500;5032500;0;0;28
322;lyon_metro;677500_5035500;RURALE;0;9;677500;5035500;677500;5035500;0;0;28
323;lyon_metro;677500_5038500;RURALE;0;72;677500;5038500;678343;5.03905e+06;7;8;28
324;lyon_metro;677500_5041500;RURALE;0;36;677500;5041500;678137;5.04139e+06;21;22;28
325;lyon_metro;677500_5044500;RURALE;0;34;677500;5044500;677625;5.04458e+06;38;40;28
326;lyon_metro;677500_5047500;RURALE;15;2341;677500;5047500;677583;5.04777e+06;133;128;28
327;lyon_metro;677500_5050500;URBAINE;15;10295;677500;5050500;677467;5.05082e+06;181;169;28
328;lyon_metro;677500_5053500;RURALE;15;5174;677500;5053500;676796;5.05348e+06;169;158;28
329;lyon_metro;677500_5056500;RURALE;15;1885;677500;5056500;678536;5.05586e+06;36;39;28
330;lyon_metro;677500_5059500;RURALE;0;21;677500;5059500;677779;5.05906e+06;14;15;28
331;lyon_metro;677500_5062500;RURALE;0;9;677500;5062500;677500;5062500;0;0;0
332;lyon_metro;677500_5065500;RURALE;0;9;677500;5065500;677500;5065500;0;0;0
333;lyon_metro;677500_5068500;RURALE;0;9;677500;5068500;677500;5068500;0;0;0
334;lyon_metro;677500_5071500;RURALE;0;9;677500;5071500;677500;5071500;0;0;0
335;lyon_metro;677500_5074500;RURALE;0;9;677500;5074500;677500;5074500;0;0;0
336;lyon_metro;677500_5077500;RURALE;0;9;677500;5077500;677500;5077500;0;0;0
337;lyon_metro;677500_5080500;RURALE;0;9;677500;5080500;677500;5080500;0;0;0
338;lyon_metro;677500_5083500;RURALE;0;9;677500;5083500;677500;5083500;0;0;0
339;lyon_metro;677500_5086500;RURALE;0;9;677500;5086500;677500;5086500;0;0;28
340;lyon_metro;677500_5089500;RURALE;0;9;677500;5089500;677500;5089500;0;0;28
341;lyon_metro;680500_5032500;RURALE;0;9;680500;5032500;680500;5032500;0;0;28
342;lyon_metro;680500_5035500;RURALE;0;9;680500;5035500;680500;5035500;0;0;28
343;lyon_metro;680500_5038500;RURALE;15;871;680500;5038500;679268;5.03946e+06;7;8;28
344;lyon_metro;680500_5041500;RURALE;15;2588;680500;5041500;679801;5.04149e+06;21;22;28
345;lyon_metro;680500_5044500;RURALE;15;2643;680500;5044500;680175;5.04451e+06;41;44;28
346;lyon_metro;680500_5047500;RURALE;15;2650;680500;5047500;679981;5.04752e+06;136;131;28
347;lyon_metro;680500_5050500;URBAINE;15;9780;680500;5050500;680249;5.05017e+06;128;123;28
348;lyon_metro;680500_5053500;RURALE;0;20;680500;5053500;680170;5.05363e+06;104;100;28
349;lyon_metro;680500_5056500;RURALE;15;1905;680500;5056500;679871;5.05706e+06;20;21;28
350;lyon_metro;680500_5059500;RURALE;0;19;680500;5059500;680103;5.05895e+06;14;15;28
351;lyon_metro;680500_5062500;RURALE;0;9;680500;5062500;680500;5062500;0;0;0
352;lyon_metro;680500_5065500;RURALE;0;9;680500;5065500;680500;5065500;0;0;0
353;lyon_metro;680500_5068500;RURALE;0;9;680500;5068500;680500;5068500;0;0;0
354;lyon_metro;680500_5071500;RURALE;0;9;680500;5071500;680500;5071500;0;0;0
355;lyon_metro;680500_5074500;RURALE;0;9;680500;5074500;680500;5074500;0;0;0
356;lyon_metro;680500_5077500;RURALE;0;9;680500;5077500;680500;5077500;0;0;0
357;lyon_metro;680500_5080500;RURALE;0;9;680500;5080500;680500;5080500;0;0;28
358;lyon_metro;680500_5083500;RURALE;0;9;680500;5083500;680500;5083500;0;0;28
359;lyon_metro;680500_5086500;RURALE;0;9;680500;5086500;680500;5086500;0;0;28
360;lyon_metro;680500_5089500;RURALE;0;9;680500;5089500;680500;5089500;0;0;28
361;lyon_metro;683500_5032500;RURALE;0;9;683500;5032500;683500;5032500;0;0;28
362;lyon_metro;683500_5035500;RURALE;0;9;683500;5035500;683500;5035500;0;0;28
363;lyon_metro;683500_5038500;RURALE;0;9;683500;5038500;683500;5038500;0;0;0
364;lyon_metro;683500_5041500;RURALE;0;12;683500;5041500;683531;5041575;12;14;28
365;lyon_metro;683500_5044500;RURALE;0;22;683500;5044500;683548;5.04468e+06;25;28;28
366;lyon_metro;683500_5047500;RURALE;15;3192;683500;5047500;683532;5.04784e+06;54;57;28
367;lyon_metro;683500_5050500;RURALE;15;934;683500;5050500;682366;5.0494e+06;40;43;28
368;lyon_metro;683500_5053500;RURALE;0;11;683500;5053500;683246;5.05339e+06;24;25;28
369;lyon_metro;683500_5056500;RURALE;0;13;683500;5056500;683276;5.05651e+06;3;4;28
370;lyon_metro;683500_5059500;RURALE;0;11;683500;5059500;683246;5.05939e+06;0;0;0
371;lyon_metro;683500_5062500;RURALE;0;9;683500;5062500;683500;5062500;0;0;0
372;lyon_metro;683500_5065500;RURALE;0;9;683500;5065500;683500;5065500;0;0;0
373;lyon_metro;683500_5068500;RURALE;0;9;683500;5068500;683500;5068500;0;0;28
374;lyon_metro;683500_5071500;RURALE;0;9;683500;5071500;683500;5071500;0;0;28
375;lyon_metro;683500_5074500;RURALE;0;9;683500;5074500;683500;5074500;0;0;28
376;lyon_metro;683500_5077500;RURALE;0;9;683500;5077500;683500;5077500;0;0;28
377;lyon_metro;683500_5080500;RURALE;0;9;683500;5080500;683500;5080500;0;0;28
378;lyon_metro;683500_5083500;RURALE;0;9;683500;5083500;683500;5083500;0;0;28
379;lyon_metro;683500_5086500;RURALE;0;9;683500;5086500;683500;5086500;0;0;28
380;lyon_metro;683500_5089500;RURALE;0;9;683500;5089500;683500;5089500;0;0;28
381;lyon_metro;686500_5032500;RURALE;0;9;686500;5032500;686500;5032500;0;0;28
382;lyon_metro;686500_5035500;RURALE;0;9;686500;5035500;686500;5035500;0;0;28
383;lyon_metro;686500_5038500;RURALE;0;9;686500;5038500;686500;5038500;0;0;28
384;lyon_metro;686500_5041500;RURALE;0;9;686500;5041500;686500;5041500;0;0;28
385;lyon_metro;686500_5044500;RURALE;0;19;686500;5044500;686198;5.04485e+06;5;6;28
386;lyon_metro;686500_5047500;RURALE;0;76;686500;5047500;685436;5.04689e+06;7;8;28
387;lyon_metro;686500_5050500;RURALE;0;12;686500;5050500;686468;5.05062e+06;6;7;28
388;lyon_metro;686500_5053500;RURALE;0;9;686500;5053500;686500;5053500;0;0;0
389;lyon_metro;686500_5056500;RURALE;0;9;686500;5056500;686500;5056500;0;0;0
390;lyon_metro;686500_5059500;RURALE;0;9;686500;5059500;686500;5059500;0;0;0
391;lyon_metro;686500_5062500;RURALE;0;9;686500;5062500;686500;5062500;0;0;28
392;lyon_metro;686500_5065500;RURALE;0;9;686500;5065500;686500;5065500;0;0;28
393;lyon_metro;686500_5068500;RURALE;0;9;686500;5068500;686500;5068500;0;0;28
394;lyon_metro;686500_5071500;RURALE;0;9;686500;5071500;686500;5071500;0;0;28
395;lyon_metro;686500_5074500;RURALE;0;9;686500;5074500;686500;5074500;0;0;28
396;lyon_metro;686500_5077500;RURALE;0;9;686500;5077500;686500;5077500;0;0;28
397;lyon_metro;686500_5080500;RURALE;0;9;686500;5080500;686500;5080500;0;0;28
398;lyon_metro;686500_5083500;RURALE;0;9;686500;5083500;686500;5083500;0;0;28
399;lyon_metro;686500_5086500;RURALE;0;9;686500;5086500;686500;5086500;0;0;28
400;lyon_metro;686500_5089500;RURALE;0;9;686500;5089500;686500;5089500;0;0;28
