120.0  0  0  0
118.0  3  3  3
116.0  6  6  6
114.0  10  8  8
112.0  13  10  10
110.0  16  12  12
108.0  19  13  13
106.0  22  15  15
104.0  26  15  15
102.0  29  16  16
100.0  32  16  16
98.0  35  16  16
96.0  38  15  15
94.0  42  15  15
92.0  45  13  13
90.0  48  12  12
88.0  51  10  10
86.0  54  8  8
84.0  58  6  6
82.0  61  3  3
80.0  64  0  0
78.0  73  0  0
76.0  81  0  0
74.0  90  0  0
72.0  99  0  0
70.0  108  0  0
68.0  116  0  0
66.0  125  0  0
64.0  134  0  0
62.0  142  0  0
60.0  151  0  0
58.0  161  0  0
56.0  172  0  0
54.0  182  0  0
52.0  193  0  0
50.0  203  0  0
48.0  213  0  0
46.0  224  0  0
44.0  234  0  0
42.0  245  0  0
40.0  255  0  0
38.0  255  84  28
36.0  255  155  55
34.0  255  198  27
32.0  255  255  0
30.0  54  215  0
28.0  0  176  88
26.0  22  189  92
24.0  47  202  98
22.0  74  215  110
20.0  105  229  126
18.0  139  242  148
16.0  176  255  176
14.0  203  255  186
12.0  225  255  196
10.0  243  255  206
8.0  255  255  216
6.0  255  248  225
4.0  255  245  235
2.0  255  248  245
0.0  255  255  255
nv  255  255  255
