i	Date	Heure	Uext	Direct	Uh	To	h	us	sigmatheta	Cld	Fo	Lmo	thetas	k1	k3
2185	01/04/2008	00:00	1.20	20.0	1.00	6.20	98.7	0.11	10.99	3.0	-2.66	90.00	0.020	0.00e+00	3.37e-04
2186	01/04/2008	01:00	1.20	310.0	1.00	4.80	98.7	0.11	10.99	3.0	-2.66	90.00	0.020	0.00e+00	3.30e-04
2187	01/04/2008	02:00	1.00	330.0	1.00	5.40	88.9	0.09	11.99	2.0	-1.69	90.00	0.015	0.00e+00	3.33e-04
2188	01/04/2008	03:00	2.70	300.0	1.47	6.00	155.2	0.23	7.44	2.0	-21.08	90.00	0.074	0.00e+00	3.36e-04
2189	01/04/2008	04:00	1.00	0.0	1.00	4.30	88.9	0.09	11.99	0.0	-1.69	90.00	0.015	0.00e+00	3.28e-04
2190	01/04/2008	05:00	1.00	0.0	1.00	3.80	88.9	0.09	11.99	0.0	-1.69	90.00	0.015	0.00e+00	3.25e-04
2191	01/04/2008	06:00	1.00	20.0	1.00	3.90	88.9	0.09	11.99	1.0	-1.69	90.00	0.015	4.55e-04	3.26e-04
2192	01/04/2008	07:00	3.20	340.0	1.77	7.80	1044.0	0.36	6.98	1.0	46.53	-89.60	-0.104	2.98e-03	3.45e-04
2193	01/04/2008	08:00	5.50	340.0	3.04	10.10	1718.4	0.60	5.31	1.0	107.53	-172.86	-0.148	4.97e-03	3.57e-04
2194	01/04/2008	09:00	5.10	360.0	2.84	11.20	1842.9	0.58	5.50	2.0	160.98	-104.17	-0.230	6.39e-03	3.62e-04
2195	01/04/2008	10:00	6.20	360.0	3.44	12.30	1987.9	0.68	4.99	1.0	197.03	-141.61	-0.239	7.41e-03	3.68e-04
2196	01/04/2008	11:00	6.10	360.0	3.40	13.50	2137.3	0.68	5.02	2.0	221.67	-124.46	-0.271	7.92e-03	3.74e-04
2197	01/04/2008	12:00	6.00	340.0	3.35	13.80	2280.6	0.67	5.06	2.0	229.48	-116.82	-0.283	8.09e-03	3.76e-04
2198	01/04/2008	13:00	5.20	350.0	2.93	14.70	2402.7	0.60	5.41	4.0	210.73	-90.53	-0.292	7.40e-03	3.81e-04
2199	01/04/2008	14:00	6.30	350.0	3.48	15.50	2502.3	0.68	4.96	5.0	173.04	-163.61	-0.211	6.29e-03	3.85e-04
2200	01/04/2008	15:00	5.60	360.0	3.09	15.60	2569.2	0.61	5.26	6.0	120.54	-164.28	-0.166	4.62e-03	3.85e-04
2201	01/04/2008	16:00	5.30	350.0	2.93	15.60	2615.8	0.57	5.40	6.0	84.83	-192.81	-0.124	3.57e-03	3.85e-04
2202	01/04/2008	17:00	5.80	340.0	3.21	14.40	2642.2	0.61	5.14	6.0	43.05	-459.38	-0.059	2.14e-03	3.79e-04
2203	01/04/2008	18:00	4.90	350.0	2.69	13.30	1425.8	0.49	5.61	7.0	-1.12	10064.40	0.002	2.39e-04	3.73e-04
2204	01/04/2008	19:00	4.10	350.0	2.29	12.00	294.3	0.39	6.03	7.0	-26.24	198.36	0.056	0.00e+00	3.67e-04
2205	01/04/2008	20:00	1.80	340.0	1.00	10.80	124.1	0.16	9.05	7.0	-7.42	90.00	0.039	0.00e+00	3.60e-04
2206	01/04/2008	21:00	2.00	10.0	1.10	10.20	131.6	0.17	8.60	8.0	-9.46	90.00	0.045	0.00e+00	3.57e-04
2207	01/04/2008	22:00	1.70	350.0	1.00	10.40	120.2	0.15	9.30	8.0	-6.42	90.00	0.036	0.00e+00	3.58e-04
2208	01/04/2008	23:00	2.00	340.0	1.10	10.70	131.6	0.17	8.60	8.0	-9.44	90.00	0.045	0.00e+00	3.60e-04
2209	02/04/2008	00:00	1.10	20.0	1.00	10.50	93.9	0.10	11.46	8.0	-2.14	90.00	0.018	0.00e+00	3.59e-04
2210	02/04/2008	01:00	1.00	350.0	1.00	9.50	88.9	0.09	11.99	7.0	-1.69	90.00	0.016	0.00e+00	3.54e-04
2211	02/04/2008	02:00	1.30	50.0	1.00	7.40	103.3	0.11	10.58	5.0	-3.25	90.00	0.023	0.00e+00	3.43e-04
2212	02/04/2008	03:00	1.10	140.0	1.00	6.60	93.9	0.10	11.46	3.0	-2.14	90.00	0.018	0.00e+00	3.39e-04
2213	02/04/2008	04:00	1.00	190.0	1.00	5.80	88.9	0.09	11.99	2.0	-1.69	90.00	0.015	0.00e+00	3.35e-04
2214	02/04/2008	05:00	1.00	360.0	1.00	5.70	88.9	0.09	11.99	6.0	-1.69	90.00	0.015	0.00e+00	3.35e-04
2215	02/04/2008	06:00	1.00	0.0	1.00	6.70	88.9	0.09	11.99	7.0	-1.69	90.00	0.015	2.78e-04	3.40e-04
2216	02/04/2008	07:00	1.00	200.0	1.00	8.90	506.0	0.18	11.35	7.0	32.18	-14.75	-0.150	1.59e-03	3.51e-04
2217	02/04/2008	08:00	1.00	0.0	1.00	11.50	650.3	0.19	11.38	7.0	64.15	-9.43	-0.278	2.63e-03	3.64e-04
2218	02/04/2008	09:00	1.00	40.0	1.00	12.80	811.2	0.20	11.43	7.0	90.76	-7.49	-0.380	3.39e-03	3.71e-04
2219	02/04/2008	10:00	2.20	10.0	1.26	13.60	896.1	0.28	8.28	8.0	53.32	-37.63	-0.156	1.86e-03	3.75e-04
2220	02/04/2008	11:00	4.30	360.0	2.37	14.90	1352.7	0.47	6.01	8.0	59.43	-152.58	-0.106	2.00e-03	3.82e-04
2221	02/04/2008	12:00	5.70	20.0	3.15	14.70	1739.1	0.60	5.20	8.0	61.49	-313.38	-0.085	2.04e-03	3.81e-04
2222	02/04/2008	13:00	4.00	20.0	2.21	14.20	1786.7	0.44	6.23	8.0	59.43	-127.00	-0.112	2.00e-03	3.78e-04
2223	02/04/2008	14:00	4.10	20.0	2.26	13.50	1829.0	0.45	6.15	8.0	53.32	-148.18	-0.099	1.86e-03	3.74e-04
2224	02/04/2008	15:00	4.60	40.0	2.54	14.00	1897.3	0.51	5.81	7.0	90.39	-127.32	-0.148	3.39e-03	3.77e-04
2225	02/04/2008	16:00	4.20	30.0	2.32	13.00	1944.2	0.46	6.08	7.0	64.02	-134.92	-0.115	2.63e-03	3.72e-04
2226	02/04/2008	17:00	2.80	40.0	1.54	12.80	1967.2	0.32	7.47	7.0	32.91	-85.50	-0.086	1.59e-03	3.71e-04
2227	02/04/2008	18:00	4.10	350.0	2.30	11.90	802.9	0.42	6.06	6.0	-2.23	2957.54	0.004	3.81e-04	3.66e-04
2228	02/04/2008	19:00	2.70	10.0	1.47	10.50	155.2	0.23	7.44	6.0	-18.13	90.00	0.065	0.00e+00	3.59e-04
2229	02/04/2008	20:00	2.50	30.0	1.37	9.60	148.8	0.21	7.72	6.0	-16.89	90.00	0.065	0.00e+00	3.54e-04
2230	02/04/2008	21:00	1.30	40.0	1.00	9.10	103.3	0.11	10.58	7.0	-3.25	90.00	0.023	0.00e+00	3.52e-04
2231	02/04/2008	22:00	1.10	50.0	1.00	8.80	93.9	0.10	11.46	7.0	-2.14	90.00	0.018	0.00e+00	3.50e-04
2232	02/04/2008	23:00	1.00	80.0	1.00	8.60	88.9	0.09	11.99	7.0	-1.69	90.00	0.016	0.00e+00	3.49e-04
2233	03/04/2008	00:00	1.40	130.0	1.00	8.00	107.7	0.12	10.21	8.0	-3.92	90.00	0.026	0.00e+00	3.46e-04
2234	03/04/2008	01:00	1.00	120.0	1.00	7.80	88.9	0.09	11.99	6.0	-1.69	90.00	0.015	0.00e+00	3.45e-04
2235	03/04/2008	02:00	1.50	130.0	1.00	7.60	112.0	0.13	9.88	6.0	-4.67	90.00	0.029	0.00e+00	3.44e-04
2236	03/04/2008	03:00	1.00	0.0	1.00	7.50	88.9	0.09	11.99	7.0	-1.69	90.00	0.015	0.00e+00	3.44e-04
2237	03/04/2008	04:00	1.90	50.0	1.05	7.70	127.9	0.16	8.82	8.0	-8.52	90.00	0.042	0.00e+00	3.45e-04
2238	03/04/2008	05:00	1.80	10.0	1.00	7.80	124.1	0.16	9.05	8.0	-7.42	90.00	0.039	0.00e+00	3.45e-04
2239	03/04/2008	06:00	1.50	350.0	1.00	7.90	122.0	0.13	9.86	8.0	-2.03	105.89	0.012	1.51e-04	3.46e-04
2240	03/04/2008	07:00	4.90	350.0	2.73	8.60	1473.5	0.51	5.58	8.0	14.87	-788.37	-0.024	7.75e-04	3.49e-04
2241	03/04/2008	08:00	5.00	350.0	2.77	9.30	1517.4	0.53	5.54	8.0	30.43	-420.58	-0.047	1.27e-03	3.53e-04
2242	03/04/2008	09:00	6.40	350.0	3.53	11.20	1986.8	0.69	4.92	5.0	146.88	-195.61	-0.175	5.53e-03	3.62e-04
2243	03/04/2008	10:00	6.00	10.0	3.33	12.70	2118.5	0.66	5.07	4.0	193.72	-132.59	-0.241	6.96e-03	3.70e-04
2244	03/04/2008	11:00	6.20	360.0	3.45	13.10	2255.7	0.69	4.99	4.0	215.99	-131.86	-0.260	7.47e-03	3.72e-04
2245	03/04/2008	12:00	8.10	350.0	4.47	13.40	2477.1	0.86	4.37	5.0	205.84	-270.54	-0.199	6.96e-03	3.74e-04
2246	03/04/2008	13:00	7.00	20.0	3.86	13.60	2550.9	0.74	4.70	7.0	124.48	-287.41	-0.139	4.21e-03	3.75e-04
2247	03/04/2008	14:00	8.00	20.0	4.42	13.10	2620.2	0.84	4.39	7.0	111.95	-458.52	-0.111	3.92e-03	3.72e-04
2248	03/04/2008	15:00	7.20	20.0	3.97	13.30	2708.1	0.77	4.63	3.0	161.71	-245.01	-0.175	6.35e-03	3.73e-04
2249	03/04/2008	16:00	6.70	360.0	3.70	13.20	2768.2	0.71	4.80	3.0	112.35	-280.18	-0.131	4.94e-03	3.73e-04
2250	03/04/2008	17:00	8.50	20.0	4.71	12.50	2807.3	0.88	4.24	3.0	54.76	-1087.23	-0.052	3.02e-03	3.69e-04
2251	03/04/2008	18:00	7.60	20.0	4.25	11.10	1333.3	0.78	4.46	2.0	-11.37	3677.55	0.012	6.00e-04	3.62e-04
2252	03/04/2008	19:00	5.30	10.0	2.94	10.40	347.7	0.50	5.32	2.0	-53.37	208.63	0.087	0.00e+00	3.58e-04
2253	03/04/2008	20:00	4.90	350.0	2.71	9.50	302.9	0.46	5.53	2.0	-48.67	171.88	0.087	0.00e+00	3.54e-04
2254	03/04/2008	21:00	5.70	350.0	3.16	8.60	386.1	0.54	5.13	1.0	-59.74	238.70	0.089	0.00e+00	3.49e-04
2255	03/04/2008	22:00	6.70	350.0	3.72	7.80	501.7	0.66	4.74	1.0	-72.04	344.15	0.089	0.00e+00	3.45e-04
2256	03/04/2008	23:00	5.20	350.0	2.88	7.20	329.4	0.49	5.37	1.0	-53.81	190.80	0.089	0.00e+00	3.42e-04
2257	04/04/2008	00:00	5.00	350.0	2.76	6.50	305.6	0.46	5.48	0.0	-51.76	171.17	0.090	0.00e+00	3.39e-04
2258	04/04/2008	01:00	5.90	340.0	3.27	6.30	405.2	0.57	5.05	0.0	-63.09	253.70	0.090	0.00e+00	3.38e-04
2259	04/04/2008	02:00	5.90	350.0	3.27	5.70	404.7	0.57	5.05	0.0	-63.21	253.05	0.090	0.00e+00	3.35e-04
2260	04/04/2008	03:00	4.00	350.0	2.15	5.10	191.9	0.34	6.16	0.0	-37.58	90.00	0.090	0.00e+00	3.32e-04
2261	04/04/2008	04:00	6.40	340.0	3.55	5.20	461.8	0.62	4.85	0.0	-69.50	304.27	0.090	0.00e+00	3.32e-04
2262	04/04/2008	05:00	4.70	350.0	2.59	5.00	274.0	0.43	5.64	1.0	-47.82	147.15	0.089	0.00e+00	3.31e-04
2263	04/04/2008	06:00	4.30	350.0	2.52	5.00	420.6	0.44	5.77	0.0	-19.96	389.14	0.036	6.78e-04	3.31e-04
2264	04/04/2008	07:00	4.70	350.0	2.60	6.00	1454.0	0.50	5.73	1.0	51.95	-216.75	-0.083	3.16e-03	3.36e-04
2265	04/04/2008	08:00	6.50	340.0	3.59	7.70	1994.1	0.69	4.88	1.0	114.08	-254.67	-0.134	5.12e-03	3.45e-04
2266	04/04/2008	09:00	6.20	350.0	3.43	9.20	2107.8	0.67	5.00	1.0	165.85	-162.77	-0.201	6.56e-03	3.52e-04
2267	04/04/2008	10:00	7.30	360.0	4.03	11.30	2259.8	0.78	4.60	1.0	203.25	-208.03	-0.214	7.52e-03	3.63e-04
2268	04/04/2008	11:00	7.00	360.0	3.87	12.70	2396.9	0.76	4.70	1.0	225.89	-171.07	-0.246	8.06e-03	3.70e-04
2269	04/04/2008	12:00	7.70	360.0	4.25	13.80	2532.6	0.82	4.48	1.0	232.46	-212.86	-0.234	8.24e-03	3.76e-04
2270	04/04/2008	13:00	8.10	360.0	4.47	14.10	2658.6	0.86	4.37	1.0	223.69	-251.29	-0.216	8.06e-03	3.77e-04
2271	04/04/2008	14:00	7.90	360.0	4.36	14.50	2765.7	0.84	4.42	1.0	198.89	-260.93	-0.197	7.52e-03	3.80e-04
2272	04/04/2008	15:00	7.10	350.0	3.92	14.60	2848.0	0.76	4.67	1.0	160.34	-237.87	-0.176	6.56e-03	3.80e-04
2273	04/04/2008	16:00	7.60	360.0	4.20	14.40	2907.1	0.80	4.50	1.0	110.35	-402.70	-0.115	5.12e-03	3.79e-04
2274	04/04/2008	17:00	7.70	350.0	4.27	13.40	2939.3	0.80	4.46	1.0	51.86	-861.22	-0.054	3.16e-03	3.74e-04
2275	04/04/2008	18:00	5.10	360.0	2.87	12.10	667.8	0.52	5.42	1.0	-12.27	1014.36	0.019	6.77e-04	3.67e-04
2276	04/04/2008	19:00	4.40	360.0	2.43	10.90	245.9	0.40	5.82	1.0	-43.16	127.70	0.089	0.00e+00	3.61e-04
2277	04/04/2008	20:00	4.30	350.0	2.37	10.50	234.9	0.38	5.89	1.0	-41.88	119.72	0.089	0.00e+00	3.59e-04
2278	04/04/2008	21:00	3.00	340.0	1.63	9.70	164.3	0.25	7.07	0.0	-27.73	90.00	0.089	0.00e+00	3.55e-04
2279	04/04/2008	22:00	3.50	340.0	1.89	9.20	178.6	0.30	6.57	0.0	-32.55	90.00	0.090	0.00e+00	3.52e-04
2280	04/04/2008	23:00	3.70	340.0	1.99	8.80	184.1	0.31	6.39	0.0	-34.40	90.00	0.090	0.00e+00	3.50e-04
2281	05/04/2008	00:00	1.60	30.0	1.00	7.60	116.2	0.14	9.57	0.0	-5.50	90.00	0.032	0.00e+00	3.44e-04
2282	05/04/2008	01:00	2.10	360.0	1.16	7.20	135.2	0.18	8.40	0.0	-11.02	90.00	0.049	0.00e+00	3.42e-04
2283	05/04/2008	02:00	1.90	40.0	1.05	5.30	127.9	0.16	8.82	0.0	-8.52	90.00	0.042	0.00e+00	3.33e-04
2284	05/04/2008	03:00	1.00	0.0	1.00	3.80	88.9	0.09	11.99	0.0	-1.69	90.00	0.015	0.00e+00	3.25e-04
2285	05/04/2008	04:00	1.70	340.0	1.00	4.60	120.2	0.15	9.30	0.0	-6.42	90.00	0.035	0.00e+00	3.29e-04
2286	05/04/2008	05:00	1.00	110.0	1.00	4.30	88.9	0.09	11.99	1.0	-1.69	90.00	0.015	0.00e+00	3.28e-04
2287	05/04/2008	06:00	1.00	0.0	1.00	3.10	88.9	0.09	11.99	1.0	-1.69	90.00	0.015	7.50e-04	3.22e-04
2288	05/04/2008	07:00	1.00	0.0	1.00	6.70	537.9	0.19	11.36	1.0	53.68	-10.62	-0.233	3.22e-03	3.40e-04
2289	05/04/2008	08:00	1.00	350.0	1.00	9.00	763.8	0.20	11.46	1.0	114.97	-6.42	-0.462	5.17e-03	3.51e-04
2290	05/04/2008	09:00	1.80	350.0	1.19	10.60	1007.2	0.31	8.57	1.0	165.97	-15.22	-0.445	6.60e-03	3.59e-04
2291	05/04/2008	10:00	1.70	20.0	1.12	11.70	1238.6	0.30	8.84	0.0	201.09	-11.94	-0.550	7.57e-03	3.65e-04
2292	05/04/2008	11:00	2.70	340.0	1.77	13.20	1459.8	0.41	7.01	1.0	226.64	-27.60	-0.453	8.10e-03	3.73e-04
2293	05/04/2008	12:00	3.10	350.0	2.02	13.90	1658.6	0.46	6.54	1.0	233.82	-35.93	-0.425	8.27e-03	3.76e-04
2294	05/04/2008	13:00	2.00	310.0	1.31	15.00	1827.3	0.34	8.15	2.0	225.55	-15.13	-0.555	8.05e-03	3.82e-04
2295	05/04/2008	14:00	1.30	350.0	1.00	16.00	1963.7	0.25	10.11	3.0	199.11	-7.26	-0.655	7.36e-03	3.87e-04
2296	05/04/2008	15:00	1.40	30.0	1.00	15.70	2058.0	0.26	9.71	5.0	145.83	-10.25	-0.474	5.61e-03	3.86e-04
2297	05/04/2008	16:00	4.50	30.0	2.49	15.30	2126.8	0.50	5.87	5.0	103.95	-108.01	-0.172	4.39e-03	3.84e-04
2298	05/04/2008	17:00	3.20	20.0	1.77	14.70	2161.5	0.37	6.98	5.0	54.77	-79.06	-0.124	2.73e-03	3.81e-04
2299	05/04/2008	18:00	1.40	90.0	1.00	13.70	2162.2	0.15	10.43	5.0	1.19	-255.86	-0.007	6.36e-04	3.75e-04
2300	05/04/2008	19:00	1.20	120.0	1.00	11.80	98.7	0.11	10.99	6.0	-2.66	90.00	0.021	0.00e+00	3.65e-04
2301	05/04/2008	20:00	1.00	0.0	1.00	11.70	88.9	0.09	11.99	6.0	-1.69	90.00	0.016	0.00e+00	3.65e-04
2302	05/04/2008	21:00	4.80	350.0	2.67	11.20	350.8	0.46	5.58	6.0	-36.30	238.37	0.065	0.00e+00	3.62e-04
2303	05/04/2008	22:00	2.30	330.0	1.26	11.00	142.1	0.20	8.04	6.0	-13.92	90.00	0.058	0.00e+00	3.61e-04
2304	05/04/2008	23:00	1.00	190.0	1.00	11.20	88.9	0.09	11.99	6.0	-1.69	90.00	0.016	0.00e+00	3.62e-04
2305	06/04/2008	00:00	4.20	310.0	2.34	11.20	306.2	0.40	5.96	7.0	-27.08	209.41	0.056	0.00e+00	3.62e-04
2306	06/04/2008	01:00	3.70	290.0	2.06	10.60	245.1	0.34	6.34	7.0	-23.23	153.16	0.056	0.00e+00	3.59e-04
2307	06/04/2008	02:00	2.40	290.0	1.31	10.00	145.5	0.21	7.88	7.0	-13.93	90.00	0.056	0.00e+00	3.56e-04
2308	06/04/2008	03:00	3.20	310.0	1.75	9.60	180.0	0.28	6.84	7.0	-18.81	99.39	0.056	0.00e+00	3.54e-04
2309	06/04/2008	04:00	2.60	320.0	1.42	9.30	152.0	0.22	7.58	7.0	-15.08	90.00	0.056	0.00e+00	3.53e-04
2310	06/04/2008	05:00	3.60	340.0	2.00	8.80	232.2	0.33	6.42	7.0	-22.56	141.67	0.056	0.00e+00	3.50e-04
2311	06/04/2008	06:00	3.50	350.0	1.96	8.20	1045.3	0.36	6.57	7.0	0.96	-4350.14	-0.002	4.31e-04	3.47e-04
2312	06/04/2008	07:00	2.80	350.0	1.54	8.10	1091.7	0.32	7.47	7.0	35.73	-80.14	-0.091	1.72e-03	3.47e-04
2313	06/04/2008	08:00	3.40	10.0	1.88	7.50	1174.7	0.39	6.76	7.0	68.29	-77.18	-0.142	2.73e-03	3.44e-04
2314	06/04/2008	09:00	2.10	360.0	1.38	8.90	1349.5	0.34	7.93	3.0	171.14	-20.23	-0.410	6.47e-03	3.51e-04
2315	06/04/2008	10:00	2.80	20.0	1.83	9.80	1519.4	0.42	6.88	5.0	186.39	-34.07	-0.366	6.45e-03	3.55e-04
2316	06/04/2008	11:00	1.00	90.0	1.00	10.70	1660.5	0.21	11.51	6.0	176.01	-4.88	-0.676	5.84e-03	3.60e-04
2317	06/04/2008	12:00	1.80	30.0	1.18	11.90	1817.3	0.31	8.59	5.0	211.94	-12.86	-0.556	7.04e-03	3.66e-04
2318	06/04/2008	13:00	1.00	210.0	1.00	12.10	1936.2	0.21	11.51	6.0	174.40	-4.91	-0.674	5.84e-03	3.67e-04
2319	06/04/2008	14:00	2.40	180.0	1.54	12.10	2012.1	0.35	7.51	7.0	114.96	-33.13	-0.270	3.98e-03	3.67e-04
2320	06/04/2008	15:00	1.00	300.0	1.00	11.60	2071.4	0.20	11.44	7.0	94.56	-7.29	-0.392	3.48e-03	3.64e-04
2321	06/04/2008	16:00	1.00	130.0	1.00	10.70	2127.3	0.20	11.43	6.0	92.15	-7.42	-0.382	3.75e-03	3.60e-04
2322	06/04/2008	17:00	2.70	10.0	1.50	10.70	2157.3	0.32	7.59	6.0	48.75	-58.75	-0.125	2.36e-03	3.60e-04
2323	06/04/2008	18:00	3.90	360.0	2.18	9.90	2160.0	0.40	6.22	5.0	0.73	-7838.54	-0.001	6.97e-04	3.56e-04
2324	06/04/2008	19:00	8.30	310.0	4.66	8.40	775.6	0.84	4.25	5.0	-74.55	695.46	0.072	0.00e+00	3.48e-04
2325	06/04/2008	20:00	5.30	310.0	2.94	7.50	366.9	0.51	5.32	4.0	-49.19	233.26	0.079	0.00e+00	3.44e-04
2326	06/04/2008	21:00	4.60	280.0	2.55	6.80	287.0	0.43	5.70	4.0	-41.58	165.39	0.079	0.00e+00	3.40e-04
2327	06/04/2008	22:00	8.90	270.0	4.98	6.30	801.0	0.90	4.11	3.0	-92.78	682.92	0.084	0.00e+00	3.38e-04
2328	06/04/2008	23:00	6.60	290.0	3.67	4.30	503.8	0.65	4.77	3.0	-67.49	353.59	0.084	0.00e+00	3.28e-04
2329	07/04/2008	00:00	4.30	300.0	2.37	3.80	234.9	0.38	5.89	2.0	-41.88	119.72	0.087	0.00e+00	3.25e-04
2330	07/04/2008	01:00	3.20	290.0	1.73	3.30	170.2	0.27	6.86	2.0	-29.54	90.00	0.087	0.00e+00	3.23e-04
2331	07/04/2008	02:00	2.50	340.0	1.37	3.00	148.8	0.21	7.72	1.0	-17.27	90.00	0.065	0.00e+00	3.21e-04
2332	07/04/2008	03:00	2.20	350.0	1.21	2.00	138.7	0.19	8.21	1.0	-12.42	90.00	0.052	0.00e+00	3.17e-04
2333	07/04/2008	04:00	2.40	120.0	1.31	0.60	145.5	0.21	7.88	0.0	-15.54	90.00	0.060	0.00e+00	3.10e-04
2334	07/04/2008	05:00	1.40	100.0	1.00	0.00	107.7	0.12	10.21	1.0	-3.92	90.00	0.025	0.00e+00	3.07e-04
2335	07/04/2008	06:00	1.10	170.0	1.00	0.50	93.9	0.10	11.46	1.0	-2.14	90.00	0.017	8.93e-04	3.09e-04
2336	07/04/2008	07:00	1.00	210.0	1.00	3.90	542.0	0.19	11.37	1.0	57.54	-10.14	-0.245	3.34e-03	3.26e-04
2337	07/04/2008	08:00	1.20	40.0	1.00	5.20	774.8	0.23	10.47	1.0	120.89	-8.70	-0.426	5.27e-03	3.32e-04
2338	07/04/2008	09:00	1.20	220.0	1.00	5.10	1023.3	0.24	10.51	2.0	177.85	-6.74	-0.599	6.64e-03	3.32e-04
2339	07/04/2008	10:00	1.30	50.0	1.00	7.20	1262.3	0.26	10.12	2.0	216.15	-6.88	-0.683	7.58e-03	3.42e-04
2340	07/04/2008	11:00	1.50	360.0	1.00	7.70	1484.3	0.28	9.43	2.0	240.93	-8.35	-0.690	8.11e-03	3.45e-04
2341	07/04/2008	12:00	2.50	30.0	1.63	7.60	1685.9	0.40	7.29	2.0	249.83	-21.97	-0.512	8.28e-03	3.44e-04
2342	07/04/2008	13:00	1.30	30.0	1.00	9.10	1855.3	0.26	10.14	1.0	236.62	-6.48	-0.745	8.16e-03	3.52e-04
2343	07/04/2008	14:00	3.40	80.0	2.16	9.30	1998.2	0.47	6.33	1.0	210.94	-44.59	-0.363	7.63e-03	3.53e-04
2344	07/04/2008	15:00	2.70	50.0	1.76	9.20	2105.6	0.40	7.01	1.0	170.75	-33.52	-0.347	6.69e-03	3.52e-04
2345	07/04/2008	16:00	2.90	40.0	1.76	9.70	2178.6	0.39	7.01	2.0	120.35	-43.06	-0.253	5.23e-03	3.55e-04
2346	07/04/2008	17:00	4.30	350.0	2.37	9.50	2216.4	0.47	6.01	2.0	59.80	-151.77	-0.104	3.32e-03	3.54e-04
2347	07/04/2008	18:00	3.10	360.0	1.75	7.80	460.4	0.32	6.94	3.0	-3.12	890.94	0.008	8.70e-04	3.45e-04
2348	07/04/2008	19:00	2.50	10.0	1.37	6.20	148.8	0.21	7.72	3.0	-17.27	90.00	0.065	0.00e+00	3.37e-04
2349	07/04/2008	20:00	2.00	10.0	1.10	5.40	131.6	0.17	8.60	4.0	-9.72	90.00	0.045	0.00e+00	3.33e-04
2350	07/04/2008	21:00	2.10	360.0	1.16	5.40	135.2	0.18	8.40	4.0	-11.02	90.00	0.049	0.00e+00	3.33e-04
2351	07/04/2008	22:00	2.50	350.0	1.37	5.60	148.8	0.21	7.72	5.0	-17.27	90.00	0.065	0.00e+00	3.34e-04
2352	07/04/2008	23:00	2.50	340.0	1.37	5.30	148.8	0.21	7.72	5.0	-17.27	90.00	0.065	0.00e+00	3.33e-04
2353	08/04/2008	00:00	2.50	330.0	1.37	4.70	148.8	0.21	7.72	6.0	-17.19	90.00	0.065	0.00e+00	3.30e-04
2354	08/04/2008	01:00	1.00	350.0	1.00	3.80	88.9	0.09	11.99	6.0	-1.69	90.00	0.015	0.00e+00	3.25e-04
2355	08/04/2008	02:00	1.10	10.0	1.00	3.80	93.9	0.10	11.46	7.0	-2.14	90.00	0.018	0.00e+00	3.25e-04
2356	08/04/2008	03:00	1.40	10.0	1.00	3.90	107.7	0.12	10.21	7.0	-3.92	90.00	0.026	0.00e+00	3.26e-04
2357	08/04/2008	04:00	1.20	40.0	1.00	3.80	98.7	0.11	10.99	7.0	-2.66	90.00	0.020	0.00e+00	3.25e-04
2358	08/04/2008	05:00	1.00	20.0	1.00	3.90	88.9	0.09	11.99	8.0	-1.69	90.00	0.015	0.00e+00	3.26e-04
2359	08/04/2008	06:00	1.60	70.0	1.00	4.20	187.7	0.16	9.61	8.0	-1.32	254.37	0.007	2.41e-04	3.27e-04
2360	08/04/2008	07:00	2.10	50.0	1.15	4.30	692.1	0.24	8.64	8.0	15.90	-76.39	-0.053	8.49e-04	3.28e-04
2361	08/04/2008	08:00	1.00	20.0	1.00	4.00	380.4	0.13	12.61	8.0	8.86	-22.78	-0.054	1.33e-03	3.26e-04
2362	08/04/2008	09:00	1.00	20.0	1.00	4.40	441.8	0.15	11.97	8.0	18.08	-17.48	-0.095	1.68e-03	3.28e-04
2363	08/04/2008	10:00	1.00	240.0	1.00	5.50	508.7	0.16	11.60	8.0	24.32	-16.26	-0.119	1.92e-03	3.34e-04
2364	08/04/2008	11:00	1.30	220.0	1.00	5.10	579.0	0.19	10.47	8.0	29.12	-21.70	-0.121	2.05e-03	3.32e-04
2365	08/04/2008	12:00	1.00	200.0	1.00	5.40	642.9	0.17	11.39	8.0	30.33	-15.12	-0.141	2.09e-03	3.33e-04
2366	08/04/2008	13:00	3.70	120.0	2.05	6.70	1150.0	0.40	6.46	8.0	27.52	-202.48	-0.056	2.05e-03	3.40e-04
2367	08/04/2008	14:00	3.20	130.0	1.77	7.80	1215.0	0.37	6.98	8.0	55.83	-77.93	-0.124	1.92e-03	3.45e-04
2368	08/04/2008	15:00	4.20	130.0	2.33	9.60	1368.5	0.47	6.08	7.0	97.05	-96.74	-0.167	3.52e-03	3.54e-04
2369	08/04/2008	16:00	5.10	160.0	2.82	10.70	1579.4	0.55	5.51	7.0	69.43	-207.91	-0.104	2.78e-03	3.60e-04
2370	08/04/2008	17:00	4.50	160.0	2.49	10.50	1616.3	0.48	5.85	7.0	37.80	-257.18	-0.065	1.78e-03	3.59e-04
2371	08/04/2008	18:00	3.90	150.0	2.18	10.00	1623.2	0.40	6.23	7.0	3.59	-1628.65	-0.007	5.05e-04	3.56e-04
2372	08/04/2008	19:00	5.70	170.0	3.20	10.20	500.4	0.57	5.12	7.0	-38.47	418.30	0.056	0.00e+00	3.57e-04
2373	08/04/2008	20:00	6.70	180.0	3.77	10.00	640.0	0.68	4.72	7.0	-45.87	593.46	0.056	0.00e+00	3.56e-04
2374	08/04/2008	21:00	5.10	170.0	2.86	9.70	419.8	0.50	5.41	7.0	-34.05	325.98	0.056	0.00e+00	3.55e-04
2375	08/04/2008	22:00	6.70	170.0	3.77	10.20	640.2	0.68	4.72	7.0	-45.84	593.92	0.056	0.00e+00	3.57e-04
2376	08/04/2008	23:00	7.40	180.0	4.17	10.60	742.8	0.75	4.49	7.0	-50.88	734.93	0.056	0.00e+00	3.59e-04
2377	09/04/2008	00:00	7.00	190.0	3.94	11.20	684.7	0.71	4.62	7.0	-47.87	654.69	0.056	0.00e+00	3.62e-04
2378	09/04/2008	01:00	7.70	190.0	4.34	11.30	788.5	0.78	4.40	7.0	-52.94	801.38	0.056	0.00e+00	3.63e-04
2379	09/04/2008	02:00	6.30	180.0	3.54	11.30	584.5	0.63	4.87	7.0	-42.75	522.50	0.056	0.00e+00	3.63e-04
2380	09/04/2008	03:00	5.20	170.0	2.91	11.20	434.2	0.51	5.36	7.0	-34.63	342.60	0.056	0.00e+00	3.62e-04
2381	09/04/2008	04:00	5.20	190.0	2.91	11.20	434.2	0.51	5.36	7.0	-34.63	342.60	0.056	0.00e+00	3.62e-04
2382	09/04/2008	05:00	3.00	110.0	1.63	10.70	164.3	0.25	7.07	7.0	-17.22	90.00	0.056	0.00e+00	3.60e-04
2383	09/04/2008	06:00	3.30	140.0	1.85	10.30	996.4	0.35	6.78	7.0	4.62	-784.54	-0.011	5.41e-04	3.58e-04
2384	09/04/2008	07:00	3.80	170.0	2.10	10.80	1192.7	0.41	6.38	7.0	38.70	-160.63	-0.077	1.81e-03	3.60e-04
2385	09/04/2008	08:00	3.20	130.0	1.78	11.10	1270.6	0.37	6.96	7.0	70.20	-66.21	-0.154	2.81e-03	3.62e-04
2386	09/04/2008	09:00	3.00	130.0	1.66	11.40	1317.5	0.34	7.21	7.0	43.80	-80.58	-0.105	3.54e-03	3.63e-04
2387	09/04/2008	10:00	3.70	190.0	2.09	12.90	1433.5	0.44	6.42	7.0	116.89	-64.86	-0.219	4.03e-03	3.71e-04
2388	09/04/2008	11:00	11.10	190.0	6.15	13.30	3286.8	1.14	3.71	7.0	59.52	-2185.46	-0.043	4.31e-03	3.73e-04
2389	09/04/2008	12:00	12.20	190.0	6.73	16.00	3623.0	1.25	3.55	6.0	179.19	-972.32	-0.119	6.02e-03	3.87e-04
2390	09/04/2008	13:00	14.90	190.0	8.21	17.10	4000.0	1.52	3.21	5.0	201.54	-1551.20	-0.111	6.98e-03	3.93e-04
2391	09/04/2008	14:00	12.00	170.0	6.62	17.70	3999.9	1.24	3.58	5.0	180.95	-918.10	-0.123	6.53e-03	3.96e-04
2392	09/04/2008	15:00	11.50	180.0	6.35	17.20	3999.9	1.18	3.66	5.0	149.77	-976.31	-0.106	5.74e-03	3.94e-04
2393	09/04/2008	16:00	10.50	180.0	5.80	16.00	3999.9	1.08	3.82	5.0	108.92	-1023.96	-0.084	4.55e-03	3.87e-04
2394	09/04/2008	17:00	10.20	190.0	5.65	15.30	3999.9	1.05	3.87	5.0	60.24	-1684.89	-0.048	2.93e-03	3.84e-04
2395	09/04/2008	18:00	2.30	170.0	1.26	12.60	142.1	0.20	8.04	5.0	-10.52	90.00	0.044	8.77e-04	3.70e-04
2396	09/04/2008	19:00	4.70	180.0	2.62	13.30	340.1	0.45	5.64	6.0	-35.19	228.92	0.065	0.00e+00	3.73e-04
2397	09/04/2008	20:00	6.20	180.0	3.47	13.20	530.6	0.62	4.91	6.0	-48.16	428.40	0.065	0.00e+00	3.73e-04
2398	09/04/2008	21:00	6.40	180.0	3.59	13.40	557.4	0.64	4.84	6.0	-49.83	459.58	0.065	0.00e+00	3.74e-04
2399	09/04/2008	22:00	6.00	190.0	3.36	14.10	505.0	0.59	4.99	6.0	-46.32	400.00	0.065	0.00e+00	3.77e-04
2400	09/04/2008	23:00	5.70	180.0	3.19	13.70	465.6	0.56	5.12	6.0	-43.81	356.39	0.065	0.00e+00	3.75e-04
2401	10/04/2008	00:00	6.60	180.0	3.71	13.70	629.6	0.67	4.76	7.0	-44.58	582.94	0.056	0.00e+00	3.75e-04
2402	10/04/2008	01:00	5.70	180.0	3.20	13.60	503.4	0.57	5.12	7.0	-38.04	423.99	0.056	0.00e+00	3.75e-04
2403	10/04/2008	02:00	3.40	210.0	1.89	12.90	210.8	0.31	6.60	7.0	-20.69	124.49	0.056	0.00e+00	3.71e-04
2404	10/04/2008	03:00	2.10	190.0	1.16	12.40	135.2	0.18	8.40	7.0	-11.02	90.00	0.050	0.00e+00	3.69e-04
2405	10/04/2008	04:00	2.20	170.0	1.21	12.20	138.7	0.19	8.21	8.0	-10.29	90.00	0.045	0.00e+00	3.68e-04
2406	10/04/2008	05:00	2.40	140.0	1.31	12.00	145.5	0.21	7.88	8.0	-11.20	90.00	0.045	0.00e+00	3.67e-04
2407	10/04/2008	06:00	1.00	270.0	1.00	12.20	342.5	0.12	12.59	8.0	3.05	-48.28	-0.021	2.76e-04	3.68e-04
2408	10/04/2008	07:00	1.60	130.0	1.00	12.30	116.2	0.14	9.57	8.0	-3.06	90.00	0.018	8.77e-04	3.68e-04
2409	10/04/2008	08:00	2.00	150.0	1.11	12.40	630.6	0.22	8.77	8.0	5.56	-165.34	-0.021	1.35e-03	3.69e-04
2410	10/04/2008	09:00	2.20	190.0	1.23	13.30	783.9	0.27	8.39	7.0	41.11	-42.93	-0.125	3.56e-03	3.73e-04
2411	10/04/2008	10:00	1.80	230.0	1.09	14.50	866.1	0.25	8.91	7.0	50.25	-28.80	-0.164	4.05e-03	3.80e-04
2412	10/04/2008	11:00	3.00	200.0	1.82	17.60	1156.0	0.40	6.89	7.0	127.51	-44.38	-0.268	4.32e-03	3.96e-04
2413	10/04/2008	12:00	7.70	190.0	4.25	18.40	2355.5	0.82	4.48	6.0	177.70	-269.43	-0.184	6.04e-03	4.00e-04
2414	10/04/2008	13:00	7.80	180.0	4.30	19.60	2464.0	0.82	4.45	6.0	170.93	-288.88	-0.175	5.93e-03	4.07e-04
2415	10/04/2008	14:00	9.70	200.0	5.36	19.20	2894.4	1.00	3.98	7.0	114.61	-775.13	-0.097	4.05e-03	4.04e-04
2416	10/04/2008	15:00	7.30	200.0	4.03	18.40	2945.7	0.76	4.59	7.0	95.58	-411.94	-0.105	3.56e-03	4.00e-04
2417	10/04/2008	16:00	7.50	210.0	4.15	18.40	2985.5	0.78	4.52	7.0	70.37	-594.67	-0.076	2.83e-03	4.00e-04
2418	10/04/2008	17:00	5.80	230.0	3.22	17.40	3007.2	0.61	5.14	7.0	40.75	-483.90	-0.056	1.84e-03	3.95e-04
2419	10/04/2008	18:00	2.70	260.0	1.50	16.70	3011.4	0.29	7.53	7.0	8.58	-249.50	-0.025	5.77e-04	3.91e-04
2420	10/04/2008	19:00	2.60	110.0	1.42	15.80	152.0	0.22	7.58	7.0	-14.74	90.00	0.056	0.00e+00	3.86e-04
2421	10/04/2008	20:00	1.40	340.0	1.00	11.90	107.7	0.12	10.21	7.0	-3.92	90.00	0.026	0.00e+00	3.66e-04
2422	10/04/2008	21:00	2.00	170.0	1.10	11.90	131.6	0.17	8.60	7.0	-9.72	90.00	0.047	0.00e+00	3.66e-04
2423	10/04/2008	22:00	1.50	180.0	1.00	12.00	112.0	0.13	9.88	8.0	-4.67	90.00	0.029	0.00e+00	3.67e-04
2424	10/04/2008	23:00	2.60	190.0	1.42	11.50	152.0	0.22	7.58	8.0	-12.12	90.00	0.045	0.00e+00	3.64e-04
2425	11/04/2008	00:00	1.10	240.0	1.00	11.10	93.9	0.10	11.46	8.0	-2.14	90.00	0.018	0.00e+00	3.62e-04
2426	11/04/2008	01:00	1.00	170.0	1.00	10.10	88.9	0.09	11.99	8.0	-1.69	90.00	0.016	0.00e+00	3.57e-04
2427	11/04/2008	02:00	1.00	60.0	1.00	10.00	88.9	0.09	11.99	8.0	-1.69	90.00	0.016	0.00e+00	3.56e-04
2428	11/04/2008	03:00	1.30	70.0	1.00	10.30	103.3	0.11	10.58	8.0	-3.25	90.00	0.023	0.00e+00	3.58e-04
2429	11/04/2008	04:00	1.00	180.0	1.00	10.40	88.9	0.09	11.99	8.0	-1.69	90.00	0.016	0.00e+00	3.58e-04
2430	11/04/2008	05:00	1.00	120.0	1.00	10.70	88.9	0.09	11.99	8.0	-1.69	90.00	0.016	0.00e+00	3.60e-04
2431	11/04/2008	06:00	2.40	360.0	1.31	10.90	145.5	0.21	7.88	7.0	-9.97	90.00	0.040	6.13e-04	3.61e-04
2432	11/04/2008	07:00	2.00	360.0	1.10	11.10	648.0	0.22	8.83	7.0	10.25	-97.24	-0.038	1.87e-03	3.62e-04
2433	11/04/2008	08:00	6.60	350.0	3.68	10.60	1961.2	0.68	4.80	8.0	6.64	-4163.85	-0.008	1.36e-03	3.59e-04
2434	11/04/2008	09:00	3.90	290.0	2.17	9.40	1973.8	0.41	6.26	8.0	15.34	-400.59	-0.030	1.71e-03	3.53e-04
2435	11/04/2008	10:00	7.60	290.0	4.22	7.70	2260.9	0.78	4.48	8.0	23.13	-1830.88	-0.024	1.94e-03	3.45e-04
2436	11/04/2008	11:00	6.60	300.0	3.67	7.20	2286.0	0.68	4.81	8.0	27.76	-1014.06	-0.033	2.07e-03	3.42e-04
2437	11/04/2008	12:00	7.20	320.0	4.00	6.10	2314.8	0.74	4.60	8.0	30.36	-1195.91	-0.033	2.11e-03	3.37e-04
2438	11/04/2008	13:00	3.70	330.0	2.05	6.40	2332.2	0.40	6.46	8.0	28.58	-195.72	-0.058	2.07e-03	3.38e-04
2439	11/04/2008	14:00	3.50	330.0	1.94	6.50	2346.6	0.38	6.64	8.0	24.21	-195.87	-0.052	1.94e-03	3.39e-04
2440	11/04/2008	15:00	1.00	0.0	1.00	6.80	2355.8	0.15	12.03	8.0	17.21	-17.67	-0.092	1.71e-03	3.40e-04
2441	11/04/2008	16:00	1.50	120.0	1.00	6.90	2373.9	0.21	9.86	8.0	33.41	-25.21	-0.127	1.36e-03	3.41e-04
2442	11/04/2008	17:00	2.60	110.0	1.44	7.20	2383.9	0.29	7.73	8.0	17.90	-117.68	-0.050	8.91e-04	3.42e-04
2443	11/04/2008	18:00	2.00	120.0	1.12	6.70	2384.6	0.21	8.69	8.0	1.01	-810.84	-0.004	2.93e-04	3.40e-04
2444	11/04/2008	19:00	1.00	130.0	1.00	5.70	88.9	0.09	11.99	7.0	-1.69	90.00	0.015	0.00e+00	3.35e-04
2445	11/04/2008	20:00	1.00	190.0	1.00	5.00	88.9	0.09	11.99	7.0	-1.69	90.00	0.015	0.00e+00	3.31e-04
2446	11/04/2008	21:00	1.00	130.0	1.00	4.40	88.9	0.09	11.99	7.0	-1.69	90.00	0.015	0.00e+00	3.28e-04
2447	11/04/2008	22:00	1.00	150.0	1.00	4.30	88.9	0.09	11.99	7.0	-1.69	90.00	0.015	0.00e+00	3.28e-04
2448	11/04/2008	23:00	1.00	240.0	1.00	4.00	88.9	0.09	11.99	6.0	-1.69	90.00	0.015	0.00e+00	3.26e-04
2449	12/04/2008	00:00	1.00	150.0	1.00	3.70	88.9	0.09	11.99	6.0	-1.69	90.00	0.015	0.00e+00	3.25e-04
2450	12/04/2008	01:00	1.20	120.0	1.00	3.10	98.7	0.11	10.99	6.0	-2.66	90.00	0.020	0.00e+00	3.22e-04
2451	12/04/2008	02:00	1.00	70.0	1.00	3.50	88.9	0.09	11.99	5.0	-1.69	90.00	0.015	0.00e+00	3.24e-04
2452	12/04/2008	03:00	1.00	0.0	1.00	3.40	88.9	0.09	11.99	5.0	-1.69	90.00	0.015	0.00e+00	3.23e-04
2453	12/04/2008	04:00	1.00	0.0	1.00	3.10	88.9	0.09	11.99	5.0	-1.69	90.00	0.015	0.00e+00	3.22e-04
2454	12/04/2008	05:00	1.00	0.0	1.00	3.50	88.9	0.09	11.99	8.0	-1.69	90.00	0.015	0.00e+00	3.24e-04
2455	12/04/2008	06:00	1.00	0.0	1.00	4.20	356.6	0.12	12.66	7.0	5.02	-33.09	-0.033	6.48e-04	3.27e-04
2456	12/04/2008	07:00	1.00	0.0	1.00	4.80	522.4	0.18	11.33	7.0	40.91	-12.77	-0.182	1.90e-03	3.30e-04
2457	12/04/2008	08:00	1.10	340.0	1.00	7.40	727.9	0.21	10.91	6.0	100.58	-8.35	-0.385	3.95e-03	3.43e-04
2458	12/04/2008	09:00	2.20	30.0	1.45	9.50	991.8	0.34	7.73	6.0	137.06	-26.08	-0.326	4.94e-03	3.54e-04
2459	12/04/2008	10:00	1.30	330.0	1.00	10.40	1185.7	0.25	10.09	6.0	164.86	-8.22	-0.543	5.60e-03	3.58e-04
2460	12/04/2008	11:00	2.00	40.0	1.31	11.50	1398.8	0.34	8.15	5.0	212.87	-15.75	-0.521	7.05e-03	3.64e-04
2461	12/04/2008	12:00	2.80	340.0	1.83	11.10	1565.1	0.42	6.88	6.0	188.01	-33.90	-0.371	6.08e-03	3.62e-04
2462	12/04/2008	13:00	3.60	20.0	2.19	13.40	1711.5	0.47	6.29	6.0	179.22	-51.77	-0.314	5.97e-03	3.74e-04
2463	12/04/2008	14:00	2.90	340.0	1.89	14.00	1851.4	0.43	6.78	5.0	188.74	-36.04	-0.368	6.62e-03	3.77e-04
2464	12/04/2008	15:00	1.90	50.0	1.25	13.40	1958.1	0.32	8.33	5.0	156.71	-17.63	-0.412	5.84e-03	3.74e-04
2465	12/04/2008	16:00	1.50	20.0	1.00	13.20	2032.1	0.26	9.35	5.0	114.11	-13.82	-0.361	4.67e-03	3.73e-04
2466	12/04/2008	17:00	1.30	30.0	1.00	13.10	2072.6	0.22	9.98	5.0	64.30	-15.54	-0.237	3.07e-03	3.72e-04
2467	12/04/2008	18:00	1.00	40.0	1.00	12.50	2079.2	0.14	12.54	5.0	10.52	-20.77	-0.064	1.05e-03	3.69e-04
2468	12/04/2008	19:00	1.40	110.0	1.00	10.10	107.7	0.12	10.21	5.0	-3.92	90.00	0.026	0.00e+00	3.57e-04
2469	12/04/2008	20:00	1.00	140.0	1.00	7.70	88.9	0.09	11.99	5.0	-1.69	90.00	0.015	0.00e+00	3.45e-04
2470	12/04/2008	21:00	1.50	230.0	1.00	8.30	112.0	0.13	9.88	5.0	-4.67	90.00	0.029	0.00e+00	3.48e-04
2471	12/04/2008	22:00	1.30	220.0	1.00	9.10	103.3	0.11	10.58	5.0	-3.25	90.00	0.023	0.00e+00	3.52e-04
2472	12/04/2008	23:00	1.60	200.0	1.00	8.40	116.2	0.14	9.57	5.0	-5.50	90.00	0.032	0.00e+00	3.48e-04
2473	13/04/2008	00:00	1.80	200.0	1.00	8.40	124.1	0.16	9.05	5.0	-7.42	90.00	0.039	0.00e+00	3.48e-04
2474	13/04/2008	01:00	1.10	200.0	1.00	7.70	93.9	0.10	11.46	5.0	-2.14	90.00	0.018	0.00e+00	3.45e-04
2475	13/04/2008	02:00	1.10	340.0	1.00	7.00	93.9	0.10	11.46	5.0	-2.14	90.00	0.018	0.00e+00	3.41e-04
2476	13/04/2008	03:00	1.00	260.0	1.00	7.30	88.9	0.09	11.99	5.0	-1.69	90.00	0.015	0.00e+00	3.43e-04
2477	13/04/2008	04:00	1.30	180.0	1.00	7.20	103.3	0.11	10.58	5.0	-3.25	90.00	0.023	0.00e+00	3.42e-04
2478	13/04/2008	05:00	1.90	190.0	1.05	6.60	127.9	0.16	8.82	3.0	-8.52	90.00	0.042	0.00e+00	3.39e-04
2479	13/04/2008	06:00	1.30	160.0	1.00	6.50	428.3	0.15	10.96	2.0	3.67	-78.38	-0.020	1.30e-03	3.39e-04
2480	13/04/2008	07:00	2.80	190.0	1.58	9.00	991.0	0.34	7.39	3.0	71.24	-50.05	-0.169	3.57e-03	3.51e-04
2481	13/04/2008	08:00	2.60	190.0	1.66	10.90	1151.5	0.37	7.23	3.0	129.23	-35.76	-0.284	5.40e-03	3.61e-04
2482	13/04/2008	09:00	4.30	170.0	2.47	13.00	1493.1	0.52	5.91	3.0	176.90	-68.93	-0.283	6.73e-03	3.72e-04
2483	13/04/2008	10:00	3.70	160.0	2.30	14.40	1674.7	0.50	6.13	2.0	214.04	-50.61	-0.358	7.78e-03	3.79e-04
2484	13/04/2008	11:00	3.30	180.0	2.13	15.60	1845.6	0.47	6.38	4.0	225.76	-41.15	-0.399	7.75e-03	3.85e-04
2485	13/04/2008	12:00	4.00	160.0	2.42	16.30	1995.7	0.52	5.97	5.0	214.04	-57.01	-0.346	7.21e-03	3.89e-04
2486	13/04/2008	13:00	4.70	180.0	2.69	17.30	2132.0	0.56	5.66	5.0	205.90	-75.14	-0.309	7.07e-03	3.94e-04
2487	13/04/2008	14:00	5.30	160.0	2.96	17.70	2249.4	0.60	5.39	5.0	185.63	-102.65	-0.260	6.64e-03	3.96e-04
2488	13/04/2008	15:00	5.20	180.0	2.90	17.90	2349.7	0.59	5.44	4.0	166.40	-106.31	-0.239	6.43e-03	3.98e-04
2489	13/04/2008	16:00	5.70	180.0	3.15	17.60	2422.7	0.62	5.21	4.0	121.75	-170.43	-0.166	5.15e-03	3.96e-04
2490	13/04/2008	17:00	5.90	180.0	3.26	16.70	2466.2	0.62	5.11	4.0	69.46	-307.79	-0.093	3.41e-03	3.91e-04
2491	13/04/2008	18:00	7.00	180.0	3.90	16.10	2483.3	0.72	4.66	5.0	13.50	-2448.94	-0.016	1.11e-03	3.88e-04
2492	13/04/2008	19:00	6.60	180.0	3.69	15.20	554.0	0.66	4.77	5.0	-56.94	435.78	0.072	0.00e+00	3.83e-04
2493	13/04/2008	20:00	7.10	180.0	3.97	14.80	619.4	0.71	4.60	5.0	-61.74	510.13	0.072	0.00e+00	3.81e-04
2494	13/04/2008	21:00	3.90	270.0	2.16	13.50	227.8	0.35	6.17	5.0	-30.77	125.04	0.072	0.00e+00	3.74e-04
2495	13/04/2008	22:00	2.40	250.0	1.31	12.00	145.5	0.21	7.88	6.0	-15.54	90.00	0.062	0.00e+00	3.67e-04
2496	13/04/2008	23:00	3.80	230.0	2.11	9.00	231.9	0.35	6.25	6.0	-27.45	133.15	0.065	0.00e+00	3.51e-04
2497	14/04/2008	00:00	4.60	250.0	2.56	8.90	325.1	0.44	5.70	6.0	-34.78	213.51	0.065	0.00e+00	3.51e-04
2498	14/04/2008	01:00	6.70	220.0	3.77	8.10	637.9	0.68	4.72	7.0	-46.16	589.05	0.056	0.00e+00	3.47e-04
2499	14/04/2008	02:00	1.10	280.0	1.00	7.90	93.9	0.10	11.46	7.0	-2.14	90.00	0.018	0.00e+00	3.46e-04
2500	14/04/2008	03:00	3.60	310.0	2.00	7.90	231.7	0.33	6.42	7.0	-22.62	141.08	0.056	0.00e+00	3.46e-04
2501	14/04/2008	04:00	1.00	70.0	1.00	7.70	88.9	0.09	11.99	8.0	-1.69	90.00	0.015	0.00e+00	3.45e-04
2502	14/04/2008	05:00	1.30	120.0	1.00	7.20	103.3	0.11	10.58	7.0	-3.25	90.00	0.023	0.00e+00	3.42e-04
2503	14/04/2008	06:00	1.30	140.0	1.00	7.20	451.3	0.16	11.05	7.0	7.85	-42.89	-0.041	7.17e-04	3.42e-04
2504	14/04/2008	07:00	1.00	170.0	1.00	8.30	561.2	0.18	11.33	7.0	42.74	-12.39	-0.191	1.95e-03	3.48e-04
2505	14/04/2008	08:00	3.00	280.0	1.83	9.20	1164.9	0.40	6.87	3.0	131.99	-43.88	-0.267	5.44e-03	3.52e-04
2506	14/04/2008	09:00	3.20	320.0	2.02	10.90	1355.8	0.45	6.54	3.0	180.77	-43.17	-0.333	6.77e-03	3.61e-04
2507	14/04/2008	10:00	2.60	350.0	1.70	11.30	1507.7	0.39	7.13	6.0	165.95	-31.81	-0.349	5.64e-03	3.63e-04
2508	14/04/2008	11:00	3.10	360.0	2.01	12.20	1684.4	0.45	6.56	5.0	214.17	-37.90	-0.391	7.10e-03	3.68e-04
2509	14/04/2008	12:00	7.10	350.0	3.93	12.10	2216.7	0.77	4.67	5.0	221.42	-180.23	-0.238	7.23e-03	3.67e-04
2510	14/04/2008	13:00	5.70	310.0	3.20	12.50	2354.6	0.65	5.18	4.0	231.96	-103.42	-0.296	7.77e-03	3.69e-04
2511	14/04/2008	14:00	6.60	300.0	3.65	13.80	2475.0	0.72	4.84	4.0	207.40	-158.43	-0.239	7.30e-03	3.76e-04
2512	14/04/2008	15:00	7.10	310.0	3.92	12.00	2567.0	0.76	4.67	5.0	160.51	-237.64	-0.175	5.90e-03	3.67e-04
2513	14/04/2008	16:00	7.70	310.0	4.25	12.80	2636.8	0.81	4.47	5.0	116.87	-395.78	-0.120	4.74e-03	3.71e-04
2514	14/04/2008	17:00	7.90	310.0	4.37	11.30	2681.3	0.82	4.41	5.0	67.13	-721.79	-0.067	3.16e-03	3.63e-04
2515	14/04/2008	18:00	8.20	340.0	4.56	10.00	2700.3	0.84	4.31	5.0	12.33	-4273.32	-0.012	1.16e-03	3.56e-04
2516	14/04/2008	19:00	4.10	320.0	2.27	8.50	247.1	0.37	6.03	5.0	-33.32	139.07	0.072	0.00e+00	3.49e-04
2517	14/04/2008	20:00	3.90	320.0	2.16	7.70	224.6	0.35	6.17	5.0	-31.29	121.59	0.072	0.00e+00	3.45e-04
2518	14/04/2008	21:00	3.40	300.0	1.84	7.60	175.9	0.29	6.66	5.0	-25.62	90.00	0.072	0.00e+00	3.44e-04
2519	14/04/2008	22:00	4.30	290.0	2.38	7.10	254.3	0.39	5.89	4.0	-38.16	139.75	0.079	0.00e+00	3.42e-04
2520	14/04/2008	23:00	3.40	290.0	1.84	7.10	175.9	0.29	6.66	4.0	-27.90	90.00	0.079	0.00e+00	3.42e-04
2521	15/04/2008	00:00	4.50	310.0	2.49	6.60	275.9	0.42	5.76	4.0	-40.48	156.43	0.079	0.00e+00	3.39e-04
2522	15/04/2008	01:00	4.60	300.0	2.55	6.50	286.8	0.43	5.70	4.0	-41.62	165.16	0.079	0.00e+00	3.39e-04
2523	15/04/2008	02:00	3.50	300.0	1.89	6.80	178.6	0.30	6.57	4.0	-28.73	90.00	0.079	0.00e+00	3.40e-04
2524	15/04/2008	03:00	3.50	320.0	1.89	6.30	178.6	0.30	6.57	4.0	-28.78	90.00	0.079	0.00e+00	3.38e-04
2525	15/04/2008	04:00	3.40	300.0	1.84	5.80	175.9	0.29	6.66	4.0	-28.03	90.00	0.079	0.00e+00	3.35e-04
2526	15/04/2008	05:00	3.00	300.0	1.63	5.50	164.3	0.25	7.07	2.0	-27.54	90.00	0.087	0.00e+00	3.34e-04
2527	15/04/2008	06:00	3.70	300.0	2.07	5.80	1116.6	0.39	6.41	2.0	6.82	-747.81	-0.014	1.42e-03	3.35e-04
2528	15/04/2008	07:00	5.50	300.0	3.04	7.00	1692.4	0.59	5.30	2.0	73.38	-242.01	-0.101	3.75e-03	3.41e-04
2529	15/04/2008	08:00	3.30	330.0	1.96	8.70	1793.1	0.42	6.65	3.0	133.86	-50.18	-0.257	5.48e-03	3.50e-04
2530	15/04/2008	09:00	4.10	30.0	2.28	9.40	1868.8	0.47	6.14	7.0	102.70	-87.79	-0.179	3.66e-03	3.53e-04
2531	15/04/2008	10:00	3.10	10.0	1.85	10.00	1953.2	0.40	6.84	7.0	123.23	-47.05	-0.250	4.13e-03	3.56e-04
2532	15/04/2008	11:00	4.60	10.0	2.62	10.30	2076.5	0.54	5.74	6.0	185.93	-76.21	-0.280	6.03e-03	3.58e-04
2533	15/04/2008	12:00	5.70	320.0	3.15	9.80	2169.1	0.62	5.21	7.0	140.95	-150.79	-0.185	4.48e-03	3.55e-04
2534	15/04/2008	13:00	4.10	30.0	2.52	11.50	2312.4	0.54	5.86	3.0	243.58	-56.48	-0.372	8.17e-03	3.64e-04
2535	15/04/2008	14:00	3.30	350.0	2.11	11.60	2429.1	0.47	6.40	4.0	211.86	-42.41	-0.373	7.33e-03	3.64e-04
2536	15/04/2008	15:00	7.50	330.0	4.14	8.70	2513.8	0.79	4.54	6.0	140.93	-309.57	-0.145	5.02e-03	3.50e-04
2537	15/04/2008	16:00	3.20	10.0	1.83	11.60	2566.3	0.39	6.86	6.0	101.86	-53.19	-0.212	4.04e-03	3.64e-04
2538	15/04/2008	17:00	4.90	360.0	2.71	10.60	2603.4	0.53	5.62	5.0	68.55	-189.21	-0.107	3.20e-03	3.59e-04
2539	15/04/2008	18:00	2.70	360.0	1.50	9.30	2610.5	0.29	7.56	5.0	13.48	-166.07	-0.037	1.22e-03	3.53e-04
2540	15/04/2008	19:00	1.50	340.0	1.00	8.40	112.0	0.13	9.88	4.0	-4.67	90.00	0.029	0.00e+00	3.48e-04
2541	15/04/2008	20:00	2.40	330.0	1.31	7.60	145.5	0.21	7.88	4.0	-15.54	90.00	0.061	0.00e+00	3.44e-04
2542	15/04/2008	21:00	2.00	340.0	1.10	7.10	131.6	0.17	8.60	3.0	-9.72	90.00	0.046	0.00e+00	3.42e-04
2543	15/04/2008	22:00	2.00	340.0	1.10	6.60	131.6	0.17	8.60	3.0	-9.72	90.00	0.046	0.00e+00	3.39e-04
2544	15/04/2008	23:00	2.70	340.0	1.47	5.90	155.2	0.23	7.44	2.0	-21.08	90.00	0.074	0.00e+00	3.36e-04
2545	16/04/2008	00:00	3.80	320.0	2.05	5.70	186.7	0.32	6.31	2.0	-34.57	90.00	0.087	0.00e+00	3.35e-04
2546	16/04/2008	01:00	2.10	340.0	1.16	5.50	135.2	0.18	8.40	1.0	-11.02	90.00	0.049	0.00e+00	3.34e-04
2547	16/04/2008	02:00	1.10	320.0	1.00	4.40	93.9	0.10	11.46	1.0	-2.14	90.00	0.018	0.00e+00	3.28e-04
2548	16/04/2008	03:00	1.00	350.0	1.00	4.30	88.9	0.09	11.99	0.0	-1.69	90.00	0.015	0.00e+00	3.28e-04
2549	16/04/2008	04:00	1.50	360.0	1.00	3.20	112.0	0.13	9.88	0.0	-4.67	90.00	0.029	0.00e+00	3.22e-04
2550	16/04/2008	05:00	1.00	0.0	1.00	2.40	88.9	0.09	11.99	0.0	-1.69	90.00	0.015	0.00e+00	3.18e-04
2551	16/04/2008	06:00	1.00	30.0	1.00	3.90	321.8	0.11	12.41	0.0	1.01	-121.46	-0.007	1.50e-03	3.26e-04
2552	16/04/2008	07:00	2.00	20.0	1.25	6.60	838.5	0.29	8.32	1.0	72.22	-29.90	-0.201	3.83e-03	3.39e-04
2553	16/04/2008	08:00	2.30	10.0	1.51	7.10	1026.2	0.35	7.57	1.0	133.98	-28.79	-0.308	5.67e-03	3.42e-04
2554	16/04/2008	09:00	2.70	30.0	1.77	8.50	1240.4	0.41	7.00	1.0	185.31	-31.89	-0.371	7.02e-03	3.49e-04
2555	16/04/2008	10:00	3.00	350.0	1.96	10.30	1457.2	0.44	6.65	1.0	222.62	-34.77	-0.410	7.92e-03	3.58e-04
2556	16/04/2008	11:00	3.60	10.0	2.30	11.40	1665.2	0.50	6.14	3.0	245.06	-45.82	-0.401	8.19e-03	3.63e-04
2557	16/04/2008	12:00	3.90	10.0	2.40	11.60	1835.6	0.52	6.00	5.0	224.48	-53.91	-0.358	7.27e-03	3.64e-04
2558	16/04/2008	13:00	4.70	10.0	2.66	12.10	1966.7	0.55	5.69	6.0	184.65	-79.81	-0.276	6.04e-03	3.67e-04
2559	16/04/2008	14:00	4.00	340.0	2.25	12.70	2048.5	0.47	6.19	7.0	122.18	-73.93	-0.216	4.15e-03	3.70e-04
2560	16/04/2008	15:00	3.50	360.0	1.97	12.80	2113.6	0.42	6.61	7.0	101.86	-62.97	-0.202	3.68e-03	3.71e-04
2561	16/04/2008	16:00	3.10	350.0	1.74	12.70	2160.5	0.37	7.05	7.0	75.48	-59.11	-0.169	2.97e-03	3.70e-04
2562	16/04/2008	17:00	2.20	10.0	1.24	12.20	2187.4	0.27	8.36	7.0	44.66	-40.99	-0.134	2.01e-03	3.68e-04
2563	16/04/2008	18:00	3.40	10.0	1.89	11.00	2195.2	0.36	6.70	7.0	11.00	-373.73	-0.025	7.85e-04	3.61e-04
2564	16/04/2008	19:00	2.40	360.0	1.31	9.90	145.5	0.21	7.88	7.0	-13.93	90.00	0.056	0.00e+00	3.56e-04
2565	16/04/2008	20:00	1.90	350.0	1.05	9.30	127.9	0.16	8.82	7.0	-8.52	90.00	0.042	0.00e+00	3.53e-04
2566	16/04/2008	21:00	3.30	350.0	1.82	8.90	193.7	0.29	6.72	7.0	-19.87	110.04	0.056	0.00e+00	3.51e-04
2567	16/04/2008	22:00	2.40	350.0	1.31	8.20	145.5	0.21	7.88	8.0	-11.35	90.00	0.045	0.00e+00	3.47e-04
2568	16/04/2008	23:00	1.00	360.0	1.00	7.80	88.9	0.09	11.99	8.0	-1.69	90.00	0.015	0.00e+00	3.45e-04
2569	17/04/2008	00:00	1.80	340.0	1.00	7.70	124.1	0.16	9.05	8.0	-7.42	90.00	0.039	0.00e+00	3.45e-04
2570	17/04/2008	01:00	1.60	340.0	1.00	7.00	116.2	0.14	9.57	8.0	-5.50	90.00	0.032	0.00e+00	3.41e-04
2571	17/04/2008	02:00	1.00	30.0	1.00	6.20	88.9	0.09	11.99	8.0	-1.69	90.00	0.015	0.00e+00	3.37e-04
2572	17/04/2008	03:00	1.00	360.0	1.00	5.60	88.9	0.09	11.99	8.0	-1.69	90.00	0.015	0.00e+00	3.34e-04
2573	17/04/2008	04:00	1.00	40.0	1.00	4.70	88.9	0.09	11.99	8.0	-1.69	90.00	0.015	0.00e+00	3.30e-04
2574	17/04/2008	05:00	1.00	60.0	1.00	4.80	88.9	0.09	11.99	8.0	-1.69	90.00	0.015	0.00e+00	3.30e-04
2575	17/04/2008	06:00	1.00	0.0	1.00	5.60	343.3	0.12	12.60	8.0	3.14	-47.13	-0.021	3.90e-04	3.34e-04
2576	17/04/2008	07:00	1.00	0.0	1.00	7.90	456.4	0.16	11.80	8.0	20.50	-16.99	-0.105	9.70e-04	3.46e-04
2577	17/04/2008	08:00	3.60	160.0	2.00	9.80	1191.5	0.41	6.57	7.0	76.87	-80.63	-0.152	2.99e-03	3.55e-04
2578	17/04/2008	09:00	4.90	180.0	2.71	11.10	1555.7	0.54	5.63	7.0	103.36	-133.46	-0.158	3.70e-03	3.62e-04
2579	17/04/2008	10:00	7.70	170.0	4.27	12.40	2304.3	0.80	4.46	8.0	58.82	-762.14	-0.061	1.99e-03	3.69e-04
2580	17/04/2008	11:00	3.00	160.0	1.66	9.80	2319.9	0.33	7.20	8.0	26.39	-121.66	-0.065	2.11e-03	3.55e-04
2581	17/04/2008	12:00	4.10	110.0	2.26	11.10	2359.0	0.45	6.16	8.0	67.15	-122.09	-0.122	2.15e-03	3.62e-04
2582	17/04/2008	13:00	3.60	120.0	1.99	12.50	2395.9	0.41	6.57	8.0	64.90	-91.52	-0.132	2.11e-03	3.69e-04
2583	17/04/2008	14:00	3.20	110.0	1.77	13.10	2428.3	0.37	6.97	8.0	58.80	-75.01	-0.132	1.99e-03	3.72e-04
2584	17/04/2008	15:00	2.20	170.0	1.25	13.60	2454.7	0.28	8.32	8.0	49.21	-39.01	-0.146	1.76e-03	3.75e-04
2585	17/04/2008	16:00	2.70	230.0	1.55	13.30	2495.0	0.34	7.47	7.0	76.12	-45.36	-0.186	2.99e-03	3.73e-04
2586	17/04/2008	17:00	3.50	170.0	1.93	12.30	2519.7	0.39	6.67	7.0	45.46	-113.63	-0.097	2.03e-03	3.68e-04
2587	17/04/2008	18:00	4.00	170.0	2.23	11.40	2527.5	0.42	6.17	7.0	11.99	-543.48	-0.023	8.18e-04	3.63e-04
2588	17/04/2008	19:00	3.30	190.0	1.79	9.80	173.0	0.28	6.76	6.0	-22.06	90.00	0.065	0.00e+00	3.55e-04
2589	17/04/2008	20:00	1.00	0.0	1.00	8.60	88.9	0.09	11.99	6.0	-1.69	90.00	0.016	0.00e+00	3.49e-04
2590	17/04/2008	21:00	1.50	100.0	1.00	8.00	112.0	0.13	9.88	6.0	-4.67	90.00	0.029	0.00e+00	3.46e-04
2591	17/04/2008	22:00	2.20	120.0	1.21	7.80	138.7	0.19	8.21	5.0	-12.42	90.00	0.053	0.00e+00	3.45e-04
2592	17/04/2008	23:00	1.50	140.0	1.00	7.70	112.0	0.13	9.88	5.0	-4.67	90.00	0.029	0.00e+00	3.45e-04
2593	18/04/2008	00:00	2.40	140.0	1.31	7.80	145.5	0.21	7.88	5.0	-15.54	90.00	0.062	0.00e+00	3.45e-04
2594	18/04/2008	01:00	1.00	0.0	1.00	7.60	88.9	0.09	11.99	4.0	-1.69	90.00	0.015	0.00e+00	3.44e-04
2595	18/04/2008	02:00	1.10	150.0	1.00	7.70	93.9	0.10	11.46	4.0	-2.14	90.00	0.018	0.00e+00	3.45e-04
2596	18/04/2008	03:00	1.50	150.0	1.00	7.40	112.0	0.13	9.88	4.0	-4.67	90.00	0.029	0.00e+00	3.43e-04
2597	18/04/2008	04:00	1.00	200.0	1.00	5.80	88.9	0.09	11.99	4.0	-1.69	90.00	0.015	0.00e+00	3.35e-04
2598	18/04/2008	05:00	1.80	130.0	1.00	5.30	124.1	0.16	9.05	1.0	-7.42	90.00	0.038	0.00e+00	3.33e-04
2599	18/04/2008	06:00	3.00	140.0	1.67	6.70	928.7	0.32	7.15	2.0	12.09	-242.79	-0.030	1.61e-03	3.40e-04
2600	18/04/2008	07:00	2.30	120.0	1.34	8.90	1014.5	0.30	8.05	6.0	62.74	-37.90	-0.171	2.82e-03	3.51e-04
2601	18/04/2008	08:00	3.90	150.0	2.18	10.90	1304.5	0.45	6.29	6.0	105.32	-77.21	-0.191	4.13e-03	3.61e-04
2602	18/04/2008	09:00	4.00	160.0	2.27	12.10	1444.5	0.48	6.16	6.0	141.09	-67.84	-0.244	5.09e-03	3.67e-04
2603	18/04/2008	10:00	5.90	190.0	3.27	13.70	1868.6	0.65	5.12	6.0	167.30	-142.89	-0.214	5.73e-03	3.75e-04
2604	18/04/2008	11:00	4.50	170.0	2.51	14.80	1965.2	0.51	5.85	7.0	134.75	-89.22	-0.218	4.43e-03	3.81e-04
2605	18/04/2008	12:00	3.30	180.0	1.83	14.60	2010.9	0.38	6.86	8.0	67.12	-73.08	-0.146	2.16e-03	3.80e-04
2606	18/04/2008	13:00	6.40	170.0	3.54	14.80	2063.8	0.67	4.90	8.0	65.07	-409.65	-0.081	2.12e-03	3.81e-04
2607	18/04/2008	14:00	9.50	180.0	5.26	14.00	2822.9	0.98	4.01	8.0	59.12	-1394.12	-0.050	1.99e-03	3.77e-04
2608	18/04/2008	15:00	7.30	170.0	4.05	12.80	2853.9	0.76	4.58	8.0	49.49	-773.01	-0.054	1.77e-03	3.71e-04
2609	18/04/2008	16:00	6.50	160.0	3.61	12.50	2876.3	0.68	4.85	8.0	36.86	-736.81	-0.045	1.44e-03	3.69e-04
2610	18/04/2008	17:00	4.20	170.0	2.33	12.20	2887.8	0.44	6.04	8.0	22.08	-349.83	-0.041	9.83e-04	3.68e-04
2611	18/04/2008	18:00	2.10	200.0	1.17	11.50	2890.7	0.23	8.56	8.0	5.96	-176.73	-0.021	4.06e-04	3.64e-04
2612	18/04/2008	19:00	2.40	170.0	1.31	10.50	145.5	0.21	7.88	7.0	-13.90	90.00	0.056	0.00e+00	3.59e-04
2613	18/04/2008	20:00	1.40	100.0	1.00	9.80	107.7	0.12	10.21	7.0	-3.92	90.00	0.026	0.00e+00	3.55e-04
2614	18/04/2008	21:00	1.80	260.0	1.00	9.70	124.1	0.16	9.05	7.0	-7.42	90.00	0.039	0.00e+00	3.55e-04
2615	18/04/2008	22:00	1.90	200.0	1.05	9.80	127.9	0.16	8.82	7.0	-8.52	90.00	0.043	0.00e+00	3.55e-04
2616	18/04/2008	23:00	5.60	200.0	3.14	9.10	485.9	0.56	5.16	7.0	-37.86	400.53	0.056	0.00e+00	3.52e-04
2617	19/04/2008	00:00	6.50	190.0	3.64	9.10	566.6	0.65	4.80	6.0	-51.40	467.36	0.065	0.00e+00	3.52e-04
2618	19/04/2008	01:00	7.90	180.0	4.44	8.80	760.3	0.80	4.35	6.0	-63.45	709.76	0.065	0.00e+00	3.50e-04
2619	19/04/2008	02:00	7.50	190.0	4.21	9.10	704.0	0.76	4.47	6.0	-59.97	636.24	0.065	0.00e+00	3.52e-04
2620	19/04/2008	03:00	6.20	190.0	3.47	9.30	526.9	0.62	4.91	6.0	-48.78	421.79	0.065	0.00e+00	3.53e-04
2621	19/04/2008	04:00	5.90	190.0	3.30	9.10	487.5	0.58	5.04	6.0	-46.21	377.73	0.065	0.00e+00	3.52e-04
2622	19/04/2008	05:00	5.80	180.0	3.24	8.70	474.2	0.57	5.08	6.0	-45.40	363.06	0.065	0.00e+00	3.50e-04
2623	19/04/2008	06:00	5.10	180.0	2.84	9.30	1533.3	0.53	5.47	3.0	17.12	-771.39	-0.026	1.64e-03	3.53e-04
2624	19/04/2008	07:00	4.20	170.0	2.32	10.90	1601.2	0.47	6.08	1.0	75.81	-117.38	-0.134	3.98e-03	3.61e-04
2625	19/04/2008	08:00	5.30	180.0	2.93	12.60	1715.9	0.58	5.41	1.0	134.03	-131.23	-0.189	5.79e-03	3.70e-04
2626	19/04/2008	09:00	5.40	180.0	3.01	14.10	1858.3	0.61	5.34	1.0	182.55	-108.36	-0.249	7.12e-03	3.77e-04
2627	19/04/2008	10:00	2.60	200.0	1.70	15.30	2007.0	0.40	7.14	1.0	218.81	-26.20	-0.454	8.00e-03	3.84e-04
2628	19/04/2008	11:00	3.50	180.0	2.24	15.90	2160.8	0.49	6.21	3.0	240.94	-44.06	-0.408	8.26e-03	3.87e-04
2629	19/04/2008	12:00	6.30	170.0	3.51	16.70	2310.2	0.70	4.94	4.0	238.55	-127.06	-0.285	8.03e-03	3.91e-04
2630	19/04/2008	13:00	6.00	170.0	3.36	17.60	2449.1	0.67	5.06	3.0	238.20	-113.76	-0.297	8.26e-03	3.96e-04
2631	19/04/2008	14:00	8.10	190.0	4.47	18.20	2577.8	0.86	4.37	2.0	216.43	-258.73	-0.212	7.95e-03	3.99e-04
2632	19/04/2008	15:00	7.90	200.0	4.36	18.50	2679.8	0.83	4.42	1.0	177.82	-288.50	-0.180	7.12e-03	4.01e-04
2633	19/04/2008	16:00	6.90	190.0	3.81	18.00	2751.1	0.73	4.73	1.0	130.50	-264.89	-0.150	5.79e-03	3.98e-04
2634	19/04/2008	17:00	5.80	210.0	3.20	17.70	2792.4	0.62	5.16	2.0	77.39	-266.14	-0.106	3.95e-03	3.96e-04
2635	19/04/2008	18:00	3.90	190.0	2.17	16.60	2801.9	0.41	6.27	2.0	17.33	-357.33	-0.035	1.67e-03	3.91e-04
2636	19/04/2008	19:00	4.50	190.0	2.49	15.30	270.5	0.41	5.76	3.0	-41.53	150.47	0.084	0.00e+00	3.84e-04
2637	19/04/2008	20:00	2.90	190.0	1.58	14.30	161.3	0.25	7.19	3.0	-24.79	90.00	0.084	0.00e+00	3.78e-04
2638	19/04/2008	21:00	3.00	180.0	1.63	13.70	164.3	0.25	7.07	4.0	-24.16	90.00	0.079	0.00e+00	3.75e-04
2639	19/04/2008	22:00	3.70	180.0	1.99	13.30	184.1	0.31	6.39	4.0	-29.62	90.00	0.079	0.00e+00	3.73e-04
2640	19/04/2008	23:00	4.70	180.0	2.61	13.20	318.2	0.44	5.64	5.0	-38.91	199.23	0.072	0.00e+00	3.73e-04
2641	20/04/2008	00:00	4.00	190.0	2.21	12.70	238.4	0.36	6.10	5.0	-31.88	133.09	0.072	0.00e+00	3.70e-04
2642	20/04/2008	01:00	1.20	130.0	1.00	11.70	98.7	0.11	10.99	6.0	-2.66	90.00	0.021	0.00e+00	3.65e-04
2643	20/04/2008	02:00	2.00	130.0	1.10	11.60	131.6	0.17	8.60	6.0	-9.72	90.00	0.046	0.00e+00	3.64e-04
2644	20/04/2008	03:00	2.60	120.0	1.42	11.30	152.0	0.22	7.58	7.0	-14.97	90.00	0.056	0.00e+00	3.63e-04
2645	20/04/2008	04:00	2.70	140.0	1.47	10.00	155.2	0.23	7.44	7.0	-15.60	90.00	0.056	0.00e+00	3.56e-04
2646	20/04/2008	05:00	2.10	130.0	1.16	10.00	135.2	0.18	8.40	7.0	-11.02	90.00	0.050	0.00e+00	3.56e-04
2647	20/04/2008	06:00	1.00	100.0	1.00	11.30	416.5	0.14	12.27	7.0	14.40	-18.38	-0.082	9.14e-04	3.63e-04
2648	20/04/2008	07:00	1.60	160.0	1.00	12.40	687.8	0.24	9.31	7.0	47.77	-24.96	-0.166	2.11e-03	3.69e-04
2649	20/04/2008	08:00	3.20	160.0	1.79	14.10	1096.1	0.38	6.94	7.0	78.15	-61.73	-0.171	3.05e-03	3.77e-04
2650	20/04/2008	09:00	5.10	200.0	2.82	15.60	1608.5	0.56	5.51	7.0	103.50	-147.32	-0.155	3.75e-03	3.85e-04
2651	20/04/2008	10:00	4.70	180.0	2.61	16.00	1712.8	0.53	5.74	7.0	122.91	-105.30	-0.195	4.21e-03	3.87e-04
2652	20/04/2008	11:00	3.30	180.0	1.83	16.20	1764.5	0.38	6.86	8.0	65.64	-74.25	-0.144	2.13e-03	3.88e-04
2653	20/04/2008	12:00	1.10	140.0	1.00	16.40	1813.8	0.20	10.86	8.0	67.64	-10.89	-0.279	2.17e-03	3.90e-04
2654	20/04/2008	13:00	2.50	70.0	1.43	17.10	1861.7	0.32	7.77	8.0	65.64	-42.54	-0.174	2.13e-03	3.93e-04
2655	20/04/2008	14:00	2.50	100.0	1.42	17.30	1904.4	0.31	7.81	8.0	59.84	-44.48	-0.161	2.01e-03	3.94e-04
2656	20/04/2008	15:00	2.00	110.0	1.10	16.30	1913.0	0.23	8.84	8.0	12.03	-85.14	-0.044	1.79e-03	3.89e-04
2657	20/04/2008	16:00	1.30	110.0	1.00	15.70	1917.1	0.15	11.03	8.0	5.92	-53.25	-0.032	1.46e-03	3.86e-04
2658	20/04/2008	17:00	1.00	250.0	1.00	15.20	1933.2	0.16	11.63	8.0	23.80	-16.36	-0.121	1.01e-03	3.83e-04
2659	20/04/2008	18:00	2.10	180.0	1.16	13.50	135.2	0.18	8.40	8.0	-9.80	90.00	0.045	4.36e-04	3.74e-04
2660	20/04/2008	19:00	1.00	150.0	1.00	12.80	88.9	0.09	11.99	8.0	-1.69	90.00	0.016	0.00e+00	3.71e-04
2661	20/04/2008	20:00	1.30	130.0	1.00	12.50	103.3	0.11	10.58	8.0	-3.25	90.00	0.024	0.00e+00	3.69e-04
2662	20/04/2008	21:00	6.20	160.0	3.50	13.80	633.1	0.63	4.90	8.0	-34.14	643.51	0.045	0.00e+00	3.76e-04
2663	20/04/2008	22:00	8.70	190.0	4.85	11.70	1007.4	0.88	4.17	8.0	-48.18	1253.82	0.045	0.00e+00	3.65e-04
2664	20/04/2008	23:00	2.40	180.0	1.31	10.60	145.5	0.21	7.88	8.0	-11.26	90.00	0.045	0.00e+00	3.59e-04
2665	21/04/2008	00:00	1.80	190.0	1.00	10.00	124.1	0.16	9.05	8.0	-7.42	90.00	0.039	0.00e+00	3.56e-04
2666	21/04/2008	01:00	2.50	230.0	1.37	9.70	148.8	0.21	7.72	8.0	-11.75	90.00	0.045	0.00e+00	3.55e-04
2667	21/04/2008	02:00	3.90	220.0	2.18	10.60	305.0	0.38	6.17	8.0	-20.61	226.70	0.045	0.00e+00	3.59e-04
2668	21/04/2008	03:00	4.20	210.0	2.36	10.70	344.6	0.41	5.95	8.0	-22.46	269.50	0.045	0.00e+00	3.60e-04
2669	21/04/2008	04:00	5.20	190.0	2.93	10.40	482.7	0.52	5.35	8.0	-28.56	434.43	0.045	0.00e+00	3.58e-04
2670	21/04/2008	05:00	3.40	190.0	1.90	9.90	240.5	0.32	6.60	8.0	-17.49	162.13	0.045	0.00e+00	3.56e-04
2671	21/04/2008	06:00	4.00	190.0	2.23	10.20	1215.8	0.42	6.18	7.0	14.82	-444.34	-0.029	9.45e-04	3.57e-04
2672	21/04/2008	07:00	4.30	180.0	2.38	10.50	1340.7	0.46	6.00	7.0	48.43	-182.30	-0.086	2.13e-03	3.59e-04
2673	21/04/2008	08:00	4.60	190.0	2.54	11.60	1453.6	0.50	5.81	7.0	79.38	-141.75	-0.130	3.07e-03	3.64e-04
2674	21/04/2008	09:00	4.10	200.0	2.28	12.60	1550.7	0.47	6.14	7.0	105.44	-86.15	-0.186	3.76e-03	3.70e-04
2675	21/04/2008	10:00	3.60	200.0	2.06	14.50	1655.6	0.44	6.47	7.0	124.41	-59.54	-0.236	4.22e-03	3.80e-04
2676	21/04/2008	11:00	4.00	180.0	2.27	14.40	1764.5	0.48	6.17	7.0	136.94	-69.00	-0.240	4.47e-03	3.79e-04
2677	21/04/2008	12:00	2.70	190.0	1.72	14.50	1867.3	0.39	7.09	7.0	141.12	-36.61	-0.302	4.55e-03	3.80e-04
2678	21/04/2008	13:00	3.00	150.0	1.84	16.70	1961.8	0.41	6.85	7.0	135.36	-43.51	-0.279	4.47e-03	3.91e-04
2679	21/04/2008	14:00	2.40	140.0	1.36	14.30	1998.4	0.30	7.98	7.0	54.92	-43.15	-0.152	4.22e-03	3.78e-04
2680	21/04/2008	15:00	3.90	150.0	2.15	13.40	2030.4	0.43	6.31	7.0	45.48	-149.38	-0.089	3.76e-03	3.74e-04
2681	21/04/2008	16:00	2.50	100.0	1.38	13.40	2050.7	0.29	7.91	7.0	30.63	-69.14	-0.088	3.07e-03	3.74e-04
2682	21/04/2008	17:00	1.50	100.0	1.00	12.40	2059.7	0.18	10.27	7.0	14.09	-38.69	-0.063	2.13e-03	3.69e-04
2683	21/04/2008	18:00	2.50	150.0	1.38	12.60	2070.2	0.28	7.88	7.0	15.68	-119.23	-0.047	9.45e-04	3.70e-04
2684	21/04/2008	19:00	2.00	260.0	1.10	12.00	131.6	0.17	8.60	7.0	-9.72	90.00	0.047	0.00e+00	3.67e-04
2685	21/04/2008	20:00	2.00	240.0	1.10	10.70	131.6	0.17	8.60	7.0	-9.72	90.00	0.046	0.00e+00	3.60e-04
2686	21/04/2008	21:00	2.30	200.0	1.26	10.10	142.1	0.20	8.04	7.0	-13.36	90.00	0.056	0.00e+00	3.57e-04
2687	21/04/2008	22:00	1.40	200.0	1.00	10.10	107.7	0.12	10.21	7.0	-3.92	90.00	0.026	0.00e+00	3.57e-04
2688	21/04/2008	23:00	1.00	20.0	1.00	10.10	88.9	0.09	11.99	7.0	-1.69	90.00	0.016	0.00e+00	3.57e-04
2689	22/04/2008	00:00	1.70	210.0	1.00	10.20	120.2	0.15	9.30	7.0	-6.42	90.00	0.036	0.00e+00	3.57e-04
2690	22/04/2008	01:00	1.30	210.0	1.00	10.20	103.3	0.11	10.58	7.0	-3.25	90.00	0.023	0.00e+00	3.57e-04
2691	22/04/2008	02:00	1.00	200.0	1.00	10.20	88.9	0.09	11.99	7.0	-1.69	90.00	0.016	0.00e+00	3.57e-04
2692	22/04/2008	03:00	1.00	160.0	1.00	9.80	88.9	0.09	11.99	7.0	-1.69	90.00	0.016	0.00e+00	3.55e-04
2693	22/04/2008	04:00	1.40	210.0	1.00	9.60	107.7	0.12	10.21	7.0	-3.92	90.00	0.026	0.00e+00	3.54e-04
2694	22/04/2008	05:00	1.10	180.0	1.00	8.70	93.9	0.10	11.46	7.0	-2.14	90.00	0.018	0.00e+00	3.50e-04
2695	22/04/2008	06:00	1.60	200.0	1.00	10.00	560.7	0.19	9.94	7.0	15.55	-41.54	-0.066	9.76e-04	3.56e-04
2696	22/04/2008	07:00	1.70	240.0	1.05	10.90	711.7	0.25	9.10	7.0	49.20	-26.84	-0.164	2.16e-03	3.61e-04
2697	22/04/2008	08:00	1.00	180.0	1.00	11.30	771.4	0.18	11.33	7.0	33.84	-14.39	-0.157	3.09e-03	3.63e-04
2698	22/04/2008	09:00	1.20	210.0	1.00	11.70	933.0	0.23	10.45	7.0	106.54	-9.46	-0.389	3.78e-03	3.65e-04
2699	22/04/2008	10:00	1.00	110.0	1.00	12.50	1093.4	0.21	11.47	7.0	126.32	-6.04	-0.508	4.23e-03	3.69e-04
2700	22/04/2008	11:00	1.50	290.0	1.00	13.20	1246.9	0.27	9.37	7.0	138.45	-12.11	-0.429	4.48e-03	3.73e-04
2701	22/04/2008	12:00	2.20	300.0	1.45	13.70	1389.0	0.34	7.73	7.0	142.35	-25.37	-0.342	4.56e-03	3.75e-04
2702	22/04/2008	13:00	2.50	290.0	1.62	13.90	1514.8	0.37	7.31	7.0	137.92	-32.72	-0.308	4.48e-03	3.76e-04
2703	22/04/2008	14:00	1.40	280.0	1.00	14.70	1618.3	0.25	9.69	7.0	124.92	-11.38	-0.411	4.23e-03	3.81e-04
2704	22/04/2008	15:00	1.70	330.0	1.13	14.70	1701.0	0.28	8.77	7.0	105.17	-18.70	-0.311	3.78e-03	3.81e-04
2705	22/04/2008	16:00	2.20	320.0	1.36	14.60	1761.6	0.31	7.98	7.0	79.44	-33.17	-0.213	3.09e-03	3.80e-04
2706	22/04/2008	17:00	1.30	320.0	1.00	15.10	1798.0	0.22	10.00	7.0	49.49	-18.30	-0.190	2.16e-03	3.83e-04
2707	22/04/2008	18:00	2.10	20.0	1.15	14.30	1810.9	0.24	8.64	7.0	17.12	-72.01	-0.059	9.76e-04	3.78e-04
2708	22/04/2008	19:00	1.40	90.0	1.00	13.80	107.7	0.12	10.21	7.0	-3.92	90.00	0.027	0.00e+00	3.76e-04
2709	22/04/2008	20:00	2.50	300.0	1.37	12.20	148.8	0.21	7.72	7.0	-14.37	90.00	0.056	0.00e+00	3.68e-04
2710	22/04/2008	21:00	1.00	290.0	1.00	11.80	88.9	0.09	11.99	7.0	-1.69	90.00	0.016	0.00e+00	3.65e-04
2711	22/04/2008	22:00	1.00	220.0	1.00	11.60	88.9	0.09	11.99	7.0	-1.69	90.00	0.016	0.00e+00	3.64e-04
2712	22/04/2008	23:00	1.70	310.0	1.00	12.20	120.2	0.15	9.30	8.0	-6.42	90.00	0.036	0.00e+00	3.68e-04
2713	23/04/2008	00:00	2.70	320.0	1.47	12.30	155.2	0.23	7.44	8.0	-12.53	90.00	0.045	0.00e+00	3.68e-04
2714	23/04/2008	01:00	2.50	320.0	1.37	12.10	148.8	0.21	7.72	8.0	-11.65	90.00	0.045	0.00e+00	3.67e-04
2715	23/04/2008	02:00	1.70	300.0	1.00	12.00	120.2	0.15	9.30	8.0	-6.42	90.00	0.036	0.00e+00	3.67e-04
2716	23/04/2008	03:00	1.10	310.0	1.00	11.80	93.9	0.10	11.46	8.0	-2.14	90.00	0.018	0.00e+00	3.65e-04
2717	23/04/2008	04:00	1.20	30.0	1.00	11.50	98.7	0.11	10.99	8.0	-2.66	90.00	0.021	0.00e+00	3.64e-04
2718	23/04/2008	05:00	1.00	30.0	1.00	11.50	88.9	0.09	11.99	8.0	-1.69	90.00	0.016	0.00e+00	3.64e-04
2719	23/04/2008	06:00	1.00	340.0	1.00	11.90	375.5	0.13	12.64	8.0	8.04	-24.12	-0.051	4.80e-04	3.66e-04
2720	23/04/2008	07:00	1.00	10.0	1.00	12.50	533.8	0.18	11.35	7.0	50.00	-11.14	-0.223	2.18e-03	3.69e-04
2721	23/04/2008	08:00	1.80	10.0	1.18	13.30	814.4	0.28	8.57	7.0	80.38	-24.62	-0.236	3.11e-03	3.73e-04
2722	23/04/2008	09:00	1.90	20.0	1.26	13.70	972.5	0.30	8.30	7.0	106.25	-23.22	-0.290	3.80e-03	3.75e-04
2723	23/04/2008	10:00	4.70	350.0	2.60	14.60	1462.3	0.51	5.74	8.0	60.64	-188.90	-0.100	2.03e-03	3.80e-04
2724	23/04/2008	11:00	2.90	340.0	1.62	14.60	1522.8	0.35	7.29	8.0	66.57	-55.76	-0.159	2.15e-03	3.80e-04
2725	23/04/2008	12:00	3.20	350.0	2.04	16.50	1683.0	0.45	6.52	6.0	191.28	-42.18	-0.355	6.27e-03	3.90e-04
2726	23/04/2008	13:00	3.00	10.0	1.93	17.30	1823.9	0.43	6.69	6.0	184.70	-38.59	-0.359	6.16e-03	3.94e-04
2727	23/04/2008	14:00	3.40	20.0	2.08	17.00	1944.0	0.45	6.44	6.0	168.38	-48.58	-0.312	5.82e-03	3.93e-04
2728	23/04/2008	15:00	3.70	360.0	2.14	17.40	2040.2	0.46	6.35	6.0	141.64	-58.77	-0.261	5.20e-03	3.95e-04
2729	23/04/2008	16:00	3.60	10.0	2.03	17.70	2110.2	0.43	6.52	6.0	107.16	-64.63	-0.210	4.27e-03	3.96e-04
2730	23/04/2008	17:00	4.20	360.0	2.32	17.00	2154.7	0.46	6.08	6.0	67.25	-129.50	-0.122	2.99e-03	3.93e-04
2731	23/04/2008	18:00	3.50	350.0	1.94	16.20	2170.8	0.38	6.64	6.0	23.83	-198.69	-0.053	1.38e-03	3.88e-04
2732	23/04/2008	19:00	3.70	20.0	2.05	14.00	223.3	0.34	6.33	6.0	-26.13	127.17	0.065	0.00e+00	3.77e-04
2733	23/04/2008	20:00	2.60	20.0	1.42	13.80	152.0	0.22	7.58	6.0	-17.28	90.00	0.065	0.00e+00	3.76e-04
2734	23/04/2008	21:00	2.30	340.0	1.26	14.10	142.1	0.20	8.04	6.0	-13.92	90.00	0.059	0.00e+00	3.77e-04
2735	23/04/2008	22:00	2.00	320.0	1.10	13.90	131.6	0.17	8.60	7.0	-9.72	90.00	0.047	0.00e+00	3.76e-04
2736	23/04/2008	23:00	4.00	310.0	2.23	13.70	283.1	0.38	6.10	7.0	-25.34	188.27	0.056	0.00e+00	3.75e-04
2737	24/04/2008	00:00	3.30	320.0	1.82	13.50	196.8	0.29	6.71	7.0	-19.67	113.22	0.056	0.00e+00	3.74e-04
2738	24/04/2008	01:00	3.70	320.0	2.06	13.30	246.6	0.34	6.34	7.0	-23.04	155.05	0.056	0.00e+00	3.73e-04
2739	24/04/2008	02:00	4.50	310.0	2.51	12.80	344.8	0.43	5.76	7.0	-29.22	248.02	0.056	0.00e+00	3.71e-04
2740	24/04/2008	03:00	2.10	320.0	1.16	12.60	135.2	0.18	8.40	7.0	-11.02	90.00	0.050	0.00e+00	3.70e-04
2741	24/04/2008	04:00	2.20	300.0	1.21	12.50	138.7	0.19	8.21	7.0	-12.42	90.00	0.054	0.00e+00	3.69e-04
2742	24/04/2008	05:00	2.70	320.0	1.47	12.60	155.2	0.23	7.44	7.0	-15.46	90.00	0.056	0.00e+00	3.70e-04
2743	24/04/2008	06:00	1.00	50.0	1.00	13.00	442.3	0.15	11.96	7.0	18.14	-17.47	-0.098	1.04e-03	3.72e-04
2744	24/04/2008	07:00	1.90	10.0	1.13	13.00	753.4	0.26	8.75	7.0	50.75	-30.88	-0.161	2.21e-03	3.72e-04
2745	24/04/2008	08:00	2.40	10.0	1.44	13.40	937.2	0.32	7.74	7.0	81.03	-37.22	-0.207	3.13e-03	3.74e-04
2746	24/04/2008	09:00	1.90	20.0	1.26	14.10	1122.4	0.31	8.32	6.0	144.96	-18.62	-0.385	5.23e-03	3.77e-04
2747	24/04/2008	10:00	4.00	340.0	2.39	15.80	1470.6	0.51	6.01	5.0	199.41	-58.43	-0.327	6.90e-03	3.86e-04
2748	24/04/2008	11:00	4.20	350.0	2.54	16.90	1675.7	0.54	5.82	4.0	236.15	-59.28	-0.366	7.99e-03	3.92e-04
2749	24/04/2008	12:00	3.80	10.0	2.35	17.70	1847.3	0.51	6.06	5.0	223.23	-51.91	-0.369	7.42e-03	3.96e-04
2750	24/04/2008	13:00	3.00	10.0	1.96	19.00	2008.9	0.45	6.65	4.0	232.95	-33.73	-0.440	7.99e-03	4.03e-04
2751	24/04/2008	14:00	2.70	340.0	1.77	18.80	2144.7	0.41	7.00	4.0	212.10	-28.98	-0.435	7.55e-03	4.02e-04
2752	24/04/2008	15:00	4.90	310.0	2.74	19.10	2248.7	0.56	5.60	5.0	164.82	-93.68	-0.249	6.17e-03	4.04e-04
2753	24/04/2008	16:00	4.00	340.0	2.25	19.40	2323.1	0.47	6.19	5.0	124.76	-72.96	-0.225	5.07e-03	4.06e-04
2754	24/04/2008	17:00	3.80	350.0	2.10	18.30	2369.0	0.43	6.39	5.0	78.46	-89.92	-0.153	3.57e-03	4.00e-04
2755	24/04/2008	18:00	4.00	340.0	2.22	17.90	2386.6	0.43	6.20	5.0	28.05	-245.37	-0.055	1.68e-03	3.98e-04
2756	24/04/2008	19:00	2.50	360.0	1.37	16.30	148.8	0.21	7.72	5.0	-17.27	90.00	0.068	0.00e+00	3.89e-04
2757	24/04/2008	20:00	1.00	340.0	1.00	13.60	88.9	0.09	11.99	5.0	-1.69	90.00	0.016	0.00e+00	3.75e-04
2758	24/04/2008	21:00	1.00	360.0	1.00	12.20	88.9	0.09	11.99	5.0	-1.69	90.00	0.016	0.00e+00	3.68e-04
2759	24/04/2008	22:00	1.00	0.0	1.00	11.10	88.9	0.09	11.99	5.0	-1.69	90.00	0.016	0.00e+00	3.62e-04
2760	24/04/2008	23:00	1.00	0.0	1.00	9.90	88.9	0.09	11.99	5.0	-1.69	90.00	0.016	0.00e+00	3.56e-04
2761	25/04/2008	00:00	1.00	220.0	1.00	9.80	88.9	0.09	11.99	5.0	-1.69	90.00	0.016	0.00e+00	3.55e-04
2762	25/04/2008	01:00	1.00	70.0	1.00	9.20	88.9	0.09	11.99	5.0	-1.69	90.00	0.016	0.00e+00	3.52e-04
2763	25/04/2008	02:00	1.00	150.0	1.00	8.70	88.9	0.09	11.99	5.0	-1.69	90.00	0.016	0.00e+00	3.50e-04
2764	25/04/2008	03:00	1.00	130.0	1.00	8.10	88.9	0.09	11.99	5.0	-1.69	90.00	0.016	0.00e+00	3.47e-04
2765	25/04/2008	04:00	1.00	200.0	1.00	7.60	88.9	0.09	11.99	5.0	-1.69	90.00	0.015	0.00e+00	3.44e-04
2766	25/04/2008	05:00	1.00	330.0	1.00	9.20	88.9	0.09	11.99	6.0	-1.69	90.00	0.016	0.00e+00	3.52e-04
2767	25/04/2008	06:00	2.50	340.0	1.38	11.90	819.5	0.28	7.91	6.0	24.46	-82.42	-0.071	1.46e-03	3.66e-04
2768	25/04/2008	07:00	1.20	20.0	1.00	13.60	923.5	0.22	10.40	6.0	69.35	-12.64	-0.267	3.06e-03	3.75e-04
2769	25/04/2008	08:00	2.00	350.0	1.32	14.10	1104.6	0.32	8.11	4.0	138.90	-21.27	-0.358	5.59e-03	3.77e-04
2770	25/04/2008	09:00	3.20	320.0	2.02	15.60	1309.9	0.45	6.54	4.0	182.90	-42.97	-0.342	6.79e-03	3.85e-04
2771	25/04/2008	10:00	2.40	20.0	1.57	16.50	1512.6	0.38	7.43	4.0	216.22	-22.43	-0.476	7.58e-03	3.90e-04
2772	25/04/2008	11:00	3.60	10.0	2.26	17.20	1696.4	0.49	6.18	5.0	218.18	-48.14	-0.372	7.31e-03	3.94e-04
2773	25/04/2008	12:00	4.00	360.0	2.44	17.90	1867.1	0.52	5.95	5.0	223.84	-56.10	-0.361	7.44e-03	3.98e-04
2774	25/04/2008	13:00	4.80	350.0	2.80	18.70	2039.4	0.58	5.55	2.0	245.17	-71.92	-0.354	8.56e-03	4.02e-04
2775	25/04/2008	14:00	4.50	360.0	2.64	18.90	2183.0	0.55	5.72	2.0	222.30	-67.37	-0.339	8.10e-03	4.03e-04
2776	25/04/2008	15:00	5.00	350.0	2.81	19.50	2297.7	0.58	5.53	2.0	185.79	-90.34	-0.273	7.26e-03	4.06e-04
2777	25/04/2008	16:00	4.80	350.0	2.67	19.70	2380.2	0.54	5.67	2.0	139.16	-100.83	-0.217	5.98e-03	4.07e-04
2778	25/04/2008	17:00	5.00	10.0	2.76	18.70	2431.0	0.54	5.57	2.0	85.21	-165.11	-0.133	4.23e-03	4.02e-04
2779	25/04/2008	18:00	4.20	350.0	2.33	17.80	2447.4	0.45	6.05	2.0	26.29	-297.41	-0.050	2.02e-03	3.97e-04
2780	25/04/2008	19:00	3.20	350.0	1.73	16.30	170.2	0.27	6.86	2.0	-28.21	90.00	0.087	0.00e+00	3.89e-04
2781	25/04/2008	20:00	3.40	360.0	1.84	15.10	175.9	0.29	6.66	2.0	-30.04	90.00	0.087	0.00e+00	3.83e-04
2782	25/04/2008	21:00	3.70	350.0	1.99	14.60	184.1	0.31	6.39	2.0	-32.65	90.00	0.087	0.00e+00	3.80e-04
2783	25/04/2008	22:00	3.70	330.0	1.99	13.80	184.1	0.31	6.39	2.0	-32.74	90.00	0.087	0.00e+00	3.76e-04
2784	25/04/2008	23:00	3.80	330.0	2.05	13.20	186.7	0.32	6.31	2.0	-33.66	90.00	0.087	0.00e+00	3.73e-04
2785	26/04/2008	00:00	4.30	340.0	2.37	13.30	240.8	0.39	5.89	2.0	-40.78	125.60	0.087	0.00e+00	3.73e-04
2786	26/04/2008	01:00	4.10	330.0	2.24	12.30	214.5	0.36	6.05	2.0	-37.81	106.82	0.087	0.00e+00	3.68e-04
2787	26/04/2008	02:00	2.00	350.0	1.10	11.30	131.6	0.17	8.60	2.0	-9.72	90.00	0.046	0.00e+00	3.63e-04
2788	26/04/2008	03:00	2.60	340.0	1.42	10.60	152.0	0.22	7.58	2.0	-19.12	90.00	0.071	0.00e+00	3.59e-04
2789	26/04/2008	04:00	1.00	0.0	1.00	9.40	88.9	0.09	11.99	2.0	-1.69	90.00	0.016	0.00e+00	3.53e-04
2790	26/04/2008	05:00	1.90	10.0	1.05	8.50	127.9	0.16	8.82	2.0	-8.52	90.00	0.042	0.00e+00	3.49e-04
2791	26/04/2008	06:00	1.00	30.0	1.00	10.40	480.9	0.17	11.56	2.0	25.35	-16.07	-0.125	2.07e-03	3.58e-04
2792	26/04/2008	07:00	2.10	10.0	1.34	12.00	890.7	0.31	8.06	1.0	85.37	-30.32	-0.228	4.30e-03	3.67e-04
2793	26/04/2008	08:00	1.40	20.0	1.00	13.30	1081.7	0.26	9.71	2.0	144.92	-10.29	-0.467	6.01e-03	3.73e-04
2794	26/04/2008	09:00	2.20	10.0	1.45	15.30	1294.6	0.35	7.76	2.0	191.62	-20.50	-0.451	7.28e-03	3.84e-04
2795	26/04/2008	10:00	2.60	350.0	1.70	16.90	1509.2	0.40	7.14	2.0	226.23	-25.57	-0.470	8.12e-03	3.92e-04
2796	26/04/2008	11:00	2.20	10.0	1.44	18.70	1711.5	0.36	7.78	2.0	246.21	-17.18	-0.572	8.58e-03	4.02e-04
2797	26/04/2008	12:00	3.00	350.0	1.96	19.80	1898.8	0.45	6.65	2.0	252.10	-31.81	-0.475	8.73e-03	4.08e-04
2798	26/04/2008	13:00	2.20	10.0	1.44	21.00	2061.9	0.36	7.78	2.0	242.68	-17.35	-0.569	8.58e-03	4.14e-04
2799	26/04/2008	14:00	3.20	360.0	2.07	21.30	2201.3	0.46	6.46	2.0	220.20	-39.51	-0.406	8.12e-03	4.16e-04
2800	26/04/2008	15:00	4.00	10.0	2.36	21.60	2313.1	0.50	6.05	2.0	184.85	-59.96	-0.314	7.28e-03	4.17e-04
2801	26/04/2008	16:00	3.20	360.0	1.93	22.00	2393.2	0.42	6.69	2.0	139.06	-47.39	-0.282	6.01e-03	4.20e-04
2802	26/04/2008	17:00	3.40	20.0	1.90	21.40	2442.0	0.40	6.73	2.0	86.19	-65.79	-0.183	4.27e-03	4.16e-04
2803	26/04/2008	18:00	2.70	10.0	1.49	19.60	2457.9	0.30	7.60	2.0	28.35	-88.23	-0.079	2.07e-03	4.07e-04
2804	26/04/2008	19:00	2.00	340.0	1.10	18.40	131.6	0.17	8.60	2.0	-9.72	90.00	0.048	0.00e+00	4.00e-04
2805	26/04/2008	20:00	2.50	340.0	1.37	16.90	148.8	0.21	7.72	2.0	-17.27	90.00	0.068	0.00e+00	3.92e-04
2806	26/04/2008	21:00	1.00	0.0	1.00	14.60	88.9	0.09	11.99	2.0	-1.69	90.00	0.016	0.00e+00	3.80e-04
2807	26/04/2008	22:00	1.20	240.0	1.00	13.90	98.7	0.11	10.99	3.0	-2.66	90.00	0.021	0.00e+00	3.76e-04
2808	26/04/2008	23:00	2.20	190.0	1.21	12.80	138.7	0.19	8.21	3.0	-12.42	90.00	0.054	0.00e+00	3.71e-04
2809	27/04/2008	00:00	1.00	190.0	1.00	11.10	88.9	0.09	11.99	3.0	-1.69	90.00	0.016	0.00e+00	3.62e-04
2810	27/04/2008	01:00	1.70	150.0	1.00	11.20	120.2	0.15	9.30	3.0	-6.42	90.00	0.036	0.00e+00	3.62e-04
2811	27/04/2008	02:00	2.20	190.0	1.21	11.60	138.7	0.19	8.21	3.0	-12.42	90.00	0.054	0.00e+00	3.64e-04
2812	27/04/2008	03:00	1.00	150.0	1.00	10.80	88.9	0.09	11.99	3.0	-1.69	90.00	0.016	0.00e+00	3.60e-04
2813	27/04/2008	04:00	1.30	190.0	1.00	10.40	103.3	0.11	10.58	3.0	-3.25	90.00	0.023	0.00e+00	3.58e-04
2814	27/04/2008	05:00	2.10	200.0	1.16	12.30	135.2	0.18	8.40	3.0	-11.02	90.00	0.050	0.00e+00	3.68e-04
2815	27/04/2008	06:00	3.10	160.0	1.71	13.50	990.0	0.34	7.08	3.0	29.85	-119.11	-0.072	2.09e-03	3.74e-04
2816	27/04/2008	07:00	4.30	160.0	2.38	15.30	1383.6	0.48	6.01	4.0	87.75	-110.57	-0.153	4.04e-03	3.84e-04
2817	27/04/2008	08:00	5.50	180.0	3.04	17.40	1742.9	0.60	5.31	4.0	138.81	-139.73	-0.193	5.65e-03	3.95e-04
2818	27/04/2008	09:00	8.40	190.0	4.63	19.30	2551.7	0.88	4.29	3.0	187.15	-325.26	-0.179	7.16e-03	4.05e-04
2819	27/04/2008	10:00	9.30	180.0	5.12	20.10	2812.8	0.97	4.08	3.0	221.02	-368.90	-0.192	7.98e-03	4.09e-04
2820	27/04/2008	11:00	9.90	190.0	5.45	20.80	2983.4	1.03	3.95	4.0	233.24	-417.10	-0.192	8.05e-03	4.13e-04
2821	27/04/2008	12:00	8.50	180.0	4.69	20.90	3092.2	0.90	4.26	5.0	221.49	-288.30	-0.210	7.47e-03	4.14e-04
2822	27/04/2008	13:00	9.20	180.0	5.07	22.10	3196.9	0.96	4.10	5.0	213.63	-369.52	-0.189	7.35e-03	4.20e-04
2823	27/04/2008	14:00	9.30	170.0	5.13	22.00	3279.4	0.97	4.07	6.0	167.20	-478.81	-0.147	5.89e-03	4.20e-04
2824	27/04/2008	15:00	9.50	180.0	5.24	21.60	3350.5	0.99	4.03	6.0	142.26	-592.99	-0.123	5.29e-03	4.17e-04
2825	27/04/2008	16:00	10.00	180.0	5.53	20.90	3409.1	1.03	3.92	6.0	109.54	-884.23	-0.090	4.37e-03	4.14e-04
2826	27/04/2008	17:00	10.80	180.0	5.98	20.80	3455.4	1.11	3.76	6.0	70.98	-1694.08	-0.054	3.12e-03	4.13e-04
2827	27/04/2008	18:00	9.40	180.0	5.22	19.30	3478.6	0.97	4.03	6.0	28.94	-2738.93	-0.025	1.54e-03	4.05e-04
2828	27/04/2008	19:00	9.60	180.0	5.41	18.60	1027.0	0.98	3.95	6.0	-75.32	1108.39	0.065	0.00e+00	4.01e-04
2829	27/04/2008	20:00	7.40	180.0	4.16	17.70	699.8	0.75	4.50	6.0	-57.46	639.04	0.065	0.00e+00	3.96e-04
2830	27/04/2008	21:00	8.20	180.0	4.61	17.00	814.2	0.83	4.27	6.0	-64.21	792.34	0.065	0.00e+00	3.93e-04
2831	27/04/2008	22:00	8.10	180.0	4.56	16.50	798.9	0.82	4.30	6.0	-63.49	770.64	0.065	0.00e+00	3.90e-04
2832	27/04/2008	23:00	7.70	180.0	4.33	15.80	740.3	0.78	4.41	6.0	-60.32	690.46	0.065	0.00e+00	3.86e-04
2833	28/04/2008	00:00	9.00	180.0	5.07	15.10	930.3	0.92	4.08	6.0	-71.25	956.47	0.065	0.00e+00	3.83e-04
2834	28/04/2008	01:00	6.90	190.0	3.87	15.30	627.4	0.69	4.66	6.0	-53.73	545.02	0.065	0.00e+00	3.84e-04
2835	28/04/2008	02:00	9.10	190.0	5.12	15.10	945.4	0.93	4.05	6.0	-72.08	978.81	0.065	0.00e+00	3.83e-04
2836	28/04/2008	03:00	6.60	180.0	3.70	14.70	585.7	0.66	4.76	6.0	-51.31	493.92	0.065	0.00e+00	3.81e-04
2837	28/04/2008	04:00	7.10	190.0	3.99	14.50	654.2	0.71	4.59	6.0	-55.55	577.79	0.065	0.00e+00	3.80e-04
2838	28/04/2008	05:00	7.30	190.0	4.10	12.40	1093.1	0.75	4.54	8.0	-17.39	2125.66	0.019	0.00e+00	3.69e-04
2839	28/04/2008	06:00	6.20	170.0	3.48	13.20	1057.5	0.64	4.93	8.0	-8.34	2723.97	0.011	5.49e-04	3.73e-04
2840	28/04/2008	07:00	2.00	180.0	1.12	13.40	601.6	0.21	8.68	8.0	0.43	-1875.23	-0.002	1.10e-03	3.74e-04
2841	28/04/2008	08:00	5.90	210.0	3.29	13.00	1758.0	0.61	5.07	8.0	8.84	-2253.15	-0.012	1.53e-03	3.72e-04
2842	28/04/2008	09:00	4.70	140.0	2.62	13.20	1775.5	0.49	5.70	8.0	15.79	-660.34	-0.027	1.85e-03	3.73e-04
2843	28/04/2008	10:00	8.20	190.0	4.56	13.20	2434.7	0.84	4.31	8.0	21.21	-2493.35	-0.021	2.06e-03	3.73e-04
2844	28/04/2008	11:00	7.70	180.0	4.28	14.00	2460.6	0.79	4.45	8.0	23.73	-1854.39	-0.025	2.17e-03	3.77e-04
2845	28/04/2008	12:00	6.50	190.0	3.61	13.00	2482.1	0.67	4.85	8.0	26.01	-1034.06	-0.032	2.21e-03	3.72e-04
2846	28/04/2008	13:00	7.20	210.0	4.00	12.80	2505.5	0.74	4.60	8.0	25.06	-1443.94	-0.028	2.17e-03	3.71e-04
2847	28/04/2008	14:00	4.40	230.0	2.44	12.00	2519.4	0.46	5.90	8.0	22.41	-392.66	-0.040	2.06e-03	3.67e-04
2848	28/04/2008	15:00	3.40	160.0	1.89	12.20	2528.9	0.36	6.72	8.0	16.61	-255.01	-0.038	1.85e-03	3.68e-04
2849	28/04/2008	16:00	3.90	160.0	2.16	12.20	2548.5	0.42	6.30	7.0	34.96	-188.06	-0.069	3.21e-03	3.68e-04
2850	28/04/2008	17:00	1.70	260.0	1.00	11.70	2557.5	0.21	9.63	7.0	17.57	-43.52	-0.070	2.30e-03	3.65e-04
2851	28/04/2008	18:00	5.70	280.0	3.12	9.90	1656.0	0.57	5.21	7.0	-1.46	11387.78	0.002	1.15e-03	3.56e-04
2852	28/04/2008	19:00	4.00	310.0	2.32	9.10	308.6	0.40	5.98	6.0	-25.80	215.33	0.053	0.00e+00	3.52e-04
2853	28/04/2008	20:00	1.00	300.0	1.00	8.70	88.9	0.09	11.99	6.0	-1.69	90.00	0.016	0.00e+00	3.50e-04
2854	28/04/2008	21:00	1.00	140.0	1.00	8.70	88.9	0.09	11.99	6.0	-1.69	90.00	0.016	0.00e+00	3.50e-04
2855	28/04/2008	22:00	1.00	0.0	1.00	8.70	88.9	0.09	11.99	5.0	-1.69	90.00	0.016	0.00e+00	3.50e-04
2856	28/04/2008	23:00	1.00	150.0	1.00	8.80	88.9	0.09	11.99	5.0	-1.69	90.00	0.016	0.00e+00	3.50e-04
2857	29/04/2008	00:00	1.00	140.0	1.00	8.60	88.9	0.09	11.99	5.0	-1.69	90.00	0.016	0.00e+00	3.49e-04
2858	29/04/2008	01:00	1.10	120.0	1.00	7.70	93.9	0.10	11.46	4.0	-2.14	90.00	0.018	0.00e+00	3.45e-04
2859	29/04/2008	02:00	1.00	360.0	1.00	7.00	88.9	0.09	11.99	4.0	-1.69	90.00	0.015	0.00e+00	3.41e-04
2860	29/04/2008	03:00	1.00	0.0	1.00	6.60	88.9	0.09	11.99	4.0	-1.69	90.00	0.015	0.00e+00	3.39e-04
2861	29/04/2008	04:00	1.20	80.0	1.00	6.20	98.7	0.11	10.99	4.0	-2.66	90.00	0.020	0.00e+00	3.37e-04
2862	29/04/2008	05:00	1.00	140.0	1.00	7.40	88.9	0.09	11.99	7.0	-1.69	90.00	0.015	0.00e+00	3.43e-04
2863	29/04/2008	06:00	1.10	190.0	1.00	7.90	527.1	0.18	10.98	5.0	31.40	-17.09	-0.140	1.91e-03	3.46e-04
2864	29/04/2008	07:00	2.40	210.0	1.49	8.90	970.1	0.34	7.64	3.0	94.11	-35.54	-0.228	4.31e-03	3.51e-04
2865	29/04/2008	08:00	2.10	180.0	1.39	11.90	1154.7	0.34	7.92	3.0	149.58	-22.27	-0.367	5.99e-03	3.66e-04
2866	29/04/2008	09:00	2.00	160.0	1.31	13.20	1359.5	0.33	8.14	2.0	197.63	-16.59	-0.490	7.36e-03	3.73e-04
2867	29/04/2008	10:00	1.40	130.0	1.00	14.30	1564.3	0.27	9.76	3.0	231.56	-7.54	-0.711	8.02e-03	3.78e-04
2868	29/04/2008	11:00	3.10	130.0	2.02	15.20	1744.8	0.45	6.55	5.0	224.60	-36.87	-0.412	7.38e-03	3.83e-04
2869	29/04/2008	12:00	2.70	150.0	1.73	15.80	1851.7	0.39	7.08	7.0	144.62	-36.25	-0.309	4.63e-03	3.86e-04
2870	29/04/2008	13:00	2.30	150.0	1.51	16.60	1982.1	0.37	7.58	6.0	189.98	-22.57	-0.436	6.25e-03	3.91e-04
2871	29/04/2008	14:00	1.60	140.0	1.05	17.00	2093.1	0.28	9.10	6.0	173.01	-11.78	-0.509	5.92e-03	3.93e-04
2872	29/04/2008	15:00	2.70	120.0	1.77	17.10	2211.1	0.41	7.00	3.0	191.66	-31.22	-0.394	7.22e-03	3.93e-04
2873	29/04/2008	16:00	2.70	170.0	1.73	17.70	2296.5	0.39	7.07	3.0	144.89	-36.22	-0.312	5.99e-03	3.96e-04
2874	29/04/2008	17:00	3.00	170.0	1.72	17.40	2349.0	0.37	7.09	3.0	91.30	-50.03	-0.206	4.31e-03	3.95e-04
2875	29/04/2008	18:00	2.10	160.0	1.17	16.30	2368.3	0.26	8.61	4.0	34.15	-43.76	-0.111	2.09e-03	3.89e-04
2876	29/04/2008	19:00	1.90	140.0	1.05	14.20	127.9	0.16	8.82	4.0	-8.52	90.00	0.043	0.00e+00	3.78e-04
2877	29/04/2008	20:00	2.20	170.0	1.21	13.50	138.7	0.19	8.21	4.0	-12.42	90.00	0.055	0.00e+00	3.74e-04
2878	29/04/2008	21:00	2.00	220.0	1.10	13.00	131.6	0.17	8.60	5.0	-9.72	90.00	0.047	0.00e+00	3.72e-04
2879	29/04/2008	22:00	4.50	190.0	2.50	12.60	294.7	0.42	5.76	5.0	-36.98	178.85	0.072	0.00e+00	3.70e-04
2880	29/04/2008	23:00	3.20	180.0	1.73	11.50	170.2	0.27	6.86	5.0	-23.83	90.00	0.072	0.00e+00	3.64e-04
2881	30/04/2008	00:00	4.10	180.0	2.28	11.10	267.5	0.38	6.03	6.0	-30.04	163.05	0.065	0.00e+00	3.62e-04
2882	30/04/2008	01:00	6.40	180.0	3.59	10.90	555.0	0.64	4.84	6.0	-50.24	455.07	0.065	0.00e+00	3.61e-04
2883	30/04/2008	02:00	6.90	180.0	3.87	10.90	622.7	0.69	4.66	6.0	-54.51	535.78	0.065	0.00e+00	3.61e-04
2884	30/04/2008	03:00	6.10	200.0	3.43	11.10	556.3	0.61	4.95	7.0	-41.31	486.85	0.056	0.00e+00	3.62e-04
2885	30/04/2008	04:00	9.90	190.0	5.52	11.90	1113.8	1.00	3.91	7.0	-67.72	1319.55	0.056	0.00e+00	3.66e-04
2886	30/04/2008	05:00	9.30	200.0	5.19	12.30	1864.9	0.95	4.04	7.0	-10.27	7442.31	0.009	0.00e+00	3.68e-04
2887	30/04/2008	06:00	4.80	180.0	2.67	12.60	1452.7	0.50	5.64	7.0	22.37	-502.13	-0.037	1.20e-03	3.70e-04
2888	30/04/2008	07:00	8.60	210.0	4.77	12.80	2561.7	0.89	4.22	7.0	54.82	-1123.51	-0.051	2.34e-03	3.71e-04
2889	30/04/2008	08:00	4.20	270.0	2.34	8.30	2569.7	0.44	6.02	8.0	11.98	-624.76	-0.022	1.55e-03	3.48e-04
2890	30/04/2008	09:00	2.90	170.0	1.60	8.40	2580.2	0.32	7.31	8.0	20.10	-140.91	-0.051	1.86e-03	3.48e-04
2891	30/04/2008	10:00	2.40	160.0	1.57	8.90	2645.9	0.36	7.44	7.0	133.73	-31.03	-0.302	4.33e-03	3.51e-04
2892	30/04/2008	11:00	4.40	150.0	2.43	8.70	2685.7	0.49	5.94	7.0	78.99	-127.33	-0.133	4.57e-03	3.50e-04
2893	30/04/2008	12:00	4.50	150.0	2.53	10.60	2758.4	0.52	5.84	7.0	149.53	-83.18	-0.236	4.64e-03	3.59e-04
2894	30/04/2008	13:00	4.80	140.0	2.67	11.50	2827.5	0.54	5.67	7.0	144.40	-98.17	-0.218	4.57e-03	3.64e-04
2895	30/04/2008	14:00	5.20	170.0	2.95	12.70	2932.5	0.61	5.40	4.0	226.92	-86.55	-0.309	7.68e-03	3.70e-04
2896	30/04/2008	15:00	6.60	180.0	3.65	13.00	3015.0	0.71	4.84	5.0	176.55	-180.99	-0.205	6.31e-03	3.72e-04
2897	30/04/2008	16:00	5.00	180.0	2.77	14.20	3074.3	0.56	5.56	5.0	133.78	-114.22	-0.199	5.25e-03	3.78e-04
2898	30/04/2008	17:00	3.10	190.0	1.75	13.00	3110.7	0.38	7.02	5.0	85.85	-54.81	-0.189	3.79e-03	3.72e-04
2899	30/04/2008	18:00	2.30	250.0	1.28	12.20	3113.2	0.25	8.16	5.0	5.34	-248.98	-0.018	1.95e-03	3.68e-04
2900	30/04/2008	19:00	2.50	150.0	1.37	10.20	148.8	0.21	7.72	5.0	-17.27	90.00	0.066	0.00e+00	3.57e-04
2901	30/04/2008	20:00	1.90	210.0	1.05	9.80	127.9	0.16	8.82	5.0	-8.52	90.00	0.043	0.00e+00	3.55e-04
2902	30/04/2008	21:00	1.00	220.0	1.00	8.80	88.9	0.09	11.99	5.0	-1.69	90.00	0.016	0.00e+00	3.50e-04
2903	30/04/2008	22:00	1.90	170.0	1.05	8.40	127.9	0.16	8.82	4.0	-8.52	90.00	0.042	0.00e+00	3.48e-04
2904	30/04/2008	23:00	3.20	210.0	1.73	8.50	170.2	0.27	6.86	4.0	-26.19	90.00	0.079	0.00e+00	3.49e-04
