i	Date	Heure	Uext	Direct	Uh	To	h	us	sigmatheta	Cld	Fo	Lmo	thetas	k1	k3
7321	01/11/2008	00:00	3.40	110.0	1.84	8.60	178.8	0.29	6.66	6.0	-23.05	92.70	0.065	0.00e+00	3.51e-04
7322	01/11/2008	01:00	4.10	110.0	2.29	9.60	292.9	0.39	6.03	7.0	-26.55	196.29	0.056	0.00e+00	3.56e-04
7323	01/11/2008	02:00	4.10	110.0	2.29	9.70	292.9	0.39	6.03	7.0	-26.54	196.38	0.056	0.00e+00	3.56e-04
7324	01/11/2008	03:00	1.90	110.0	1.05	8.80	127.9	0.16	8.82	7.0	-8.56	90.00	0.042	0.00e+00	3.52e-04
7325	01/11/2008	04:00	2.70	100.0	1.47	8.60	155.2	0.23	7.44	7.0	-15.74	90.00	0.056	0.00e+00	3.51e-04
7326	01/11/2008	05:00	4.00	90.0	2.23	9.00	280.3	0.38	6.10	7.0	-25.81	184.41	0.056	0.00e+00	3.53e-04
7327	01/11/2008	06:00	3.20	100.0	1.73	9.50	170.2	0.27	6.86	6.0	-21.52	90.00	0.065	0.00e+00	3.55e-04
7328	01/11/2008	07:00	2.90	60.0	1.58	10.90	161.3	0.25	7.19	7.0	-16.73	90.00	0.056	0.00e+00	3.62e-04
7329	01/11/2008	08:00	2.60	120.0	1.44	12.00	824.0	0.29	7.72	7.0	14.76	-139.47	-0.042	9.18e-04	3.68e-04
7330	01/11/2008	09:00	1.40	60.0	1.00	13.70	887.3	0.22	9.88	7.0	41.03	-21.83	-0.157	1.87e-03	3.77e-04
7331	01/11/2008	10:00	1.60	80.0	1.04	15.30	974.0	0.25	9.12	7.0	60.67	-23.12	-0.201	2.53e-03	3.85e-04
7332	01/11/2008	11:00	6.80	190.0	3.76	19.00	2054.5	0.71	4.76	7.0	72.63	-439.29	-0.086	2.90e-03	4.05e-04
7333	01/11/2008	12:00	8.50	190.0	4.70	18.60	2539.9	0.88	4.25	7.0	76.66	-786.34	-0.073	3.03e-03	4.03e-04
7334	01/11/2008	13:00	8.20	190.0	4.54	19.10	2591.9	0.85	4.32	7.0	72.63	-747.31	-0.072	2.90e-03	4.06e-04
7335	01/11/2008	14:00	10.70	200.0	5.93	19.40	3170.9	1.10	3.78	7.0	60.92	-1925.44	-0.047	2.53e-03	4.07e-04
7336	01/11/2008	15:00	10.70	190.0	5.93	19.00	3209.4	1.10	3.78	7.0	42.17	-2772.72	-0.032	1.87e-03	4.05e-04
7337	01/11/2008	16:00	6.40	200.0	3.56	18.00	3220.8	0.66	4.88	7.0	17.31	-1479.01	-0.022	9.18e-04	4.00e-04
7338	01/11/2008	17:00	3.20	210.0	1.75	16.20	184.2	0.28	6.83	7.0	-18.63	103.57	0.056	0.00e+00	3.90e-04
7339	01/11/2008	18:00	4.50	10.0	2.51	10.70	343.3	0.43	5.76	7.0	-29.54	245.83	0.056	0.00e+00	3.61e-04
7340	01/11/2008	19:00	2.70	360.0	1.47	9.90	155.2	0.23	7.44	7.0	-15.67	90.00	0.056	0.00e+00	3.57e-04
7341	01/11/2008	20:00	3.10	350.0	1.73	9.70	203.1	0.28	6.90	8.0	-15.62	127.90	0.045	0.00e+00	3.56e-04
7342	01/11/2008	21:00	2.70	30.0	1.47	9.70	155.2	0.23	7.44	7.0	-15.68	90.00	0.056	0.00e+00	3.56e-04
7343	01/11/2008	22:00	1.00	260.0	1.00	9.80	88.9	0.09	11.99	9.0	-1.70	90.00	0.016	-0.00e+00	3.57e-04
7344	01/11/2008	23:00	4.20	350.0	2.34	9.90	305.3	0.40	5.96	7.0	-27.30	208.23	0.056	0.00e+00	3.57e-04
7345	02/11/2008	00:00	3.10	350.0	1.73	9.80	203.1	0.28	6.90	8.0	-15.61	127.96	0.045	0.00e+00	3.57e-04
7346	02/11/2008	01:00	1.70	360.0	1.00	9.70	120.2	0.15	9.30	8.0	-6.44	90.00	0.036	0.00e+00	3.56e-04
7347	02/11/2008	02:00	1.60	300.0	1.00	9.40	116.2	0.14	9.57	6.0	-5.52	90.00	0.032	0.00e+00	3.55e-04
7348	02/11/2008	03:00	2.50	330.0	1.37	9.60	148.8	0.21	7.72	8.0	-11.80	90.00	0.045	0.00e+00	3.56e-04
7349	02/11/2008	04:00	1.40	320.0	1.00	9.30	107.7	0.12	10.21	7.0	-3.94	90.00	0.026	0.00e+00	3.54e-04
7350	02/11/2008	05:00	1.00	340.0	1.00	9.20	88.9	0.09	11.99	8.0	-1.70	90.00	0.016	0.00e+00	3.54e-04
7351	02/11/2008	06:00	1.40	300.0	1.00	9.30	107.7	0.12	10.21	8.0	-3.94	90.00	0.026	0.00e+00	3.54e-04
7352	02/11/2008	07:00	1.00	310.0	1.00	9.50	88.9	0.09	11.99	8.0	-1.70	90.00	0.016	0.00e+00	3.55e-04
7353	02/11/2008	08:00	2.20	360.0	1.22	10.30	687.5	0.24	8.35	8.0	5.89	-202.84	-0.020	4.24e-04	3.59e-04
7354	02/11/2008	09:00	1.60	350.0	1.00	10.40	760.4	0.23	9.49	7.0	39.78	-26.26	-0.143	1.85e-03	3.60e-04
7355	02/11/2008	10:00	1.00	360.0	1.00	10.50	807.0	0.17	11.46	8.0	28.21	-15.56	-0.135	1.19e-03	3.60e-04
7356	02/11/2008	11:00	1.00	20.0	1.00	10.70	860.2	0.18	11.33	8.0	34.31	-14.32	-0.158	1.37e-03	3.61e-04
7357	02/11/2008	12:00	1.00	0.0	1.00	10.90	913.2	0.18	11.32	8.0	36.41	-13.82	-0.167	1.43e-03	3.62e-04
7358	02/11/2008	13:00	1.00	330.0	1.00	12.40	1042.1	0.20	11.44	6.0	98.23	-7.13	-0.405	3.95e-03	3.70e-04
7359	02/11/2008	14:00	1.50	40.0	1.00	13.20	1161.0	0.26	9.34	4.0	100.79	-15.10	-0.322	4.44e-03	3.74e-04
7360	02/11/2008	15:00	2.40	40.0	1.35	13.20	1221.6	0.30	7.99	6.0	53.90	-43.67	-0.149	2.53e-03	3.74e-04
7361	02/11/2008	16:00	1.00	110.0	1.00	12.60	1236.7	0.14	12.29	7.0	14.23	-18.46	-0.081	8.88e-04	3.71e-04
7362	02/11/2008	17:00	1.90	60.0	1.05	11.90	127.9	0.16	8.82	6.0	-8.56	90.00	0.043	0.00e+00	3.68e-04
7363	02/11/2008	18:00	3.70	200.0	2.05	12.10	222.2	0.33	6.33	6.0	-26.38	126.03	0.065	0.00e+00	3.69e-04
7364	02/11/2008	19:00	4.10	210.0	2.27	11.90	249.1	0.38	6.03	5.0	-33.12	141.30	0.072	0.00e+00	3.68e-04
7365	02/11/2008	20:00	8.60	210.0	4.83	12.80	823.5	0.87	4.17	5.0	-76.59	762.60	0.072	0.00e+00	3.72e-04
7366	02/11/2008	21:00	7.90	160.0	4.42	12.20	696.2	0.79	4.36	4.0	-75.92	579.15	0.079	0.00e+00	3.69e-04
7367	02/11/2008	22:00	5.50	110.0	3.06	11.80	393.5	0.53	5.22	4.0	-50.87	258.95	0.079	0.00e+00	3.67e-04
7368	02/11/2008	23:00	2.40	290.0	1.31	11.10	145.5	0.21	7.88	3.0	-15.61	90.00	0.062	0.00e+00	3.63e-04
7369	03/11/2008	00:00	1.00	230.0	1.00	10.30	88.9	0.09	11.99	3.0	-1.70	90.00	0.016	0.00e+00	3.59e-04
7370	03/11/2008	01:00	3.10	110.0	1.68	9.40	167.3	0.26	6.96	2.0	-28.15	90.00	0.087	0.00e+00	3.55e-04
7371	03/11/2008	02:00	2.10	130.0	1.16	9.90	135.2	0.18	8.40	2.0	-11.06	90.00	0.050	0.00e+00	3.57e-04
7372	03/11/2008	03:00	3.00	160.0	1.63	9.70	164.3	0.25	7.07	1.0	-27.85	90.00	0.089	0.00e+00	3.56e-04
7373	03/11/2008	04:00	1.00	60.0	1.00	8.60	88.9	0.09	11.99	1.0	-1.70	90.00	0.016	0.00e+00	3.51e-04
7374	03/11/2008	05:00	2.30	130.0	1.26	9.80	142.1	0.20	8.04	1.0	-13.98	90.00	0.058	0.00e+00	3.57e-04
7375	03/11/2008	06:00	5.60	170.0	3.11	12.80	383.4	0.54	5.18	2.0	-56.75	239.98	0.087	0.00e+00	3.72e-04
7376	03/11/2008	07:00	4.70	170.0	2.60	13.30	279.3	0.43	5.64	1.0	-46.83	152.89	0.089	0.00e+00	3.75e-04
7377	03/11/2008	08:00	4.90	180.0	2.73	14.30	1470.5	0.51	5.57	1.0	12.20	-959.19	-0.020	1.64e-03	3.80e-04
7378	03/11/2008	09:00	4.70	170.0	2.60	15.00	1531.6	0.51	5.74	1.0	60.64	-189.61	-0.099	3.47e-03	3.84e-04
7379	03/11/2008	10:00	4.90	170.0	2.71	15.90	1621.9	0.54	5.63	4.0	98.38	-139.46	-0.152	4.39e-03	3.88e-04
7380	03/11/2008	11:00	6.70	180.0	3.70	17.00	2038.7	0.71	4.80	6.0	95.55	-326.25	-0.113	3.91e-03	3.94e-04
7381	03/11/2008	12:00	8.80	200.0	4.87	16.60	2625.5	0.91	4.17	7.0	75.20	-885.38	-0.069	2.98e-03	3.92e-04
7382	03/11/2008	13:00	7.30	200.0	4.04	16.80	2670.3	0.76	4.59	7.0	71.10	-547.47	-0.078	2.85e-03	3.93e-04
7383	03/11/2008	14:00	7.20	190.0	3.99	17.10	2708.1	0.75	4.61	7.0	59.16	-627.90	-0.066	2.48e-03	3.95e-04
7384	03/11/2008	15:00	7.20	180.0	3.99	16.40	2736.2	0.75	4.61	7.0	40.02	-916.86	-0.045	1.82e-03	3.91e-04
7385	03/11/2008	16:00	8.40	190.0	4.67	15.70	2757.0	0.86	4.26	7.0	14.81	-3840.09	-0.014	8.58e-04	3.87e-04
7386	03/11/2008	17:00	5.30	180.0	2.97	14.60	450.2	0.52	5.31	7.0	-35.13	362.42	0.056	0.00e+00	3.82e-04
7387	03/11/2008	18:00	3.80	170.0	2.11	13.40	234.3	0.35	6.25	6.0	-27.21	135.93	0.065	0.00e+00	3.75e-04
7388	03/11/2008	19:00	1.10	260.0	1.00	12.00	93.9	0.10	11.46	6.0	-2.14	90.00	0.018	0.00e+00	3.68e-04
7389	03/11/2008	20:00	2.20	130.0	1.21	11.10	138.7	0.19	8.21	6.0	-12.47	90.00	0.054	0.00e+00	3.63e-04
7390	03/11/2008	21:00	1.00	0.0	1.00	9.30	88.9	0.09	11.99	5.0	-1.70	90.00	0.016	0.00e+00	3.54e-04
7391	03/11/2008	22:00	1.10	30.0	1.00	9.80	93.9	0.10	11.46	5.0	-2.14	90.00	0.018	0.00e+00	3.57e-04
7392	03/11/2008	23:00	1.00	0.0	1.00	9.00	88.9	0.09	11.99	5.0	-1.70	90.00	0.016	0.00e+00	3.53e-04
7393	04/11/2008	00:00	1.00	120.0	1.00	8.50	88.9	0.09	11.99	4.0	-1.70	90.00	0.016	0.00e+00	3.50e-04
7394	04/11/2008	01:00	1.00	0.0	1.00	8.80	88.9	0.09	11.99	4.0	-1.70	90.00	0.016	0.00e+00	3.52e-04
7395	04/11/2008	02:00	1.00	10.0	1.00	8.50	88.9	0.09	11.99	4.0	-1.70	90.00	0.016	0.00e+00	3.50e-04
7396	04/11/2008	03:00	2.00	360.0	1.10	8.50	131.6	0.17	8.60	3.0	-9.76	90.00	0.046	0.00e+00	3.50e-04
7397	04/11/2008	04:00	1.00	290.0	1.00	7.20	88.9	0.09	11.99	3.0	-1.70	90.00	0.015	0.00e+00	3.44e-04
7398	04/11/2008	05:00	1.20	310.0	1.00	6.90	98.7	0.11	10.99	3.0	-2.67	90.00	0.020	0.00e+00	3.42e-04
7399	04/11/2008	06:00	1.00	270.0	1.00	7.00	88.9	0.09	11.99	4.0	-1.70	90.00	0.015	0.00e+00	3.43e-04
7400	04/11/2008	07:00	1.80	150.0	1.00	7.20	124.1	0.16	9.05	6.0	-7.45	90.00	0.039	0.00e+00	3.44e-04
7401	04/11/2008	08:00	1.10	140.0	1.00	8.00	416.9	0.14	11.99	7.0	11.05	-24.13	-0.062	8.29e-04	3.48e-04
7402	04/11/2008	09:00	1.00	0.0	1.00	9.40	522.8	0.18	11.32	7.0	38.08	-13.44	-0.173	1.79e-03	3.55e-04
7403	04/11/2008	10:00	1.30	240.0	1.00	10.60	653.2	0.22	9.97	7.0	58.36	-16.67	-0.214	2.45e-03	3.61e-04
7404	04/11/2008	11:00	1.90	360.0	1.26	12.50	864.2	0.30	8.31	6.0	95.93	-24.75	-0.264	3.88e-03	3.71e-04
7405	04/11/2008	12:00	3.90	20.0	2.16	11.60	1216.0	0.42	6.30	8.0	35.72	-185.20	-0.070	1.41e-03	3.66e-04
7406	04/11/2008	13:00	3.10	30.0	1.71	10.70	1254.5	0.35	7.09	8.0	33.51	-108.48	-0.079	1.35e-03	3.61e-04
7407	04/11/2008	14:00	3.90	360.0	2.16	10.50	1288.9	0.42	6.28	8.0	27.43	-234.78	-0.054	1.17e-03	3.60e-04
7408	04/11/2008	15:00	3.50	360.0	1.94	10.10	1310.9	0.37	6.62	8.0	17.68	-261.54	-0.039	8.56e-04	3.58e-04
7409	04/11/2008	16:00	2.60	360.0	1.45	10.50	1318.0	0.28	7.66	8.0	5.26	-355.04	-0.016	3.96e-04	3.60e-04
7410	04/11/2008	17:00	5.10	330.0	2.87	11.30	469.2	0.51	5.40	8.0	-27.99	417.81	0.045	0.00e+00	3.64e-04
7411	04/11/2008	18:00	3.20	330.0	1.78	11.40	216.3	0.29	6.80	8.0	-16.19	140.02	0.045	0.00e+00	3.65e-04
7412	04/11/2008	19:00	2.70	320.0	1.47	11.40	155.2	0.23	7.44	8.0	-12.63	90.00	0.045	0.00e+00	3.65e-04
7413	04/11/2008	20:00	3.00	340.0	1.66	11.60	190.0	0.27	7.03	8.0	-14.78	116.87	0.045	0.00e+00	3.66e-04
7414	04/11/2008	21:00	2.20	360.0	1.21	11.30	138.7	0.19	8.21	8.0	-10.37	90.00	0.045	0.00e+00	3.64e-04
7415	04/11/2008	22:00	1.00	250.0	1.00	11.10	88.9	0.09	11.99	8.0	-1.70	90.00	0.016	0.00e+00	3.63e-04
7416	04/11/2008	23:00	1.50	140.0	1.00	10.60	112.0	0.13	9.88	8.0	-4.69	90.00	0.029	0.00e+00	3.61e-04
7417	05/11/2008	00:00	2.30	230.0	1.26	10.30	142.1	0.20	8.04	8.0	-10.86	90.00	0.045	0.00e+00	3.59e-04
7418	05/11/2008	01:00	1.60	80.0	1.00	9.80	116.2	0.14	9.57	8.0	-5.52	90.00	0.032	0.00e+00	3.57e-04
7419	05/11/2008	02:00	1.00	90.0	1.00	9.60	88.9	0.09	11.99	8.0	-1.70	90.00	0.016	0.00e+00	3.56e-04
7420	05/11/2008	03:00	1.00	0.0	1.00	9.80	88.9	0.09	11.99	8.0	-1.70	90.00	0.016	0.00e+00	3.57e-04
7421	05/11/2008	04:00	1.00	230.0	1.00	9.90	88.9	0.09	11.99	8.0	-1.70	90.00	0.016	0.00e+00	3.57e-04
7422	05/11/2008	05:00	1.00	0.0	1.00	9.90	88.9	0.09	11.99	8.0	-1.70	90.00	0.016	0.00e+00	3.57e-04
7423	05/11/2008	06:00	1.00	20.0	1.00	9.90	88.9	0.09	11.99	8.0	-1.70	90.00	0.016	0.00e+00	3.57e-04
7424	05/11/2008	07:00	1.10	130.0	1.00	9.80	93.9	0.10	11.46	8.0	-2.14	90.00	0.018	0.00e+00	3.57e-04
7425	05/11/2008	08:00	1.00	20.0	1.00	10.10	88.9	0.09	11.99	7.0	-1.70	90.00	0.016	8.00e-04	3.58e-04
7426	05/11/2008	09:00	1.00	210.0	1.00	10.90	517.4	0.18	11.31	7.0	37.49	-13.59	-0.171	1.77e-03	3.62e-04
7427	05/11/2008	10:00	3.40	210.0	1.89	11.50	1055.4	0.37	6.73	7.0	20.14	-214.77	-0.045	2.43e-03	3.65e-04
7428	05/11/2008	11:00	1.00	180.0	1.00	12.50	1164.9	0.20	11.44	6.0	94.82	-7.30	-0.393	3.85e-03	3.71e-04
7429	05/11/2008	12:00	1.80	160.0	1.02	12.80	1204.5	0.23	9.20	8.0	35.55	-32.21	-0.125	1.40e-03	3.72e-04
7430	05/11/2008	13:00	5.50	180.0	3.05	12.70	1661.8	0.58	5.28	8.0	33.51	-503.78	-0.048	1.34e-03	3.72e-04
7431	05/11/2008	14:00	3.90	190.0	2.16	12.80	1686.9	0.42	6.29	8.0	27.62	-233.27	-0.054	1.16e-03	3.72e-04
7432	05/11/2008	15:00	2.50	170.0	1.38	12.80	1701.8	0.28	7.89	8.0	18.22	-105.36	-0.054	8.43e-04	3.72e-04
7433	05/11/2008	16:00	3.30	180.0	1.84	12.60	1713.0	0.35	6.81	7.0	12.04	-317.43	-0.028	8.00e-04	3.71e-04
7434	05/11/2008	17:00	5.20	190.0	2.91	11.80	434.6	0.51	5.36	7.0	-34.71	343.43	0.056	0.00e+00	3.67e-04
7435	05/11/2008	18:00	2.10	150.0	1.16	10.90	135.2	0.18	8.40	7.0	-11.06	90.00	0.050	0.00e+00	3.62e-04
7436	05/11/2008	19:00	3.10	140.0	1.68	10.60	167.3	0.26	6.96	7.0	-17.86	90.00	0.056	0.00e+00	3.61e-04
7437	05/11/2008	20:00	3.10	130.0	1.68	10.20	167.3	0.26	6.96	7.0	-17.88	90.00	0.056	0.00e+00	3.59e-04
7438	05/11/2008	21:00	3.60	130.0	2.00	9.30	232.5	0.33	6.42	7.0	-22.61	142.00	0.056	0.00e+00	3.54e-04
7439	05/11/2008	22:00	1.70	110.0	1.00	9.30	120.2	0.15	9.30	7.0	-6.44	90.00	0.036	0.00e+00	3.54e-04
7440	05/11/2008	23:00	2.00	150.0	1.10	9.20	131.6	0.17	8.60	7.0	-9.76	90.00	0.046	0.00e+00	3.54e-04
7441	06/11/2008	00:00	3.60	140.0	2.00	9.70	232.7	0.33	6.42	7.0	-22.59	142.27	0.056	0.00e+00	3.56e-04
7442	06/11/2008	01:00	3.00	130.0	1.63	10.10	164.3	0.25	7.07	7.0	-17.33	90.00	0.056	0.00e+00	3.58e-04
7443	06/11/2008	02:00	2.40	120.0	1.31	10.10	145.5	0.21	7.88	7.0	-13.98	90.00	0.056	0.00e+00	3.58e-04
7444	06/11/2008	03:00	2.00	100.0	1.10	9.80	131.6	0.17	8.60	7.0	-9.76	90.00	0.046	0.00e+00	3.57e-04
7445	06/11/2008	04:00	1.00	30.0	1.00	9.50	88.9	0.09	11.99	7.0	-1.70	90.00	0.016	0.00e+00	3.55e-04
7446	06/11/2008	05:00	1.50	90.0	1.00	9.30	112.0	0.13	9.88	7.0	-4.69	90.00	0.029	0.00e+00	3.54e-04
7447	06/11/2008	06:00	2.00	50.0	1.10	8.70	131.6	0.17	8.60	6.0	-9.76	90.00	0.046	0.00e+00	3.51e-04
7448	06/11/2008	07:00	1.00	110.0	1.00	8.20	88.9	0.09	11.99	7.0	-1.70	90.00	0.016	0.00e+00	3.49e-04
7449	06/11/2008	08:00	1.00	90.0	1.00	9.20	387.2	0.13	12.57	7.0	9.99	-21.38	-0.061	7.72e-04	3.54e-04
7450	06/11/2008	09:00	1.00	0.0	1.00	10.40	515.6	0.18	11.32	7.0	36.66	-13.76	-0.168	1.74e-03	3.60e-04
7451	06/11/2008	10:00	1.00	140.0	1.00	11.20	642.7	0.19	11.37	7.0	56.74	-10.26	-0.248	2.40e-03	3.64e-04
7452	06/11/2008	11:00	1.00	0.0	1.00	11.80	769.2	0.19	11.39	7.0	69.21	-8.99	-0.296	2.78e-03	3.67e-04
7453	06/11/2008	12:00	2.40	190.0	1.42	12.10	914.7	0.32	7.82	7.0	73.41	-38.35	-0.190	2.91e-03	3.69e-04
7454	06/11/2008	13:00	1.10	200.0	1.00	12.50	1007.4	0.20	10.86	7.0	69.12	-10.76	-0.280	2.78e-03	3.71e-04
7455	06/11/2008	14:00	1.30	210.0	1.00	12.80	1078.2	0.22	9.97	7.0	56.71	-17.01	-0.211	2.40e-03	3.72e-04
7456	06/11/2008	15:00	1.20	240.0	1.00	12.50	1121.9	0.20	10.51	7.0	36.99	-18.28	-0.154	1.74e-03	3.71e-04
7457	06/11/2008	16:00	1.00	270.0	1.00	12.00	1138.3	0.14	12.29	6.0	14.26	-18.45	-0.081	1.06e-03	3.68e-04
7458	06/11/2008	17:00	1.00	220.0	1.00	10.90	88.9	0.09	11.99	8.0	-1.70	90.00	0.016	0.00e+00	3.62e-04
7459	06/11/2008	18:00	1.00	280.0	1.00	10.60	88.9	0.09	11.99	8.0	-1.70	90.00	0.016	0.00e+00	3.61e-04
7460	06/11/2008	19:00	1.60	200.0	1.00	10.60	116.2	0.14	9.57	8.0	-5.52	90.00	0.032	0.00e+00	3.61e-04
7461	06/11/2008	20:00	2.10	220.0	1.16	10.30	135.2	0.18	8.40	8.0	-9.95	90.00	0.045	0.00e+00	3.59e-04
7462	06/11/2008	21:00	2.20	200.0	1.21	9.90	138.7	0.19	8.21	7.0	-12.47	90.00	0.054	0.00e+00	3.57e-04
7463	06/11/2008	22:00	1.20	190.0	1.00	10.10	98.7	0.11	10.99	7.0	-2.67	90.00	0.021	0.00e+00	3.58e-04
7464	06/11/2008	23:00	1.20	230.0	1.00	9.90	98.7	0.11	10.99	7.0	-2.67	90.00	0.021	0.00e+00	3.57e-04
7465	07/11/2008	00:00	1.00	0.0	1.00	9.80	88.9	0.09	11.99	7.0	-1.70	90.00	0.016	0.00e+00	3.57e-04
7466	07/11/2008	01:00	1.00	0.0	1.00	9.70	88.9	0.09	11.99	7.0	-1.70	90.00	0.016	0.00e+00	3.56e-04
7467	07/11/2008	02:00	1.10	210.0	1.00	9.70	93.9	0.10	11.46	8.0	-2.14	90.00	0.018	0.00e+00	3.56e-04
7468	07/11/2008	03:00	1.00	250.0	1.00	9.50	88.9	0.09	11.99	8.0	-1.70	90.00	0.016	0.00e+00	3.55e-04
7469	07/11/2008	04:00	1.00	150.0	1.00	9.40	88.9	0.09	11.99	7.0	-1.70	90.00	0.016	0.00e+00	3.55e-04
7470	07/11/2008	05:00	1.10	150.0	1.00	9.20	93.9	0.10	11.46	8.0	-2.14	90.00	0.018	0.00e+00	3.54e-04
7471	07/11/2008	06:00	1.10	190.0	1.00	9.30	93.9	0.10	11.46	8.0	-2.14	90.00	0.018	0.00e+00	3.54e-04
7472	07/11/2008	07:00	1.00	170.0	1.00	9.50	88.9	0.09	11.99	7.0	-1.70	90.00	0.016	0.00e+00	3.55e-04
7473	07/11/2008	08:00	1.00	140.0	1.00	10.10	384.9	0.13	12.58	7.0	9.61	-21.82	-0.059	7.44e-04	3.58e-04
7474	07/11/2008	09:00	1.20	200.0	1.00	12.00	606.7	0.21	10.37	5.0	55.93	-14.69	-0.218	2.78e-03	3.68e-04
7475	07/11/2008	10:00	1.90	200.0	1.15	12.90	770.7	0.27	8.67	7.0	55.95	-30.10	-0.173	2.38e-03	3.73e-04
7476	07/11/2008	11:00	2.70	170.0	1.64	14.40	1055.3	0.37	7.26	5.0	106.99	-40.41	-0.242	4.47e-03	3.81e-04
7477	07/11/2008	12:00	3.50	180.0	1.99	14.80	1223.7	0.42	6.58	5.0	113.51	-59.39	-0.222	4.67e-03	3.83e-04
7478	07/11/2008	13:00	3.60	170.0	2.03	15.70	1338.3	0.43	6.52	5.0	106.44	-65.05	-0.207	4.47e-03	3.87e-04
7479	07/11/2008	14:00	3.00	180.0	1.71	14.80	1423.5	0.37	7.11	5.0	87.19	-51.26	-0.196	3.85e-03	3.83e-04
7480	07/11/2008	15:00	3.50	190.0	1.93	14.60	1471.3	0.39	6.67	6.0	48.86	-107.45	-0.104	2.35e-03	3.82e-04
7481	07/11/2008	16:00	3.30	190.0	1.83	13.90	1486.7	0.35	6.82	6.0	14.07	-274.84	-0.033	1.02e-03	3.78e-04
7482	07/11/2008	17:00	2.50	190.0	1.37	12.90	148.8	0.21	7.72	6.0	-16.77	90.00	0.065	0.00e+00	3.73e-04
7483	07/11/2008	18:00	2.20	170.0	1.21	12.60	138.7	0.19	8.21	6.0	-12.47	90.00	0.054	0.00e+00	3.71e-04
7484	07/11/2008	19:00	1.60	170.0	1.00	12.40	116.2	0.14	9.57	7.0	-5.52	90.00	0.033	0.00e+00	3.70e-04
7485	07/11/2008	20:00	1.00	0.0	1.00	12.30	88.9	0.09	11.99	7.0	-1.70	90.00	0.016	0.00e+00	3.70e-04
7486	07/11/2008	21:00	1.00	0.0	1.00	11.80	88.9	0.09	11.99	7.0	-1.70	90.00	0.016	0.00e+00	3.67e-04
7487	07/11/2008	22:00	1.00	340.0	1.00	11.60	88.9	0.09	11.99	7.0	-1.70	90.00	0.016	0.00e+00	3.66e-04
7488	07/11/2008	23:00	1.40	30.0	1.00	11.50	107.7	0.12	10.21	8.0	-3.94	90.00	0.026	0.00e+00	3.65e-04
7489	08/11/2008	00:00	2.00	320.0	1.10	11.10	131.6	0.17	8.60	8.0	-9.47	90.00	0.045	0.00e+00	3.63e-04
7490	08/11/2008	01:00	1.00	30.0	1.00	10.80	88.9	0.09	11.99	8.0	-1.70	90.00	0.016	0.00e+00	3.62e-04
7491	08/11/2008	02:00	1.00	80.0	1.00	10.60	88.9	0.09	11.99	8.0	-1.70	90.00	0.016	0.00e+00	3.61e-04
7492	08/11/2008	03:00	1.00	330.0	1.00	10.40	88.9	0.09	11.99	8.0	-1.70	90.00	0.016	0.00e+00	3.60e-04
7493	08/11/2008	04:00	1.00	360.0	1.00	10.50	88.9	0.09	11.99	8.0	-1.70	90.00	0.016	0.00e+00	3.60e-04
7494	08/11/2008	05:00	1.00	330.0	1.00	9.80	88.9	0.09	11.99	7.0	-1.70	90.00	0.016	0.00e+00	3.57e-04
7495	08/11/2008	06:00	1.00	0.0	1.00	9.40	88.9	0.09	11.99	7.0	-1.70	90.00	0.016	0.00e+00	3.55e-04
7496	08/11/2008	07:00	1.00	0.0	1.00	9.50	88.9	0.09	11.99	7.0	-1.70	90.00	0.016	0.00e+00	3.55e-04
7497	08/11/2008	08:00	1.00	0.0	1.00	10.20	380.8	0.13	12.61	7.0	8.95	-22.69	-0.055	7.16e-04	3.59e-04
7498	08/11/2008	09:00	1.00	0.0	1.00	11.60	513.4	0.18	11.32	7.0	35.37	-14.07	-0.163	1.69e-03	3.66e-04
7499	08/11/2008	10:00	1.00	0.0	1.00	12.10	638.3	0.19	11.36	7.0	55.20	-10.45	-0.243	2.35e-03	3.69e-04
7500	08/11/2008	11:00	1.00	0.0	1.00	12.80	763.3	0.19	11.39	7.0	67.53	-9.14	-0.291	2.74e-03	3.72e-04
7501	08/11/2008	12:00	1.00	180.0	1.00	14.40	912.7	0.20	11.44	6.0	96.68	-7.21	-0.402	3.92e-03	3.81e-04
7502	08/11/2008	13:00	1.50	170.0	1.00	15.30	1035.0	0.26	9.33	6.0	90.75	-16.24	-0.295	3.75e-03	3.85e-04
7503	08/11/2008	14:00	1.00	0.0	1.00	14.60	1124.1	0.19	11.40	6.0	74.33	-8.57	-0.319	3.23e-03	3.82e-04
7504	08/11/2008	15:00	1.00	140.0	1.00	14.40	1178.1	0.18	11.35	6.0	47.87	-11.51	-0.215	2.31e-03	3.81e-04
7505	08/11/2008	16:00	1.20	90.0	1.00	13.80	1192.7	0.16	11.46	6.0	13.10	-25.85	-0.069	9.82e-04	3.77e-04
7506	08/11/2008	17:00	1.00	120.0	1.00	11.80	88.9	0.09	11.99	6.0	-1.70	90.00	0.016	0.00e+00	3.67e-04
7507	08/11/2008	18:00	2.40	120.0	1.31	10.40	145.5	0.21	7.88	6.0	-15.61	90.00	0.062	0.00e+00	3.60e-04
7508	08/11/2008	19:00	1.00	300.0	1.00	9.50	88.9	0.09	11.99	6.0	-1.70	90.00	0.016	0.00e+00	3.55e-04
7509	08/11/2008	20:00	1.40	160.0	1.00	8.50	107.7	0.12	10.21	6.0	-3.94	90.00	0.026	0.00e+00	3.50e-04
7510	08/11/2008	21:00	2.70	210.0	1.47	8.30	155.2	0.23	7.44	6.0	-18.35	90.00	0.065	0.00e+00	3.49e-04
7511	08/11/2008	22:00	3.00	180.0	1.63	9.10	164.3	0.25	7.07	6.0	-20.25	90.00	0.065	0.00e+00	3.53e-04
7512	08/11/2008	23:00	3.50	190.0	1.95	9.70	220.9	0.32	6.51	7.0	-21.78	132.29	0.056	0.00e+00	3.56e-04
7513	09/11/2008	00:00	5.00	190.0	2.80	10.80	407.6	0.49	5.46	7.0	-33.32	313.15	0.056	0.00e+00	3.62e-04
7514	09/11/2008	01:00	6.50	180.0	3.66	10.80	612.3	0.65	4.79	7.0	-44.47	557.82	0.056	0.00e+00	3.62e-04
7515	09/11/2008	02:00	6.60	180.0	3.71	11.10	626.8	0.67	4.76	7.0	-45.16	577.10	0.056	0.00e+00	3.63e-04
7516	09/11/2008	03:00	5.30	190.0	2.97	11.30	447.5	0.52	5.31	7.0	-35.51	357.64	0.056	0.00e+00	3.64e-04
7517	09/11/2008	04:00	5.90	180.0	3.31	11.50	528.9	0.59	5.03	7.0	-39.94	453.47	0.056	0.00e+00	3.65e-04
7518	09/11/2008	05:00	4.50	190.0	2.51	11.20	343.7	0.43	5.76	7.0	-29.49	246.35	0.056	0.00e+00	3.64e-04
7519	09/11/2008	06:00	3.60	200.0	2.00	11.00	233.4	0.33	6.42	7.0	-22.50	143.13	0.056	0.00e+00	3.63e-04
7520	09/11/2008	07:00	3.90	200.0	2.17	10.80	269.2	0.37	6.18	7.0	-24.89	174.74	0.056	0.00e+00	3.62e-04
7521	09/11/2008	08:00	3.70	180.0	2.12	11.00	434.2	0.38	6.30	7.0	-8.82	543.87	0.019	6.89e-04	3.63e-04
7522	09/11/2008	09:00	5.70	170.0	3.16	12.10	1719.7	0.60	5.18	7.0	34.75	-538.38	-0.048	1.66e-03	3.69e-04
7523	09/11/2008	10:00	7.20	190.0	3.99	13.30	2159.2	0.75	4.61	7.0	54.48	-679.79	-0.060	2.33e-03	3.75e-04
7524	09/11/2008	11:00	7.40	180.0	4.10	14.10	2221.8	0.77	4.55	7.0	66.67	-605.25	-0.072	2.71e-03	3.79e-04
7525	09/11/2008	12:00	6.20	180.0	3.43	15.00	2271.1	0.65	4.98	7.0	70.73	-348.29	-0.090	2.84e-03	3.84e-04
7526	09/11/2008	13:00	5.10	180.0	2.82	16.00	2313.6	0.55	5.51	7.0	66.57	-216.63	-0.101	2.71e-03	3.89e-04
7527	09/11/2008	14:00	5.60	180.0	3.10	16.10	2350.0	0.59	5.24	7.0	54.64	-334.32	-0.077	2.33e-03	3.90e-04
7528	09/11/2008	15:00	6.50	180.0	3.61	15.70	2378.3	0.68	4.85	7.0	35.55	-766.10	-0.044	1.66e-03	3.87e-04
7529	09/11/2008	16:00	7.50	180.0	4.17	15.00	2396.9	0.77	4.50	7.0	10.38	-3910.95	-0.011	6.89e-04	3.84e-04
7530	09/11/2008	17:00	6.60	180.0	3.71	13.70	629.6	0.67	4.76	7.0	-44.77	582.94	0.056	0.00e+00	3.77e-04
7531	09/11/2008	18:00	7.30	180.0	4.10	13.30	680.8	0.74	4.53	6.0	-57.69	610.40	0.065	0.00e+00	3.75e-04
7532	09/11/2008	19:00	7.30	180.0	4.10	12.80	680.2	0.74	4.53	6.0	-57.79	609.22	0.065	0.00e+00	3.72e-04
7533	09/11/2008	20:00	7.60	180.0	4.27	12.30	721.9	0.77	4.44	6.0	-60.43	662.62	0.065	0.00e+00	3.70e-04
7534	09/11/2008	21:00	7.60	180.0	4.26	11.70	683.3	0.76	4.44	5.0	-67.40	583.67	0.072	0.00e+00	3.66e-04
7535	09/11/2008	22:00	5.70	200.0	3.18	11.50	436.6	0.56	5.13	5.0	-49.15	309.83	0.072	0.00e+00	3.65e-04
7536	09/11/2008	23:00	5.70	180.0	3.18	11.10	436.3	0.56	5.13	5.0	-49.22	309.32	0.072	0.00e+00	3.63e-04
7537	10/11/2008	00:00	3.50	190.0	1.89	11.10	178.6	0.30	6.57	4.0	-28.41	90.00	0.079	0.00e+00	3.63e-04
7538	10/11/2008	01:00	2.20	190.0	1.21	9.50	138.7	0.19	8.21	4.0	-12.47	90.00	0.054	0.00e+00	3.55e-04
7539	10/11/2008	02:00	2.80	170.0	1.52	9.70	158.3	0.24	7.31	4.0	-23.02	90.00	0.079	0.00e+00	3.56e-04
7540	10/11/2008	03:00	2.50	220.0	1.37	10.70	148.8	0.21	7.72	3.0	-17.34	90.00	0.066	0.00e+00	3.61e-04
7541	10/11/2008	04:00	5.80	190.0	3.22	11.50	414.8	0.56	5.09	3.0	-57.19	271.94	0.084	0.00e+00	3.65e-04
7542	10/11/2008	05:00	6.00	190.0	3.34	11.60	438.5	0.58	5.00	3.0	-59.43	293.99	0.084	0.00e+00	3.66e-04
7543	10/11/2008	06:00	5.80	180.0	3.22	11.80	415.0	0.56	5.09	3.0	-57.13	272.28	0.084	0.00e+00	3.67e-04
7544	10/11/2008	07:00	4.70	190.0	2.62	12.00	339.2	0.45	5.64	6.0	-35.48	227.66	0.065	0.00e+00	3.68e-04
7545	10/11/2008	08:00	7.50	180.0	4.17	13.40	2225.7	0.77	4.50	7.0	8.98	-4515.01	-0.010	6.62e-04	3.75e-04
7546	10/11/2008	09:00	6.80	180.0	3.77	14.90	2256.7	0.70	4.74	7.0	34.67	-893.84	-0.041	1.64e-03	3.83e-04
7547	10/11/2008	10:00	8.10	190.0	4.49	16.10	2417.2	0.84	4.35	7.0	53.94	-963.36	-0.054	2.31e-03	3.90e-04
7548	10/11/2008	11:00	9.00	190.0	4.98	16.20	2680.3	0.93	4.12	7.0	65.85	-1075.68	-0.059	2.69e-03	3.90e-04
7549	10/11/2008	12:00	9.60	180.0	5.31	16.80	2854.4	0.99	3.99	7.0	69.89	-1224.23	-0.059	2.82e-03	3.93e-04
7550	10/11/2008	13:00	8.30	180.0	4.60	16.50	2896.4	0.86	4.30	7.0	65.85	-851.05	-0.064	2.69e-03	3.92e-04
7551	10/11/2008	14:00	8.30	180.0	4.60	16.30	2932.3	0.86	4.29	7.0	53.96	-1033.52	-0.052	2.31e-03	3.91e-04
7552	10/11/2008	15:00	9.00	190.0	4.99	15.80	2962.3	0.93	4.12	7.0	34.90	-2010.04	-0.031	1.64e-03	3.88e-04
7553	10/11/2008	16:00	8.00	180.0	4.45	15.20	2976.7	0.82	4.36	7.0	9.83	-4994.55	-0.010	6.62e-04	3.85e-04
7554	10/11/2008	17:00	8.70	180.0	4.90	14.60	942.9	0.89	4.15	7.0	-59.57	1041.68	0.056	0.00e+00	3.82e-04
7555	10/11/2008	18:00	8.00	190.0	4.51	14.30	837.8	0.82	4.32	7.0	-54.78	878.32	0.056	0.00e+00	3.80e-04
7556	10/11/2008	19:00	9.50	190.0	5.31	14.50	1058.1	0.97	3.98	7.0	-64.77	1230.21	0.056	0.00e+00	3.81e-04
7557	10/11/2008	20:00	8.90	190.0	5.00	14.70	971.6	0.91	4.10	7.0	-60.84	1087.84	0.056	0.00e+00	3.82e-04
7558	10/11/2008	21:00	9.10	190.0	5.11	14.60	1000.2	0.93	4.06	7.0	-62.16	1134.26	0.056	0.00e+00	3.82e-04
7559	10/11/2008	22:00	10.30	190.0	5.73	14.70	1179.0	1.04	3.84	7.0	-69.98	1439.32	0.056	0.00e+00	3.82e-04
7560	10/11/2008	23:00	9.60	190.0	5.36	14.40	1072.7	0.98	3.96	7.0	-65.44	1254.49	0.056	0.00e+00	3.81e-04
7561	11/11/2008	00:00	10.30	180.0	5.73	14.40	1178.5	1.04	3.84	7.0	-70.05	1437.79	0.056	0.00e+00	3.81e-04
7562	11/11/2008	01:00	11.40	180.0	6.34	14.60	1357.7	1.16	3.65	7.0	-77.58	1766.78	0.056	0.00e+00	3.82e-04
7563	11/11/2008	02:00	11.50	180.0	6.39	14.90	1374.7	1.17	3.63	7.0	-78.18	1800.12	0.056	0.00e+00	3.83e-04
7564	11/11/2008	03:00	11.20	180.0	6.23	14.90	1325.3	1.14	3.68	7.0	-76.12	1706.53	0.056	0.00e+00	3.83e-04
7565	11/11/2008	04:00	11.50	190.0	6.39	15.00	1374.9	1.17	3.63	7.0	-78.15	1800.76	0.056	0.00e+00	3.84e-04
7566	11/11/2008	05:00	12.70	190.0	7.06	14.80	1576.2	1.29	3.46	7.0	-86.44	2197.98	0.056	0.00e+00	3.83e-04
7567	11/11/2008	06:00	12.20	190.0	6.78	14.70	1491.3	1.24	3.53	7.0	-83.04	2026.51	0.056	0.00e+00	3.82e-04
7568	11/11/2008	07:00	11.70	190.0	6.51	14.80	1407.7	1.19	3.60	7.0	-79.58	1863.21	0.056	0.00e+00	3.83e-04
7569	11/11/2008	08:00	10.00	200.0	5.56	14.90	2957.4	1.02	3.90	7.0	9.06	-10504.38	-0.007	6.36e-04	3.83e-04
7570	11/11/2008	09:00	9.00	200.0	4.99	15.00	2986.7	0.93	4.12	7.0	34.03	-2060.96	-0.031	1.61e-03	3.84e-04
7571	11/11/2008	10:00	9.80	190.0	5.43	14.90	3027.7	1.01	3.95	7.0	53.15	-1702.79	-0.044	2.28e-03	3.83e-04
7572	11/11/2008	11:00	9.70	190.0	5.38	15.30	3058.5	1.00	3.97	8.0	32.00	-2730.64	-0.027	1.27e-03	3.85e-04
7573	11/11/2008	12:00	9.50	190.0	5.27	15.30	3088.5	0.98	4.01	8.0	33.95	-2421.60	-0.029	1.33e-03	3.85e-04
7574	11/11/2008	13:00	3.00	360.0	1.68	11.90	3090.7	0.31	7.11	8.0	4.24	-650.81	-0.011	1.27e-03	3.68e-04
7575	11/11/2008	14:00	3.70	20.0	2.05	10.80	3101.9	0.40	6.45	8.0	24.95	-222.02	-0.051	1.09e-03	3.62e-04
7576	11/11/2008	15:00	4.10	60.0	2.27	10.10	3116.6	0.44	6.13	7.0	33.00	-227.17	-0.061	1.61e-03	3.58e-04
7577	11/11/2008	16:00	1.60	70.0	1.00	9.60	116.2	0.14	9.57	7.0	-5.52	90.00	0.032	6.36e-04	3.56e-04
7578	11/11/2008	17:00	2.20	70.0	1.21	9.50	138.7	0.19	8.21	7.0	-12.47	90.00	0.054	0.00e+00	3.55e-04
7579	11/11/2008	18:00	1.20	100.0	1.00	9.20	98.7	0.11	10.99	7.0	-2.67	90.00	0.021	0.00e+00	3.54e-04
7580	11/11/2008	19:00	1.00	330.0	1.00	9.00	88.9	0.09	11.99	8.0	-1.70	90.00	0.016	0.00e+00	3.53e-04
7581	11/11/2008	20:00	1.00	320.0	1.00	9.10	88.9	0.09	11.99	8.0	-1.70	90.00	0.016	0.00e+00	3.53e-04
7582	11/11/2008	21:00	1.00	10.0	1.00	9.10	88.9	0.09	11.99	8.0	-1.70	90.00	0.016	0.00e+00	3.53e-04
7583	11/11/2008	22:00	1.00	350.0	1.00	9.10	88.9	0.09	11.99	8.0	-1.70	90.00	0.016	0.00e+00	3.53e-04
7584	11/11/2008	23:00	1.00	0.0	1.00	8.90	88.9	0.09	11.99	8.0	-1.70	90.00	0.016	0.00e+00	3.52e-04
7585	12/11/2008	00:00	1.00	150.0	1.00	9.00	88.9	0.09	11.99	7.0	-1.70	90.00	0.016	0.00e+00	3.53e-04
7586	12/11/2008	01:00	1.00	190.0	1.00	8.80	88.9	0.09	11.99	7.0	-1.70	90.00	0.016	0.00e+00	3.52e-04
7587	12/11/2008	02:00	1.00	170.0	1.00	8.70	88.9	0.09	11.99	7.0	-1.70	90.00	0.016	0.00e+00	3.51e-04
7588	12/11/2008	03:00	1.00	200.0	1.00	8.50	88.9	0.09	11.99	7.0	-1.70	90.00	0.016	0.00e+00	3.50e-04
7589	12/11/2008	04:00	1.00	110.0	1.00	8.40	88.9	0.09	11.99	7.0	-1.70	90.00	0.016	0.00e+00	3.50e-04
7590	12/11/2008	05:00	1.00	130.0	1.00	7.90	88.9	0.09	11.99	7.0	-1.70	90.00	0.015	0.00e+00	3.47e-04
7591	12/11/2008	06:00	1.00	0.0	1.00	8.00	88.9	0.09	11.99	7.0	-1.70	90.00	0.015	0.00e+00	3.48e-04
7592	12/11/2008	07:00	1.20	350.0	1.00	8.20	98.7	0.11	10.99	8.0	-2.67	90.00	0.021	0.00e+00	3.49e-04
7593	12/11/2008	08:00	1.00	20.0	1.00	8.40	330.1	0.11	12.49	8.0	1.69	-78.38	-0.012	2.91e-04	3.50e-04
7594	12/11/2008	09:00	1.00	0.0	1.00	8.40	505.2	0.17	11.36	7.0	32.04	-14.81	-0.148	1.59e-03	3.50e-04
7595	12/11/2008	10:00	1.10	320.0	1.00	9.00	625.1	0.20	10.83	7.0	52.33	-12.99	-0.215	2.26e-03	3.53e-04
7596	12/11/2008	11:00	1.00	10.0	1.00	9.90	746.7	0.19	11.39	7.0	64.91	-9.38	-0.278	2.65e-03	3.57e-04
7597	12/11/2008	12:00	1.90	10.0	1.20	10.60	860.7	0.28	8.50	7.0	69.09	-28.26	-0.201	2.77e-03	3.61e-04
7598	12/11/2008	13:00	2.50	20.0	1.43	10.90	956.9	0.32	7.78	7.0	64.78	-42.88	-0.168	2.65e-03	3.62e-04
7599	12/11/2008	14:00	2.40	30.0	1.35	11.00	1027.7	0.30	8.00	7.0	52.31	-44.39	-0.144	2.26e-03	3.63e-04
7600	12/11/2008	15:00	2.30	30.0	1.27	10.80	1069.7	0.27	8.25	7.0	32.44	-55.05	-0.097	1.59e-03	3.62e-04
7601	12/11/2008	16:00	1.70	30.0	1.00	10.10	1078.0	0.19	9.57	7.0	6.25	-98.48	-0.027	6.10e-04	3.58e-04
7602	12/11/2008	17:00	2.00	360.0	1.10	9.40	131.6	0.17	8.60	7.0	-9.76	90.00	0.046	0.00e+00	3.55e-04
7603	12/11/2008	18:00	1.90	350.0	1.05	8.80	127.9	0.16	8.82	7.0	-8.56	90.00	0.042	0.00e+00	3.52e-04
7604	12/11/2008	19:00	2.20	340.0	1.21	7.80	138.7	0.19	8.21	7.0	-12.47	90.00	0.053	0.00e+00	3.47e-04
7605	12/11/2008	20:00	4.60	330.0	2.57	7.70	353.9	0.45	5.69	7.0	-30.59	255.43	0.056	0.00e+00	3.46e-04
7606	12/11/2008	21:00	1.30	40.0	1.00	6.80	103.3	0.11	10.58	7.0	-3.26	90.00	0.023	0.00e+00	3.42e-04
7607	12/11/2008	22:00	1.00	0.0	1.00	5.40	88.9	0.09	11.99	8.0	-1.70	90.00	0.015	0.00e+00	3.35e-04
7608	12/11/2008	23:00	2.40	340.0	1.31	6.30	145.5	0.21	7.88	8.0	-11.48	90.00	0.045	0.00e+00	3.39e-04
7609	13/11/2008	00:00	3.60	340.0	2.01	6.60	263.9	0.34	6.42	8.0	-19.04	183.90	0.045	0.00e+00	3.41e-04
7610	13/11/2008	01:00	3.50	340.0	1.96	6.70	251.3	0.33	6.51	8.0	-18.39	171.71	0.045	0.00e+00	3.41e-04
7611	13/11/2008	02:00	4.10	340.0	2.30	5.90	328.2	0.40	6.02	8.0	-22.27	249.75	0.045	0.00e+00	3.37e-04
7612	13/11/2008	03:00	5.20	340.0	2.93	6.00	478.9	0.52	5.35	8.0	-29.10	426.82	0.045	0.00e+00	3.38e-04
7613	13/11/2008	04:00	5.10	360.0	2.87	6.10	464.9	0.51	5.40	8.0	-28.47	409.15	0.045	0.00e+00	3.38e-04
7614	13/11/2008	05:00	6.20	360.0	3.48	6.70	565.9	0.62	4.91	7.0	-42.84	495.60	0.056	0.00e+00	3.41e-04
7615	13/11/2008	06:00	6.50	360.0	3.65	6.90	608.2	0.65	4.79	7.0	-45.05	549.32	0.056	0.00e+00	3.42e-04
7616	13/11/2008	07:00	4.50	360.0	2.51	6.60	340.5	0.43	5.76	7.0	-29.92	241.56	0.056	0.00e+00	3.41e-04
7617	13/11/2008	08:00	6.90	360.0	3.85	7.00	2045.8	0.71	4.69	8.0	0.79	-40020.74	-0.001	2.79e-04	3.43e-04
7618	13/11/2008	09:00	8.00	350.0	4.43	7.70	2387.7	0.83	4.37	3.0	51.80	-966.85	-0.051	2.91e-03	3.46e-04
7619	13/11/2008	10:00	7.70	350.0	4.26	8.80	2444.2	0.80	4.47	5.0	81.88	-556.44	-0.083	3.62e-03	3.52e-04
7620	13/11/2008	11:00	9.20	350.0	5.08	9.90	2750.9	0.95	4.09	3.0	112.29	-682.03	-0.096	4.88e-03	3.57e-04
7621	13/11/2008	12:00	9.10	360.0	5.03	10.60	2822.1	0.94	4.11	2.0	119.33	-623.49	-0.103	5.22e-03	3.61e-04
7622	13/11/2008	13:00	9.70	350.0	5.36	10.70	2893.6	1.00	3.98	3.0	111.83	-796.96	-0.091	4.88e-03	3.61e-04
7623	13/11/2008	14:00	9.60	350.0	5.31	10.60	2942.0	0.99	3.99	6.0	70.08	-1220.95	-0.058	3.07e-03	3.61e-04
7624	13/11/2008	15:00	8.20	350.0	4.55	10.80	2971.3	0.85	4.32	6.0	42.84	-1250.70	-0.041	2.15e-03	3.62e-04
7625	13/11/2008	16:00	8.30	350.0	4.62	9.70	2983.8	0.85	4.28	3.0	3.18	-17161.88	-0.003	1.09e-03	3.56e-04
7626	13/11/2008	17:00	7.80	350.0	4.37	9.30	707.7	0.78	4.38	5.0	-69.85	611.33	0.072	0.00e+00	3.54e-04
7627	13/11/2008	18:00	8.30	340.0	4.67	8.70	817.9	0.84	4.25	6.0	-67.15	787.60	0.065	0.00e+00	3.51e-04
7628	13/11/2008	19:00	7.40	340.0	4.17	8.40	740.1	0.75	4.49	7.0	-51.48	728.72	0.056	0.00e+00	3.50e-04
7629	13/11/2008	20:00	7.30	350.0	4.10	7.60	674.2	0.73	4.53	6.0	-58.80	596.99	0.065	0.00e+00	3.46e-04
7630	13/11/2008	21:00	6.60	350.0	3.70	6.80	577.7	0.66	4.76	6.0	-52.88	478.74	0.065	0.00e+00	3.42e-04
7631	13/11/2008	22:00	6.80	350.0	3.80	6.50	571.2	0.68	4.70	5.0	-60.79	449.38	0.072	0.00e+00	3.40e-04
7632	13/11/2008	23:00	6.40	350.0	3.57	5.90	497.0	0.63	4.84	4.0	-61.59	356.38	0.079	0.00e+00	3.37e-04
7633	14/11/2008	00:00	5.90	350.0	3.28	5.60	436.0	0.57	5.04	4.0	-56.25	296.34	0.079	0.00e+00	3.36e-04
7634	14/11/2008	01:00	4.70	350.0	2.60	5.10	285.8	0.43	5.64	3.0	-45.41	160.17	0.084	0.00e+00	3.33e-04
7635	14/11/2008	02:00	4.10	360.0	2.23	4.70	208.5	0.35	6.06	2.0	-38.56	101.65	0.087	0.00e+00	3.31e-04
7636	14/11/2008	03:00	4.30	360.0	2.37	4.50	235.5	0.38	5.89	2.0	-41.99	120.27	0.087	0.00e+00	3.30e-04
7637	14/11/2008	04:00	4.10	360.0	2.22	4.30	203.0	0.35	6.07	1.0	-39.13	96.99	0.089	0.00e+00	3.29e-04
7638	14/11/2008	05:00	3.90	10.0	2.10	4.10	189.3	0.33	6.23	0.0	-36.96	90.00	0.090	0.00e+00	3.28e-04
7639	14/11/2008	06:00	3.80	360.0	2.05	4.00	186.7	0.32	6.31	1.0	-35.77	90.00	0.089	0.00e+00	3.28e-04
7640	14/11/2008	07:00	3.40	360.0	1.84	3.70	175.9	0.29	6.66	1.0	-32.16	90.00	0.089	0.00e+00	3.26e-04
7641	14/11/2008	08:00	4.50	360.0	2.53	4.90	679.8	0.46	5.77	1.0	-6.42	1349.70	0.011	1.07e-03	3.32e-04
7642	14/11/2008	09:00	5.00	360.0	2.77	6.30	1531.0	0.53	5.55	1.0	45.60	-289.52	-0.069	2.94e-03	3.39e-04
7643	14/11/2008	10:00	3.20	20.0	1.80	7.70	1602.2	0.38	6.92	1.0	84.52	-58.98	-0.178	4.23e-03	3.46e-04
7644	14/11/2008	11:00	3.50	10.0	1.98	9.10	1689.1	0.42	6.60	1.0	108.19	-60.96	-0.209	4.97e-03	3.53e-04
7645	14/11/2008	12:00	6.20	350.0	3.42	10.30	1912.8	0.66	5.00	1.0	115.69	-222.56	-0.142	5.21e-03	3.59e-04
7646	14/11/2008	13:00	6.00	360.0	3.31	10.80	1993.3	0.64	5.08	1.0	107.28	-218.16	-0.137	4.97e-03	3.62e-04
7647	14/11/2008	14:00	5.80	350.0	3.20	10.60	2054.6	0.62	5.16	1.0	83.58	-249.14	-0.111	4.23e-03	3.61e-04
7648	14/11/2008	15:00	6.70	350.0	3.71	9.90	2097.8	0.70	4.78	3.0	50.51	-595.37	-0.059	2.87e-03	3.57e-04
7649	14/11/2008	16:00	6.10	340.0	3.40	9.20	2107.8	0.63	4.99	3.0	1.81	-12096.11	-0.002	1.04e-03	3.54e-04
7650	14/11/2008	17:00	4.10	340.0	2.27	8.30	247.0	0.37	6.03	5.0	-33.48	138.94	0.072	0.00e+00	3.49e-04
7651	14/11/2008	18:00	3.80	330.0	2.13	8.00	290.4	0.36	6.25	8.0	-20.23	210.78	0.045	0.00e+00	3.48e-04
7652	14/11/2008	19:00	3.20	320.0	1.78	7.50	214.3	0.29	6.80	8.0	-16.38	137.48	0.045	0.00e+00	3.45e-04
7653	14/11/2008	20:00	4.00	320.0	2.23	6.70	278.9	0.38	6.10	7.0	-26.00	182.53	0.056	0.00e+00	3.41e-04
7654	14/11/2008	21:00	2.30	320.0	1.26	5.70	142.1	0.20	8.04	6.0	-13.98	90.00	0.057	0.00e+00	3.36e-04
7655	14/11/2008	22:00	1.00	320.0	1.00	4.50	88.9	0.09	11.99	6.0	-1.70	90.00	0.015	0.00e+00	3.30e-04
7656	14/11/2008	23:00	1.00	340.0	1.00	3.30	88.9	0.09	11.99	5.0	-1.70	90.00	0.015	0.00e+00	3.24e-04
7657	15/11/2008	00:00	1.50	40.0	1.00	4.00	112.0	0.13	9.88	5.0	-4.69	90.00	0.029	0.00e+00	3.28e-04
7658	15/11/2008	01:00	2.30	10.0	1.26	2.80	142.1	0.20	8.04	4.0	-13.98	90.00	0.056	0.00e+00	3.22e-04
7659	15/11/2008	02:00	1.40	40.0	1.00	3.90	107.7	0.12	10.21	4.0	-3.94	90.00	0.026	0.00e+00	3.27e-04
7660	15/11/2008	03:00	1.50	110.0	1.00	2.10	112.0	0.13	9.88	3.0	-4.69	90.00	0.028	0.00e+00	3.18e-04
7661	15/11/2008	04:00	1.00	50.0	1.00	1.10	88.9	0.09	11.99	3.0	-1.70	90.00	0.015	0.00e+00	3.14e-04
7662	15/11/2008	05:00	1.00	0.0	1.00	0.60	88.9	0.09	11.99	2.0	-1.70	90.00	0.015	0.00e+00	3.11e-04
7663	15/11/2008	06:00	1.00	150.0	1.00	0.90	88.9	0.09	11.99	4.0	-1.70	90.00	0.015	0.00e+00	3.13e-04
7664	15/11/2008	07:00	1.70	100.0	1.00	1.70	120.2	0.15	9.30	7.0	-6.44	90.00	0.035	0.00e+00	3.16e-04
7665	15/11/2008	08:00	1.00	100.0	1.00	2.00	325.9	0.11	12.45	7.0	1.32	-96.31	-0.009	5.36e-04	3.18e-04
7666	15/11/2008	09:00	1.00	90.0	1.00	3.00	398.9	0.14	12.46	8.0	11.85	-19.71	-0.068	7.26e-04	3.23e-04
7667	15/11/2008	10:00	1.00	30.0	1.00	4.30	465.7	0.16	11.71	8.0	22.21	-16.68	-0.110	1.05e-03	3.29e-04
7668	15/11/2008	11:00	2.10	20.0	1.26	5.40	831.2	0.29	8.29	7.0	63.49	-33.27	-0.177	2.58e-03	3.35e-04
7669	15/11/2008	12:00	1.50	70.0	1.00	6.10	963.3	0.26	9.33	6.0	93.00	-15.97	-0.292	3.72e-03	3.38e-04
7670	15/11/2008	13:00	2.80	50.0	1.69	6.80	1104.6	0.37	7.15	2.0	110.81	-42.09	-0.238	4.90e-03	3.42e-04
7671	15/11/2008	14:00	2.40	80.0	1.46	7.60	1202.0	0.33	7.70	2.0	86.02	-36.60	-0.211	4.16e-03	3.46e-04
7672	15/11/2008	15:00	2.70	110.0	1.50	6.10	1253.3	0.32	7.59	2.0	47.39	-60.07	-0.120	2.88e-03	3.38e-04
7673	15/11/2008	16:00	2.20	110.0	1.23	4.80	1256.7	0.23	8.30	7.0	2.28	-488.92	-0.008	5.36e-04	3.32e-04
7674	15/11/2008	17:00	1.20	110.0	1.00	4.90	98.7	0.11	10.99	8.0	-2.67	90.00	0.020	0.00e+00	3.32e-04
7675	15/11/2008	18:00	1.10	160.0	1.00	5.10	93.9	0.10	11.46	8.0	-2.14	90.00	0.018	0.00e+00	3.33e-04
7676	15/11/2008	19:00	1.00	70.0	1.00	5.30	88.9	0.09	11.99	8.0	-1.70	90.00	0.015	0.00e+00	3.34e-04
7677	15/11/2008	20:00	1.70	110.0	1.00	5.10	120.2	0.15	9.30	8.0	-6.44	90.00	0.035	0.00e+00	3.33e-04
7678	15/11/2008	21:00	1.10	100.0	1.00	5.30	93.9	0.10	11.46	8.0	-2.14	90.00	0.018	0.00e+00	3.34e-04
7679	15/11/2008	22:00	1.00	0.0	1.00	5.40	88.9	0.09	11.99	8.0	-1.70	90.00	0.015	0.00e+00	3.35e-04
7680	15/11/2008	23:00	1.00	110.0	1.00	5.60	88.9	0.09	11.99	8.0	-1.70	90.00	0.015	0.00e+00	3.36e-04
7681	16/11/2008	00:00	1.00	50.0	1.00	5.40	88.9	0.09	11.99	8.0	-1.70	90.00	0.015	0.00e+00	3.35e-04
7682	16/11/2008	01:00	1.70	360.0	1.00	5.50	120.2	0.15	9.30	8.0	-6.44	90.00	0.035	0.00e+00	3.35e-04
7683	16/11/2008	02:00	1.30	100.0	1.00	5.50	103.3	0.11	10.58	8.0	-3.26	90.00	0.023	0.00e+00	3.35e-04
7684	16/11/2008	03:00	1.20	90.0	1.00	5.30	98.7	0.11	10.99	8.0	-2.67	90.00	0.020	0.00e+00	3.34e-04
7685	16/11/2008	04:00	1.20	90.0	1.00	5.10	98.7	0.11	10.99	8.0	-2.67	90.00	0.020	0.00e+00	3.33e-04
7686	16/11/2008	05:00	1.40	120.0	1.00	5.00	107.7	0.12	10.21	8.0	-3.94	90.00	0.026	0.00e+00	3.33e-04
7687	16/11/2008	06:00	1.00	100.0	1.00	5.30	88.9	0.09	11.99	8.0	-1.70	90.00	0.015	0.00e+00	3.34e-04
7688	16/11/2008	07:00	1.00	0.0	1.00	5.40	88.9	0.09	11.99	8.0	-1.70	90.00	0.015	0.00e+00	3.35e-04
7689	16/11/2008	08:00	1.00	0.0	1.00	5.90	88.9	0.09	11.99	8.0	-1.70	90.00	0.015	2.44e-04	3.37e-04
7690	16/11/2008	09:00	1.00	0.0	1.00	6.20	88.9	0.09	11.99	8.0	-1.70	90.00	0.015	7.15e-04	3.39e-04
7691	16/11/2008	10:00	1.00	30.0	1.00	7.00	466.2	0.16	11.70	8.0	22.41	-16.64	-0.112	1.04e-03	3.43e-04
7692	16/11/2008	11:00	1.50	110.0	1.00	6.70	491.8	0.17	10.20	8.0	5.27	-83.12	-0.025	1.22e-03	3.41e-04
7693	16/11/2008	12:00	1.00	140.0	1.00	7.30	567.0	0.17	11.39	8.0	30.69	-15.08	-0.143	1.29e-03	3.44e-04
7694	16/11/2008	13:00	2.40	100.0	1.32	7.70	802.6	0.28	8.08	8.0	28.66	-66.35	-0.083	1.22e-03	3.46e-04
7695	16/11/2008	14:00	1.00	80.0	1.00	7.40	837.8	0.16	11.70	8.0	22.49	-16.63	-0.112	1.04e-03	3.45e-04
7696	16/11/2008	15:00	1.00	0.0	1.00	7.80	857.3	0.14	12.40	8.0	12.88	-19.06	-0.074	7.15e-04	3.47e-04
7697	16/11/2008	16:00	1.00	160.0	1.00	7.90	858.0	0.11	12.30	8.0	0.29	-378.23	-0.002	2.44e-04	3.47e-04
7698	16/11/2008	17:00	3.00	340.0	1.66	9.20	188.5	0.27	7.03	8.0	-14.86	115.18	0.045	0.00e+00	3.54e-04
7699	16/11/2008	18:00	3.90	340.0	2.18	9.40	304.2	0.38	6.17	8.0	-20.77	225.53	0.045	0.00e+00	3.55e-04
7700	16/11/2008	19:00	3.60	340.0	2.01	9.40	265.5	0.34	6.42	8.0	-18.87	186.21	0.045	0.00e+00	3.55e-04
7701	16/11/2008	20:00	3.60	340.0	2.01	9.20	265.4	0.34	6.42	8.0	-18.88	186.05	0.045	0.00e+00	3.54e-04
7702	16/11/2008	21:00	3.30	360.0	1.84	9.20	227.6	0.31	6.70	8.0	-16.95	149.93	0.045	0.00e+00	3.54e-04
7703	16/11/2008	22:00	2.80	340.0	1.53	9.10	159.3	0.24	7.31	8.0	-13.22	91.02	0.045	0.00e+00	3.53e-04
7704	16/11/2008	23:00	1.80	350.0	1.00	9.10	124.1	0.16	9.05	8.0	-7.45	90.00	0.039	0.00e+00	3.53e-04
7705	17/11/2008	00:00	2.30	360.0	1.26	9.30	142.1	0.20	8.04	8.0	-10.90	90.00	0.045	0.00e+00	3.54e-04
7706	17/11/2008	01:00	3.00	340.0	1.66	9.50	188.7	0.27	7.03	8.0	-14.85	115.39	0.045	0.00e+00	3.55e-04
7707	17/11/2008	02:00	2.40	360.0	1.31	9.50	145.5	0.21	7.88	8.0	-11.35	90.00	0.045	0.00e+00	3.55e-04
7708	17/11/2008	03:00	2.30	360.0	1.26	9.60	142.1	0.20	8.04	8.0	-10.89	90.00	0.045	0.00e+00	3.56e-04
7709	17/11/2008	04:00	4.80	350.0	2.70	9.80	425.8	0.48	5.57	8.0	-26.30	363.17	0.045	0.00e+00	3.57e-04
7710	17/11/2008	05:00	4.10	340.0	2.30	9.60	330.6	0.40	6.02	8.0	-22.01	253.72	0.045	0.00e+00	3.56e-04
7711	17/11/2008	06:00	4.20	350.0	2.36	9.80	344.1	0.41	5.95	8.0	-22.61	268.48	0.045	0.00e+00	3.57e-04
7712	17/11/2008	07:00	4.80	340.0	2.70	9.90	425.9	0.48	5.57	8.0	-26.29	363.32	0.045	0.00e+00	3.57e-04
7713	17/11/2008	08:00	5.90	350.0	3.29	10.20	1751.9	0.61	5.07	8.0	1.05	-18782.59	-0.001	2.33e-04	3.59e-04
7714	17/11/2008	09:00	5.90	360.0	3.29	10.20	1773.1	0.61	5.08	8.0	13.40	-1500.81	-0.018	7.05e-04	3.59e-04
7715	17/11/2008	10:00	7.30	350.0	4.06	10.60	2173.6	0.75	4.57	8.0	22.98	-1644.32	-0.025	1.03e-03	3.61e-04
7716	17/11/2008	11:00	6.10	350.0	3.38	10.80	2217.7	0.64	5.02	7.0	61.40	-379.96	-0.078	2.54e-03	3.62e-04
7717	17/11/2008	12:00	6.00	360.0	3.31	11.40	2276.0	0.64	5.07	6.0	89.05	-257.73	-0.114	3.66e-03	3.65e-04
7718	17/11/2008	13:00	7.70	350.0	4.25	11.40	2348.5	0.80	4.47	4.0	104.05	-443.14	-0.106	4.51e-03	3.65e-04
7719	17/11/2008	14:00	7.10	350.0	3.93	12.20	2403.9	0.74	4.65	4.0	81.97	-442.26	-0.091	3.82e-03	3.69e-04
7720	17/11/2008	15:00	4.50	360.0	2.49	11.60	2431.8	0.48	5.86	4.0	47.39	-210.38	-0.080	2.62e-03	3.66e-04
7721	17/11/2008	16:00	3.30	10.0	1.85	10.40	2434.7	0.34	6.78	7.0	3.37	-1068.37	-0.008	4.89e-04	3.60e-04
7722	17/11/2008	17:00	1.90	350.0	1.05	8.80	127.9	0.16	8.82	7.0	-8.56	90.00	0.042	0.00e+00	3.52e-04
7723	17/11/2008	18:00	2.20	360.0	1.21	7.80	138.7	0.19	8.21	7.0	-12.47	90.00	0.053	0.00e+00	3.47e-04
7724	17/11/2008	19:00	1.00	350.0	1.00	6.60	88.9	0.09	11.99	8.0	-1.70	90.00	0.015	0.00e+00	3.41e-04
7725	17/11/2008	20:00	1.00	330.0	1.00	6.60	88.9	0.09	11.99	8.0	-1.70	90.00	0.015	0.00e+00	3.41e-04
7726	17/11/2008	21:00	1.00	0.0	1.00	5.80	88.9	0.09	11.99	8.0	-1.70	90.00	0.015	0.00e+00	3.37e-04
7727	17/11/2008	22:00	1.10	160.0	1.00	5.10	93.9	0.10	11.46	8.0	-2.14	90.00	0.018	0.00e+00	3.33e-04
7728	17/11/2008	23:00	1.60	170.0	1.00	5.10	116.2	0.14	9.57	7.0	-5.52	90.00	0.032	0.00e+00	3.33e-04
7729	18/11/2008	00:00	1.00	220.0	1.00	5.80	88.9	0.09	11.99	6.0	-1.70	90.00	0.015	0.00e+00	3.37e-04
7730	18/11/2008	01:00	1.60	260.0	1.00	6.50	116.2	0.14	9.57	6.0	-5.52	90.00	0.032	0.00e+00	3.40e-04
7731	18/11/2008	02:00	1.20	200.0	1.00	6.70	98.7	0.11	10.99	8.0	-2.67	90.00	0.020	0.00e+00	3.41e-04
7732	18/11/2008	03:00	1.00	0.0	1.00	6.40	88.9	0.09	11.99	8.0	-1.70	90.00	0.015	0.00e+00	3.40e-04
7733	18/11/2008	04:00	1.90	150.0	1.05	6.40	127.9	0.16	8.82	8.0	-8.56	90.00	0.042	0.00e+00	3.40e-04
7734	18/11/2008	05:00	1.40	160.0	1.00	6.40	107.7	0.12	10.21	8.0	-3.94	90.00	0.026	0.00e+00	3.40e-04
7735	18/11/2008	06:00	2.70	150.0	1.47	6.30	155.2	0.23	7.44	8.0	-12.86	90.00	0.045	0.00e+00	3.39e-04
7736	18/11/2008	07:00	1.00	150.0	1.00	6.50	88.9	0.09	11.99	8.0	-1.70	90.00	0.015	0.00e+00	3.40e-04
7737	18/11/2008	08:00	1.00	200.0	1.00	6.80	88.9	0.09	11.99	8.0	-1.70	90.00	0.015	2.22e-04	3.42e-04
7738	18/11/2008	09:00	1.80	170.0	1.00	7.30	651.9	0.23	9.30	7.0	28.00	-36.40	-0.100	1.46e-03	3.44e-04
7739	18/11/2008	10:00	1.00	300.0	1.00	8.10	740.8	0.18	11.35	7.0	48.34	-11.43	-0.213	2.13e-03	3.48e-04
7740	18/11/2008	11:00	1.00	230.0	1.00	8.90	839.5	0.19	11.38	7.0	60.95	-9.78	-0.262	2.53e-03	3.52e-04
7741	18/11/2008	12:00	1.20	120.0	1.00	9.80	934.0	0.21	10.39	7.0	65.12	-13.23	-0.248	2.65e-03	3.57e-04
7742	18/11/2008	13:00	1.30	130.0	1.00	10.30	1014.5	0.22	9.97	7.0	60.81	-16.20	-0.222	2.53e-03	3.59e-04
7743	18/11/2008	14:00	1.80	90.0	1.08	10.50	1075.3	0.25	8.95	7.0	48.37	-29.13	-0.157	2.13e-03	3.60e-04
7744	18/11/2008	15:00	1.30	70.0	1.00	10.20	1109.3	0.19	10.49	7.0	28.55	-21.83	-0.121	1.46e-03	3.59e-04
7745	18/11/2008	16:00	1.00	30.0	1.00	9.60	1112.2	0.12	12.56	7.0	2.45	-57.60	-0.017	4.66e-04	3.56e-04
7746	18/11/2008	17:00	1.00	350.0	1.00	9.40	88.9	0.09	11.99	8.0	-1.70	90.00	0.016	0.00e+00	3.55e-04
7747	18/11/2008	18:00	2.20	340.0	1.21	9.10	138.7	0.19	8.21	8.0	-10.45	90.00	0.045	0.00e+00	3.53e-04
7748	18/11/2008	19:00	2.00	350.0	1.10	8.90	131.6	0.17	8.60	8.0	-9.54	90.00	0.045	0.00e+00	3.52e-04
7749	18/11/2008	20:00	1.50	20.0	1.00	8.60	112.0	0.13	9.88	8.0	-4.69	90.00	0.029	0.00e+00	3.51e-04
7750	18/11/2008	21:00	1.00	80.0	1.00	8.50	88.9	0.09	11.99	8.0	-1.70	90.00	0.016	0.00e+00	3.50e-04
7751	18/11/2008	22:00	2.00	340.0	1.10	8.60	131.6	0.17	8.60	8.0	-9.55	90.00	0.045	0.00e+00	3.51e-04
7752	18/11/2008	23:00	3.70	330.0	2.06	8.40	243.9	0.34	6.34	7.0	-23.48	151.61	0.056	0.00e+00	3.50e-04
7753	19/11/2008	00:00	3.40	330.0	1.89	7.60	207.5	0.31	6.60	7.0	-21.06	120.90	0.056	0.00e+00	3.46e-04
7754	19/11/2008	01:00	2.60	360.0	1.42	7.30	152.0	0.22	7.58	8.0	-12.35	90.00	0.045	0.00e+00	3.44e-04
7755	19/11/2008	02:00	2.10	340.0	1.16	7.70	135.2	0.18	8.40	8.0	-10.04	90.00	0.045	0.00e+00	3.46e-04
7756	19/11/2008	03:00	3.30	10.0	1.84	7.90	226.9	0.31	6.70	8.0	-17.02	149.03	0.045	0.00e+00	3.47e-04
7757	19/11/2008	04:00	4.70	350.0	2.64	7.60	410.3	0.46	5.63	8.0	-25.88	343.39	0.045	0.00e+00	3.46e-04
7758	19/11/2008	05:00	3.20	340.0	1.74	7.50	178.6	0.28	6.84	7.0	-18.98	98.07	0.056	0.00e+00	3.45e-04
7759	19/11/2008	06:00	2.30	330.0	1.26	7.60	142.1	0.20	8.04	7.0	-13.54	90.00	0.056	0.00e+00	3.46e-04
7760	19/11/2008	07:00	1.40	350.0	1.00	7.80	107.7	0.12	10.21	8.0	-3.94	90.00	0.026	0.00e+00	3.47e-04
7761	19/11/2008	08:00	2.20	360.0	1.24	8.10	472.0	0.23	8.26	8.0	-0.44	2331.62	0.002	2.12e-04	3.48e-04
7762	19/11/2008	09:00	2.70	360.0	1.50	8.40	845.4	0.29	7.56	8.0	12.21	-181.98	-0.034	6.85e-04	3.50e-04
7763	19/11/2008	10:00	3.80	350.0	2.10	9.30	1204.2	0.42	6.39	7.0	47.74	-134.58	-0.093	2.11e-03	3.54e-04
7764	19/11/2008	11:00	4.70	350.0	2.60	9.90	1461.7	0.51	5.74	7.0	60.22	-190.76	-0.097	2.51e-03	3.57e-04
7765	19/11/2008	12:00	4.70	350.0	2.60	10.90	1525.5	0.51	5.74	7.0	64.36	-179.96	-0.104	2.63e-03	3.62e-04
7766	19/11/2008	13:00	3.60	360.0	1.99	11.10	1552.9	0.39	6.55	8.0	28.42	-183.61	-0.060	1.20e-03	3.63e-04
7767	19/11/2008	14:00	4.90	340.0	2.71	11.10	1600.2	0.52	5.61	7.0	47.80	-262.46	-0.075	2.11e-03	3.63e-04
7768	19/11/2008	15:00	3.00	360.0	1.65	11.00	1624.6	0.33	7.20	7.0	28.15	-115.59	-0.069	1.43e-03	3.63e-04
7769	19/11/2008	16:00	2.10	10.0	1.18	10.50	1627.1	0.22	8.50	7.0	2.32	-421.44	-0.009	4.44e-04	3.60e-04
7770	19/11/2008	17:00	2.80	10.0	1.53	10.10	159.8	0.24	7.31	8.0	-13.19	91.59	0.045	0.00e+00	3.58e-04
7771	19/11/2008	18:00	2.70	30.0	1.47	9.60	155.2	0.23	7.44	8.0	-12.71	90.00	0.045	0.00e+00	3.56e-04
7772	19/11/2008	19:00	1.70	340.0	1.00	8.60	120.2	0.15	9.30	7.0	-6.44	90.00	0.035	0.00e+00	3.51e-04
7773	19/11/2008	20:00	1.00	360.0	1.00	8.60	88.9	0.09	11.99	6.0	-1.70	90.00	0.016	0.00e+00	3.51e-04
7774	19/11/2008	21:00	1.60	360.0	1.00	8.10	116.2	0.14	9.57	8.0	-5.52	90.00	0.032	0.00e+00	3.48e-04
7775	19/11/2008	22:00	1.30	350.0	1.00	8.30	103.3	0.11	10.58	8.0	-3.26	90.00	0.023	0.00e+00	3.49e-04
7776	19/11/2008	23:00	2.50	310.0	1.37	8.10	148.8	0.21	7.72	8.0	-11.86	90.00	0.045	0.00e+00	3.48e-04
7777	20/11/2008	00:00	2.20	310.0	1.21	8.10	138.7	0.19	8.21	8.0	-10.49	90.00	0.045	0.00e+00	3.48e-04
7778	20/11/2008	01:00	1.00	310.0	1.00	7.60	88.9	0.09	11.99	7.0	-1.70	90.00	0.015	0.00e+00	3.46e-04
7779	20/11/2008	02:00	1.00	0.0	1.00	5.60	88.9	0.09	11.99	7.0	-1.70	90.00	0.015	0.00e+00	3.36e-04
7780	20/11/2008	03:00	1.00	180.0	1.00	6.00	88.9	0.09	11.99	8.0	-1.70	90.00	0.015	0.00e+00	3.38e-04
7781	20/11/2008	04:00	1.00	0.0	1.00	6.30	88.9	0.09	11.99	8.0	-1.70	90.00	0.015	0.00e+00	3.39e-04
7782	20/11/2008	05:00	1.00	250.0	1.00	6.90	88.9	0.09	11.99	8.0	-1.70	90.00	0.015	0.00e+00	3.42e-04
7783	20/11/2008	06:00	1.00	150.0	1.00	7.10	88.9	0.09	11.99	8.0	-1.70	90.00	0.015	0.00e+00	3.43e-04
7784	20/11/2008	07:00	1.10	220.0	1.00	7.50	93.9	0.10	11.46	8.0	-2.14	90.00	0.018	0.00e+00	3.45e-04
7785	20/11/2008	08:00	1.00	230.0	1.00	7.70	88.9	0.09	11.99	8.0	-0.87	90.00	0.008	2.02e-04	3.46e-04
7786	20/11/2008	09:00	1.10	190.0	1.00	8.10	421.3	0.15	11.96	8.0	11.84	-23.24	-0.066	6.75e-04	3.48e-04
7787	20/11/2008	10:00	1.20	170.0	1.00	8.70	498.3	0.17	11.09	8.0	21.61	-21.06	-0.102	1.00e-03	3.51e-04
7788	20/11/2008	11:00	1.00	0.0	1.00	9.20	566.5	0.17	11.47	8.0	27.73	-15.65	-0.133	1.19e-03	3.54e-04
7789	20/11/2008	12:00	1.00	330.0	1.00	9.80	631.7	0.17	11.41	8.0	29.88	-15.24	-0.141	1.25e-03	3.57e-04
7790	20/11/2008	13:00	1.00	90.0	1.00	10.30	686.9	0.17	11.46	8.0	27.96	-15.60	-0.134	1.19e-03	3.59e-04
7791	20/11/2008	14:00	1.00	0.0	1.00	10.10	727.4	0.16	11.72	8.0	21.98	-16.72	-0.112	1.00e-03	3.58e-04
7792	20/11/2008	15:00	1.30	60.0	1.00	9.90	749.9	0.16	11.04	8.0	12.46	-31.17	-0.062	6.75e-04	3.57e-04
7793	20/11/2008	16:00	1.00	80.0	1.00	9.70	750.4	0.10	12.26	8.0	0.04	-2522.02	-0.000	2.02e-04	3.56e-04
7794	20/11/2008	17:00	1.60	100.0	1.00	9.00	116.2	0.14	9.57	8.0	-5.52	90.00	0.032	0.00e+00	3.53e-04
7795	20/11/2008	18:00	1.20	150.0	1.00	7.40	98.7	0.11	10.99	7.0	-2.67	90.00	0.020	0.00e+00	3.45e-04
7796	20/11/2008	19:00	1.00	0.0	1.00	6.10	88.9	0.09	11.99	6.0	-1.70	90.00	0.015	0.00e+00	3.38e-04
7797	20/11/2008	20:00	1.00	0.0	1.00	7.10	88.9	0.09	11.99	8.0	-1.70	90.00	0.015	0.00e+00	3.43e-04
7798	20/11/2008	21:00	1.00	0.0	1.00	7.60	88.9	0.09	11.99	8.0	-1.70	90.00	0.015	0.00e+00	3.46e-04
7799	20/11/2008	22:00	1.10	150.0	1.00	7.90	93.9	0.10	11.46	8.0	-2.14	90.00	0.018	0.00e+00	3.47e-04
7800	20/11/2008	23:00	1.00	220.0	1.00	7.80	88.9	0.09	11.99	8.0	-1.70	90.00	0.015	0.00e+00	3.47e-04
7801	21/11/2008	00:00	1.20	150.0	1.00	7.60	98.7	0.11	10.99	8.0	-2.67	90.00	0.020	0.00e+00	3.46e-04
7802	21/11/2008	01:00	1.60	140.0	1.00	7.50	116.2	0.14	9.57	7.0	-5.52	90.00	0.032	0.00e+00	3.45e-04
7803	21/11/2008	02:00	1.50	140.0	1.00	7.50	112.0	0.13	9.88	8.0	-4.69	90.00	0.029	0.00e+00	3.45e-04
7804	21/11/2008	03:00	1.40	130.0	1.00	7.50	107.7	0.12	10.21	7.0	-3.94	90.00	0.026	0.00e+00	3.45e-04
7805	21/11/2008	04:00	1.50	100.0	1.00	7.50	112.0	0.13	9.88	8.0	-4.69	90.00	0.029	0.00e+00	3.45e-04
7806	21/11/2008	05:00	1.90	150.0	1.05	7.70	127.9	0.16	8.82	7.0	-8.56	90.00	0.042	0.00e+00	3.46e-04
7807	21/11/2008	06:00	1.80	150.0	1.00	7.90	124.1	0.16	9.05	7.0	-7.45	90.00	0.039	0.00e+00	3.47e-04
7808	21/11/2008	07:00	1.40	140.0	1.00	8.20	107.7	0.12	10.21	8.0	-3.94	90.00	0.026	0.00e+00	3.49e-04
7809	21/11/2008	08:00	1.50	150.0	1.00	8.60	216.7	0.15	9.96	8.0	-0.72	413.83	0.004	1.92e-04	3.51e-04
7810	21/11/2008	09:00	2.50	180.0	1.39	9.10	789.4	0.27	7.86	8.0	11.92	-151.85	-0.035	6.66e-04	3.53e-04
7811	21/11/2008	10:00	3.50	180.0	1.94	9.80	1085.6	0.38	6.63	8.0	21.62	-217.65	-0.047	9.91e-04	3.57e-04
7812	21/11/2008	11:00	3.30	200.0	1.82	9.80	1123.2	0.36	6.85	8.0	27.57	-150.17	-0.062	1.18e-03	3.57e-04
7813	21/11/2008	12:00	2.10	180.0	1.16	10.00	1157.8	0.25	8.63	8.0	29.64	-48.10	-0.096	1.24e-03	3.58e-04
7814	21/11/2008	13:00	1.00	190.0	1.00	11.00	1188.4	0.17	11.47	8.0	27.84	-15.63	-0.134	1.18e-03	3.63e-04
7815	21/11/2008	14:00	2.70	260.0	1.49	11.80	1214.7	0.30	7.59	8.0	22.20	-108.28	-0.061	9.91e-04	3.67e-04
7816	21/11/2008	15:00	2.50	270.0	1.38	11.60	1230.3	0.27	7.87	8.0	12.84	-142.26	-0.038	6.66e-04	3.66e-04
7817	21/11/2008	16:00	3.90	250.0	2.18	11.60	1237.9	0.40	6.22	8.0	0.72	-8010.01	-0.001	1.92e-04	3.66e-04
7818	21/11/2008	17:00	5.00	10.0	2.80	8.00	405.4	0.49	5.46	7.0	-33.62	309.54	0.056	0.00e+00	3.48e-04
7819	21/11/2008	18:00	5.40	200.0	3.03	8.00	458.1	0.53	5.26	7.0	-36.65	367.88	0.056	0.00e+00	3.48e-04
7820	21/11/2008	19:00	3.30	310.0	1.84	7.80	226.9	0.31	6.70	8.0	-17.02	148.96	0.045	0.00e+00	3.47e-04
7821	21/11/2008	20:00	7.50	330.0	4.22	8.90	822.5	0.76	4.47	8.0	-42.30	930.55	0.045	0.00e+00	3.52e-04
7822	21/11/2008	21:00	2.90	20.0	1.59	8.50	173.2	0.25	7.17	8.0	-14.05	102.24	0.045	0.00e+00	3.50e-04
7823	21/11/2008	22:00	2.10	360.0	1.16	7.60	135.2	0.18	8.40	8.0	-10.05	90.00	0.045	0.00e+00	3.46e-04
7824	21/11/2008	23:00	3.50	320.0	1.96	7.40	251.7	0.33	6.51	8.0	-18.35	172.25	0.045	0.00e+00	3.45e-04
7825	22/11/2008	00:00	5.70	330.0	3.20	7.10	497.6	0.57	5.12	7.0	-39.03	413.10	0.056	0.00e+00	3.43e-04
7826	22/11/2008	01:00	1.40	350.0	1.00	6.80	107.7	0.12	10.21	7.0	-3.94	90.00	0.026	0.00e+00	3.42e-04
7827	22/11/2008	02:00	4.00	290.0	2.24	7.00	315.8	0.39	6.10	8.0	-21.56	236.89	0.045	0.00e+00	3.43e-04
7828	22/11/2008	03:00	2.30	320.0	1.26	6.80	142.1	0.20	8.04	8.0	-11.00	90.00	0.045	0.00e+00	3.42e-04
7829	22/11/2008	04:00	5.10	330.0	2.87	6.00	464.8	0.51	5.40	8.0	-28.48	408.98	0.045	0.00e+00	3.38e-04
7830	22/11/2008	05:00	2.10	300.0	1.16	5.40	135.2	0.18	8.40	8.0	-10.13	90.00	0.045	0.00e+00	3.35e-04
7831	22/11/2008	06:00	3.00	310.0	1.66	5.20	186.0	0.27	7.04	8.0	-14.99	112.36	0.045	0.00e+00	3.34e-04
7832	22/11/2008	07:00	4.40	330.0	2.46	5.30	327.1	0.42	5.82	7.0	-29.27	227.88	0.056	0.00e+00	3.34e-04
7833	22/11/2008	08:00	6.40	350.0	3.51	5.00	1863.0	0.65	4.91	7.0	-1.63	14637.77	0.002	3.81e-04	3.33e-04
7834	22/11/2008	09:00	5.90	350.0	3.28	4.60	1770.0	0.61	5.09	7.0	25.27	-807.27	-0.033	1.38e-03	3.31e-04
7835	22/11/2008	10:00	7.40	330.0	4.10	4.90	2220.4	0.77	4.55	6.0	63.33	-635.90	-0.066	2.82e-03	3.32e-04
7836	22/11/2008	11:00	8.40	340.0	4.65	4.90	2512.8	0.87	4.27	6.0	81.17	-719.11	-0.075	3.36e-03	3.32e-04
7837	22/11/2008	12:00	5.50	330.0	3.04	5.40	2548.7	0.58	5.30	7.0	63.38	-277.49	-0.087	2.58e-03	3.35e-04
7838	22/11/2008	13:00	5.00	340.0	2.78	5.10	2565.1	0.52	5.53	8.0	26.45	-482.33	-0.040	1.17e-03	3.33e-04
7839	22/11/2008	14:00	3.70	330.0	2.05	4.50	2576.3	0.39	6.44	8.0	20.12	-270.14	-0.041	9.82e-04	3.30e-04
7840	22/11/2008	15:00	1.30	40.0	1.00	2.80	2580.9	0.16	11.06	8.0	9.74	-36.79	-0.049	6.57e-04	3.22e-04
7841	22/11/2008	16:00	1.00	140.0	1.00	2.00	88.9	0.09	11.99	8.0	-1.70	90.00	0.015	1.82e-04	3.18e-04
7842	22/11/2008	17:00	1.00	160.0	1.00	1.50	88.9	0.09	11.99	6.0	-1.70	90.00	0.015	0.00e+00	3.15e-04
7843	22/11/2008	18:00	1.00	240.0	1.00	1.50	88.9	0.09	11.99	7.0	-1.70	90.00	0.015	0.00e+00	3.15e-04
7844	22/11/2008	19:00	1.00	220.0	1.00	1.70	88.9	0.09	11.99	6.0	-1.70	90.00	0.015	0.00e+00	3.16e-04
7845	22/11/2008	20:00	1.00	180.0	1.00	1.30	88.9	0.09	11.99	6.0	-1.70	90.00	0.015	0.00e+00	3.14e-04
7846	22/11/2008	21:00	1.00	160.0	1.00	1.80	88.9	0.09	11.99	8.0	-1.70	90.00	0.015	0.00e+00	3.17e-04
7847	22/11/2008	22:00	2.40	360.0	1.31	1.00	145.5	0.21	7.88	9.0	-8.59	90.00	0.033	-0.00e+00	3.13e-04
7848	22/11/2008	23:00	1.00	0.0	1.00	1.40	88.9	0.09	11.99	6.0	-1.70	90.00	0.015	0.00e+00	3.15e-04
7849	23/11/2008	00:00	1.60	330.0	1.00	1.30	116.2	0.14	9.57	5.0	-5.52	90.00	0.031	0.00e+00	3.14e-04
7850	23/11/2008	01:00	3.00	340.0	1.63	1.50	164.3	0.25	7.07	4.0	-25.34	90.00	0.079	0.00e+00	3.15e-04
7851	23/11/2008	02:00	4.90	330.0	2.71	1.80	305.4	0.46	5.53	3.0	-48.31	174.86	0.084	0.00e+00	3.17e-04
7852	23/11/2008	03:00	2.70	340.0	1.47	1.30	155.2	0.23	7.44	2.0	-21.17	90.00	0.073	0.00e+00	3.14e-04
7853	23/11/2008	04:00	3.50	340.0	1.89	1.20	178.6	0.30	6.57	1.0	-33.38	90.00	0.089	0.00e+00	3.14e-04
7854	23/11/2008	05:00	2.20	350.0	1.21	0.90	138.7	0.19	8.21	1.0	-12.47	90.00	0.052	0.00e+00	3.13e-04
7855	23/11/2008	06:00	1.00	360.0	1.00	0.10	88.9	0.09	11.99	1.0	-1.70	90.00	0.015	0.00e+00	3.09e-04
7856	23/11/2008	07:00	2.40	340.0	1.31	-0.10	145.5	0.21	7.88	1.0	-15.61	90.00	0.060	0.00e+00	3.08e-04
7857	23/11/2008	08:00	2.20	340.0	1.21	0.80	138.7	0.19	8.21	1.0	-12.47	90.00	0.052	6.89e-04	3.12e-04
7858	23/11/2008	09:00	2.00	350.0	1.12	2.50	720.5	0.25	8.80	1.0	35.14	-39.16	-0.112	2.59e-03	3.20e-04
7859	23/11/2008	10:00	1.40	300.0	1.00	3.40	842.4	0.24	9.63	1.0	75.17	-16.17	-0.250	3.89e-03	3.25e-04
7860	23/11/2008	11:00	1.00	240.0	1.00	4.20	981.1	0.20	11.44	4.0	101.31	-6.99	-0.404	4.32e-03	3.29e-04
7861	23/11/2008	12:00	2.60	160.0	1.61	4.60	1118.3	0.36	7.33	2.0	110.87	-37.83	-0.245	4.86e-03	3.31e-04
7862	23/11/2008	13:00	2.60	150.0	1.52	4.60	1208.1	0.34	7.55	6.0	80.48	-41.84	-0.191	3.34e-03	3.31e-04
7863	23/11/2008	14:00	4.00	160.0	2.21	4.00	1261.8	0.43	6.22	7.0	45.49	-160.00	-0.083	2.04e-03	3.28e-04
7864	23/11/2008	15:00	4.30	160.0	2.40	4.00	1294.4	0.45	5.95	8.0	9.80	-813.70	-0.017	6.48e-04	3.28e-04
7865	23/11/2008	16:00	4.90	170.0	2.75	3.70	953.0	0.50	5.54	8.0	-3.28	3443.63	0.005	1.72e-04	3.26e-04
7866	23/11/2008	17:00	6.50	170.0	3.67	3.80	668.1	0.66	4.79	8.0	-37.29	684.39	0.045	0.00e+00	3.27e-04
7867	23/11/2008	18:00	7.50	170.0	4.21	3.80	697.6	0.76	4.47	6.0	-61.32	623.09	0.065	0.00e+00	3.27e-04
7868	23/11/2008	19:00	7.60	180.0	4.27	3.90	711.7	0.77	4.44	6.0	-62.17	641.21	0.065	0.00e+00	3.27e-04
7869	23/11/2008	20:00	9.50	180.0	5.32	4.80	1047.1	0.97	3.98	7.0	-67.16	1193.30	0.056	0.00e+00	3.32e-04
7870	23/11/2008	21:00	9.40	190.0	5.27	3.60	1031.3	0.96	4.00	7.0	-66.79	1165.16	0.056	0.00e+00	3.26e-04
7871	23/11/2008	22:00	8.30	180.0	4.67	3.50	810.9	0.84	4.25	6.0	-68.35	771.81	0.065	0.00e+00	3.25e-04
7872	23/11/2008	23:00	6.50	200.0	3.65	2.80	603.9	0.65	4.79	7.0	-45.68	540.39	0.056	0.00e+00	3.22e-04
7873	24/11/2008	00:00	6.80	180.0	3.82	2.90	646.5	0.69	4.69	7.0	-47.94	595.64	0.056	0.00e+00	3.22e-04
7874	24/11/2008	01:00	6.60	190.0	3.71	3.20	618.4	0.66	4.76	7.0	-46.38	559.35	0.056	0.00e+00	3.24e-04
7875	24/11/2008	02:00	4.20	180.0	2.35	2.80	339.3	0.41	5.95	8.0	-23.13	260.59	0.045	0.00e+00	3.22e-04
7876	24/11/2008	03:00	3.00	200.0	1.66	2.90	184.5	0.27	7.04	8.0	-15.07	110.75	0.045	0.00e+00	3.22e-04
7877	24/11/2008	04:00	4.60	200.0	2.58	3.20	393.3	0.45	5.69	8.0	-25.63	321.26	0.045	0.00e+00	3.24e-04
7878	24/11/2008	05:00	2.30	200.0	1.26	2.70	142.1	0.20	8.04	8.0	-11.16	90.00	0.045	0.00e+00	3.21e-04
7879	24/11/2008	06:00	4.00	190.0	2.24	2.70	313.0	0.39	6.10	8.0	-21.86	232.50	0.045	0.00e+00	3.21e-04
7880	24/11/2008	07:00	2.40	200.0	1.31	3.00	145.5	0.21	7.88	8.0	-11.62	90.00	0.045	0.00e+00	3.23e-04
7881	24/11/2008	08:00	1.30	160.0	1.00	3.10	103.3	0.11	10.58	8.0	-3.26	90.00	0.023	1.63e-04	3.23e-04
7882	24/11/2008	09:00	2.30	180.0	1.26	4.40	766.1	0.27	8.26	7.0	24.19	-68.40	-0.073	1.34e-03	3.30e-04
7883	24/11/2008	10:00	3.20	220.0	1.79	4.30	954.7	0.33	6.87	8.0	0.26	-12545.15	-0.001	9.65e-04	3.29e-04
7884	24/11/2008	11:00	2.20	190.0	1.21	4.90	990.4	0.26	8.44	8.0	25.87	-58.66	-0.080	1.15e-03	3.32e-04
7885	24/11/2008	12:00	1.20	130.0	1.00	5.70	1066.8	0.21	10.39	7.0	62.19	-13.65	-0.235	2.55e-03	3.36e-04
7886	24/11/2008	13:00	1.30	150.0	1.00	6.20	1133.4	0.22	9.97	7.0	57.73	-16.80	-0.209	2.42e-03	3.39e-04
7887	24/11/2008	14:00	1.20	60.0	1.00	6.50	1182.7	0.20	10.38	7.0	44.90	-16.88	-0.177	2.02e-03	3.40e-04
7888	24/11/2008	15:00	3.50	30.0	1.94	5.20	1213.7	0.38	6.64	7.0	24.32	-195.86	-0.052	1.34e-03	3.34e-04
7889	24/11/2008	16:00	2.20	50.0	1.25	4.40	256.3	0.22	8.17	7.0	-2.86	329.68	0.010	3.42e-04	3.30e-04
7890	24/11/2008	17:00	1.20	20.0	1.00	4.10	98.7	0.11	10.99	7.0	-2.67	90.00	0.020	0.00e+00	3.28e-04
7891	24/11/2008	18:00	1.90	360.0	1.05	3.60	127.9	0.16	8.82	8.0	-8.56	90.00	0.042	0.00e+00	3.26e-04
7892	24/11/2008	19:00	1.50	310.0	1.00	3.70	112.0	0.13	9.88	8.0	-4.69	90.00	0.029	0.00e+00	3.26e-04
7893	24/11/2008	20:00	1.90	320.0	1.05	3.70	127.9	0.16	8.82	7.0	-8.56	90.00	0.042	0.00e+00	3.26e-04
7894	24/11/2008	21:00	2.70	350.0	1.47	4.00	155.2	0.23	7.44	8.0	-12.96	90.00	0.045	0.00e+00	3.28e-04
7895	24/11/2008	22:00	2.90	350.0	1.59	3.80	170.4	0.25	7.18	8.0	-14.20	99.25	0.045	0.00e+00	3.27e-04
7896	24/11/2008	23:00	3.10	350.0	1.73	3.80	200.2	0.28	6.90	8.0	-15.89	124.29	0.045	0.00e+00	3.27e-04
7897	25/11/2008	00:00	3.80	350.0	2.13	3.80	287.8	0.36	6.25	8.0	-20.50	206.91	0.045	0.00e+00	3.27e-04
7898	25/11/2008	01:00	5.80	340.0	3.27	3.80	563.5	0.58	5.07	8.0	-33.01	536.40	0.045	0.00e+00	3.27e-04
7899	25/11/2008	02:00	4.30	350.0	2.41	3.80	353.3	0.42	5.88	8.0	-23.69	276.29	0.045	0.00e+00	3.27e-04
7900	25/11/2008	03:00	3.50	350.0	1.95	3.50	249.5	0.33	6.51	8.0	-18.57	169.21	0.045	0.00e+00	3.25e-04
7901	25/11/2008	04:00	3.30	360.0	1.84	3.40	224.6	0.31	6.70	8.0	-17.25	145.91	0.045	0.00e+00	3.25e-04
7902	25/11/2008	05:00	4.20	350.0	2.34	3.40	301.2	0.40	5.96	7.0	-27.86	202.35	0.056	0.00e+00	3.25e-04
7903	25/11/2008	06:00	5.20	360.0	2.91	3.40	427.8	0.51	5.36	7.0	-35.68	331.74	0.056	0.00e+00	3.25e-04
7904	25/11/2008	07:00	6.10	360.0	3.44	3.50	607.5	0.62	4.94	8.0	-34.88	597.04	0.045	0.00e+00	3.25e-04
7905	25/11/2008	08:00	7.70	350.0	4.17	3.40	2211.7	0.77	4.50	8.0	-3.86	10303.03	0.004	1.54e-04	3.25e-04
7906	25/11/2008	09:00	8.80	360.0	4.89	2.90	2606.2	0.90	4.16	8.0	9.01	-7227.04	-0.008	6.31e-04	3.22e-04
7907	25/11/2008	10:00	8.70	350.0	4.83	2.90	2631.2	0.89	4.18	8.0	19.04	-3317.82	-0.017	9.58e-04	3.22e-04
7908	25/11/2008	11:00	7.60	360.0	4.21	2.80	2668.8	0.79	4.49	7.0	57.68	-751.05	-0.058	2.40e-03	3.22e-04
7909	25/11/2008	12:00	6.20	350.0	3.43	2.40	2703.2	0.65	4.98	7.0	62.27	-392.29	-0.076	2.53e-03	3.20e-04
7910	25/11/2008	13:00	6.90	340.0	3.82	2.70	2737.2	0.72	4.72	7.0	57.70	-569.80	-0.064	2.40e-03	3.21e-04
7911	25/11/2008	14:00	6.80	340.0	3.76	3.40	2771.9	0.71	4.75	6.0	61.37	-515.46	-0.069	2.75e-03	3.25e-04
7912	25/11/2008	15:00	6.70	340.0	3.72	3.20	2795.3	0.70	4.78	5.0	37.66	-790.49	-0.043	2.14e-03	3.24e-04
7913	25/11/2008	16:00	5.20	350.0	2.93	2.90	693.7	0.53	5.36	3.0	-12.20	1088.12	0.018	6.01e-04	3.22e-04
7914	25/11/2008	17:00	3.50	350.0	1.89	2.60	178.6	0.30	6.57	4.0	-29.29	90.00	0.079	0.00e+00	3.21e-04
7915	25/11/2008	18:00	5.30	350.0	2.95	2.70	381.1	0.51	5.32	5.0	-46.53	252.71	0.072	0.00e+00	3.21e-04
7916	25/11/2008	19:00	4.70	350.0	2.62	2.60	332.7	0.45	5.64	6.0	-36.55	218.55	0.065	0.00e+00	3.21e-04
7917	25/11/2008	20:00	7.20	350.0	4.05	2.30	703.5	0.73	4.55	7.0	-51.06	671.29	0.056	0.00e+00	3.19e-04
7918	25/11/2008	21:00	5.30	360.0	2.97	1.60	439.5	0.52	5.31	7.0	-36.67	343.61	0.056	0.00e+00	3.16e-04
7919	25/11/2008	22:00	6.60	360.0	3.73	1.50	680.7	0.67	4.75	8.0	-38.20	700.50	0.045	0.00e+00	3.15e-04
7920	25/11/2008	23:00	6.60	360.0	3.73	1.30	680.5	0.67	4.75	8.0	-38.22	699.94	0.045	0.00e+00	3.14e-04
7921	26/11/2008	00:00	5.70	350.0	3.21	1.20	546.4	0.57	5.11	8.0	-32.68	511.23	0.045	0.00e+00	3.14e-04
7922	26/11/2008	01:00	4.60	350.0	2.58	1.50	392.0	0.45	5.69	8.0	-25.77	318.96	0.045	0.00e+00	3.15e-04
7923	26/11/2008	02:00	5.10	350.0	2.87	1.60	461.1	0.51	5.40	8.0	-28.91	401.65	0.045	0.00e+00	3.16e-04
7924	26/11/2008	03:00	4.30	360.0	2.41	1.60	351.8	0.42	5.88	8.0	-23.86	273.69	0.045	0.00e+00	3.16e-04
7925	26/11/2008	04:00	5.30	10.0	2.98	1.50	489.2	0.53	5.30	8.0	-30.17	436.91	0.045	0.00e+00	3.15e-04
7926	26/11/2008	05:00	5.30	10.0	2.98	1.60	489.3	0.53	5.30	8.0	-30.16	437.09	0.045	0.00e+00	3.16e-04
7927	26/11/2008	06:00	4.40	10.0	2.47	1.60	365.1	0.43	5.81	8.0	-24.50	288.48	0.045	0.00e+00	3.16e-04
7928	26/11/2008	07:00	4.60	360.0	2.57	1.70	349.6	0.44	5.70	7.0	-31.19	248.90	0.056	0.00e+00	3.16e-04
7929	26/11/2008	08:00	5.00	350.0	2.81	1.80	885.9	0.51	5.48	7.0	-4.80	2499.78	0.007	3.06e-04	3.17e-04
7930	26/11/2008	09:00	5.90	350.0	3.28	1.90	1768.3	0.61	5.09	7.0	22.83	-891.08	-0.030	1.31e-03	3.17e-04
7931	26/11/2008	10:00	5.50	10.0	3.05	2.00	1807.7	0.58	5.28	7.0	43.99	-389.45	-0.060	1.99e-03	3.18e-04
7932	26/11/2008	11:00	3.80	10.0	2.10	2.80	1864.1	0.43	6.39	6.0	78.88	-89.84	-0.145	3.27e-03	3.22e-04
7933	26/11/2008	12:00	4.60	10.0	2.54	4.10	1924.7	0.51	5.81	6.0	84.53	-134.98	-0.134	3.45e-03	3.28e-04
7934	26/11/2008	13:00	5.10	10.0	2.82	4.60	1981.1	0.55	5.51	6.0	78.26	-187.76	-0.114	3.27e-03	3.31e-04
7935	26/11/2008	14:00	5.00	360.0	2.77	4.50	2014.0	0.53	5.55	7.0	43.90	-299.84	-0.066	1.99e-03	3.30e-04
7936	26/11/2008	15:00	4.20	10.0	2.33	4.20	2031.6	0.44	6.04	7.0	23.17	-335.80	-0.042	1.31e-03	3.29e-04
7937	26/11/2008	16:00	2.60	350.0	1.52	3.50	240.6	0.26	7.41	5.0	-7.18	215.99	0.022	4.95e-04	3.25e-04
7938	26/11/2008	17:00	1.20	350.0	1.00	2.70	98.7	0.11	10.99	6.0	-2.67	90.00	0.020	0.00e+00	3.21e-04
7939	26/11/2008	18:00	1.80	320.0	1.00	1.90	124.1	0.16	9.05	7.0	-7.45	90.00	0.038	0.00e+00	3.17e-04
7940	26/11/2008	19:00	1.30	350.0	1.00	2.30	103.3	0.11	10.58	8.0	-3.26	90.00	0.023	0.00e+00	3.19e-04
7941	26/11/2008	20:00	1.00	350.0	1.00	2.60	88.9	0.09	11.99	8.0	-1.70	90.00	0.015	0.00e+00	3.21e-04
7942	26/11/2008	21:00	1.00	30.0	1.00	1.50	88.9	0.09	11.99	7.0	-1.70	90.00	0.015	0.00e+00	3.15e-04
7943	26/11/2008	22:00	1.00	0.0	1.00	-0.40	88.9	0.09	11.99	7.0	-1.70	90.00	0.015	0.00e+00	3.06e-04
7944	26/11/2008	23:00	1.00	0.0	1.00	-1.40	88.9	0.09	11.99	6.0	-1.70	90.00	0.015	0.00e+00	3.02e-04
7945	27/11/2008	00:00	1.10	150.0	1.00	-1.70	93.9	0.10	11.46	6.0	-2.14	90.00	0.017	0.00e+00	3.00e-04
7946	27/11/2008	01:00	1.00	80.0	1.00	-2.30	88.9	0.09	11.99	5.0	-1.70	90.00	0.015	0.00e+00	2.97e-04
7947	27/11/2008	02:00	1.00	0.0	1.00	-2.70	88.9	0.09	11.99	5.0	-1.70	90.00	0.015	0.00e+00	2.95e-04
7948	27/11/2008	03:00	1.00	140.0	1.00	-2.90	88.9	0.09	11.99	4.0	-1.70	90.00	0.015	0.00e+00	2.95e-04
7949	27/11/2008	04:00	1.00	120.0	1.00	-3.30	88.9	0.09	11.99	4.0	-1.70	90.00	0.015	0.00e+00	2.93e-04
7950	27/11/2008	05:00	1.00	310.0	1.00	-3.00	88.9	0.09	11.99	4.0	-1.70	90.00	0.015	0.00e+00	2.94e-04
7951	27/11/2008	06:00	1.00	360.0	1.00	-3.60	88.9	0.09	11.99	9.0	-1.70	90.00	0.015	-0.00e+00	2.91e-04
7952	27/11/2008	07:00	1.00	130.0	1.00	-3.90	88.9	0.09	11.99	1.0	-1.70	90.00	0.015	0.00e+00	2.90e-04
7953	27/11/2008	08:00	1.00	10.0	1.00	-2.40	88.9	0.09	11.99	1.0	-1.70	90.00	0.015	5.50e-04	2.97e-04
7954	27/11/2008	09:00	1.50	340.0	1.00	-1.70	601.5	0.21	9.93	1.0	31.15	-25.70	-0.117	2.46e-03	3.00e-04
7955	27/11/2008	10:00	1.90	340.0	1.21	-0.60	818.2	0.28	8.46	1.0	72.40	-27.83	-0.200	3.77e-03	3.05e-04
7956	27/11/2008	11:00	1.10	10.0	1.00	1.30	954.0	0.21	10.91	1.0	97.30	-8.56	-0.364	4.53e-03	3.14e-04
7957	27/11/2008	12:00	1.70	100.0	1.13	3.20	1059.9	0.27	8.76	6.0	84.19	-21.85	-0.244	3.43e-03	3.24e-04
7958	27/11/2008	13:00	1.00	170.0	1.00	5.60	1147.6	0.19	11.41	6.0	77.26	-8.36	-0.320	3.25e-03	3.36e-04
7959	27/11/2008	14:00	1.00	230.0	1.00	5.50	1225.2	0.19	11.40	2.0	73.55	-8.63	-0.306	3.75e-03	3.35e-04
7960	27/11/2008	15:00	2.50	360.0	1.38	4.50	1258.9	0.29	7.91	1.0	31.47	-67.95	-0.087	2.46e-03	3.30e-04
7961	27/11/2008	16:00	1.40	10.0	1.00	3.10	107.7	0.12	10.21	1.0	-3.94	90.00	0.026	5.50e-04	3.23e-04
7962	27/11/2008	17:00	1.00	0.0	1.00	1.80	88.9	0.09	11.99	2.0	-1.70	90.00	0.015	0.00e+00	3.17e-04
7963	27/11/2008	18:00	1.00	0.0	1.00	0.50	88.9	0.09	11.99	3.0	-1.70	90.00	0.015	0.00e+00	3.11e-04
7964	27/11/2008	19:00	1.00	350.0	1.00	-0.10	88.9	0.09	11.99	4.0	-1.70	90.00	0.015	0.00e+00	3.08e-04
7965	27/11/2008	20:00	1.00	0.0	1.00	-1.00	88.9	0.09	11.99	5.0	-1.70	90.00	0.015	0.00e+00	3.03e-04
7966	27/11/2008	21:00	1.00	160.0	1.00	-1.70	88.9	0.09	11.99	6.0	-1.70	90.00	0.015	0.00e+00	3.00e-04
7967	27/11/2008	22:00	1.00	0.0	1.00	-2.30	88.9	0.09	11.99	7.0	-1.70	90.00	0.015	0.00e+00	2.97e-04
7968	27/11/2008	23:00	1.00	120.0	1.00	-2.40	88.9	0.09	11.99	8.0	-1.70	90.00	0.015	0.00e+00	2.97e-04
7969	28/11/2008	00:00	1.00	0.0	1.00	-2.90	88.9	0.09	11.99	8.0	-1.70	90.00	0.015	0.00e+00	2.95e-04
7970	28/11/2008	01:00	1.00	10.0	1.00	-2.20	88.9	0.09	11.99	9.0	-1.70	90.00	0.015	-0.00e+00	2.98e-04
7971	28/11/2008	02:00	1.00	350.0	1.00	-2.10	88.9	0.09	11.99	9.0	-1.70	90.00	0.015	-0.00e+00	2.98e-04
7972	28/11/2008	03:00	1.00	10.0	1.00	-2.20	88.9	0.09	11.99	9.0	-1.70	90.00	0.015	-0.00e+00	2.98e-04
7973	28/11/2008	04:00	1.80	350.0	1.00	-2.20	124.1	0.16	9.05	9.0	-6.59	90.00	0.033	-0.00e+00	2.98e-04
7974	28/11/2008	05:00	1.00	30.0	1.00	-2.40	88.9	0.09	11.99	9.0	-1.70	90.00	0.015	-0.00e+00	2.97e-04
7975	28/11/2008	06:00	1.00	50.0	1.00	-2.60	88.9	0.09	11.99	8.0	-1.70	90.00	0.015	0.00e+00	2.96e-04
7976	28/11/2008	07:00	1.20	30.0	1.00	-2.40	98.7	0.11	10.99	8.0	-2.67	90.00	0.020	0.00e+00	2.97e-04
7977	28/11/2008	08:00	1.40	10.0	1.00	-2.10	107.7	0.12	10.21	8.0	-3.94	90.00	0.025	1.30e-04	2.98e-04
7978	28/11/2008	09:00	2.10	360.0	1.17	-1.50	664.9	0.23	8.57	8.0	7.26	-148.89	-0.025	6.08e-04	3.01e-04
7979	28/11/2008	10:00	1.80	360.0	1.00	-0.90	699.6	0.21	9.36	8.0	17.72	-49.22	-0.065	9.36e-04	3.04e-04
7980	28/11/2008	11:00	1.90	10.0	1.05	-0.50	744.0	0.23	9.09	8.0	24.25	-44.48	-0.083	1.13e-03	3.06e-04
7981	28/11/2008	12:00	1.80	10.0	1.00	-0.50	788.9	0.22	9.31	8.0	26.45	-37.64	-0.093	1.19e-03	3.06e-04
7982	28/11/2008	13:00	1.60	50.0	1.00	-0.20	827.5	0.21	9.85	8.0	24.27	-31.55	-0.093	1.13e-03	3.07e-04
7983	28/11/2008	14:00	1.90	60.0	1.04	-0.20	855.6	0.22	9.10	8.0	17.82	-55.40	-0.063	9.36e-04	3.07e-04
7984	28/11/2008	15:00	1.60	20.0	1.00	-0.10	867.6	0.18	9.90	8.0	7.57	-72.19	-0.032	6.08e-04	3.08e-04
7985	28/11/2008	16:00	1.00	80.0	1.00	0.10	88.9	0.09	11.99	8.0	-1.70	90.00	0.015	1.30e-04	3.09e-04
7986	28/11/2008	17:00	2.00	100.0	1.10	0.00	131.6	0.17	8.60	8.0	-9.76	90.00	0.045	0.00e+00	3.08e-04
7987	28/11/2008	18:00	1.00	100.0	1.00	-0.20	88.9	0.09	11.99	8.0	-1.70	90.00	0.015	0.00e+00	3.07e-04
7988	28/11/2008	19:00	1.00	0.0	1.00	-0.40	88.9	0.09	11.99	8.0	-1.70	90.00	0.015	0.00e+00	3.06e-04
7989	28/11/2008	20:00	1.00	0.0	1.00	-0.70	88.9	0.09	11.99	8.0	-1.70	90.00	0.015	0.00e+00	3.05e-04
7990	28/11/2008	21:00	1.00	70.0	1.00	-0.60	88.9	0.09	11.99	8.0	-1.70	90.00	0.015	0.00e+00	3.05e-04
7991	28/11/2008	22:00	1.00	260.0	1.00	-1.20	88.9	0.09	11.99	8.0	-1.70	90.00	0.015	0.00e+00	3.03e-04
7992	28/11/2008	23:00	1.00	120.0	1.00	-1.80	88.9	0.09	11.99	8.0	-1.70	90.00	0.015	0.00e+00	3.00e-04
7993	29/11/2008	00:00	1.00	0.0	1.00	-1.60	88.9	0.09	11.99	8.0	-1.70	90.00	0.015	0.00e+00	3.01e-04
7994	29/11/2008	01:00	1.00	230.0	1.00	-1.10	88.9	0.09	11.99	8.0	-1.70	90.00	0.015	0.00e+00	3.03e-04
7995	29/11/2008	02:00	1.00	70.0	1.00	-1.20	88.9	0.09	11.99	8.0	-1.70	90.00	0.015	0.00e+00	3.03e-04
7996	29/11/2008	03:00	1.00	120.0	1.00	-1.50	88.9	0.09	11.99	9.0	-1.70	90.00	0.015	-0.00e+00	3.01e-04
7997	29/11/2008	04:00	1.00	170.0	1.00	-1.60	88.9	0.09	11.99	9.0	-1.70	90.00	0.015	-0.00e+00	3.01e-04
7998	29/11/2008	05:00	1.20	190.0	1.00	-2.00	98.7	0.11	10.99	9.0	-2.67	90.00	0.020	-0.00e+00	2.99e-04
7999	29/11/2008	06:00	1.00	90.0	1.00	-2.30	88.9	0.09	11.99	9.0	-1.70	90.00	0.015	-0.00e+00	2.97e-04
8000	29/11/2008	07:00	1.00	70.0	1.00	-2.70	88.9	0.09	11.99	9.0	-1.70	90.00	0.015	-0.00e+00	2.95e-04
8001	29/11/2008	08:00	1.00	70.0	1.00	-2.70	88.9	0.09	11.99	9.0	-1.70	90.00	0.015	-5.83e-05	2.95e-04
8002	29/11/2008	09:00	1.00	50.0	1.00	-2.10	88.9	0.09	11.99	9.0	-1.70	90.00	0.015	-2.87e-04	2.98e-04
8003	29/11/2008	10:00	1.00	10.0	1.00	-2.00	524.7	0.18	11.33	7.0	42.81	-12.41	-0.184	1.95e-03	2.99e-04
8004	29/11/2008	11:00	1.60	330.0	1.03	-0.90	713.6	0.25	9.18	7.0	56.31	-23.74	-0.179	2.34e-03	3.04e-04
8005	29/11/2008	12:00	1.00	350.0	1.00	1.20	812.1	0.19	11.38	7.0	60.49	-9.83	-0.253	2.47e-03	3.14e-04
8006	29/11/2008	13:00	1.00	50.0	1.00	3.00	893.7	0.19	11.37	7.0	55.66	-10.40	-0.237	2.34e-03	3.23e-04
8007	29/11/2008	14:00	2.70	350.0	1.49	5.10	956.2	0.31	7.60	7.0	42.50	-64.88	-0.108	1.95e-03	3.33e-04
8008	29/11/2008	15:00	2.00	90.0	1.10	5.70	986.7	0.24	8.87	7.0	22.10	-53.09	-0.075	1.26e-03	3.36e-04
8009	29/11/2008	16:00	1.30	170.0	1.00	5.40	103.3	0.11	10.58	7.0	-3.26	90.00	0.023	2.56e-04	3.35e-04
8010	29/11/2008	17:00	1.00	360.0	1.00	4.60	88.9	0.09	11.99	8.0	-1.70	90.00	0.015	0.00e+00	3.31e-04
8011	29/11/2008	18:00	3.00	90.0	1.66	4.40	185.5	0.27	7.04	8.0	-15.02	111.80	0.045	0.00e+00	3.30e-04
8012	29/11/2008	19:00	1.00	220.0	1.00	4.50	88.9	0.09	11.99	9.0	-1.70	90.00	0.015	-0.00e+00	3.30e-04
8013	29/11/2008	20:00	5.10	70.0	2.89	4.80	538.3	0.52	5.39	9.0	-21.39	575.16	0.033	-0.00e+00	3.32e-04
8014	29/11/2008	21:00	2.70	130.0	1.51	5.40	191.2	0.25	7.38	9.0	-10.23	132.30	0.033	-0.00e+00	3.35e-04
8015	29/11/2008	22:00	5.80	170.0	3.26	5.60	641.8	0.59	5.08	9.0	-24.20	742.09	0.033	-0.00e+00	3.36e-04
8016	29/11/2008	23:00	6.70	190.0	3.74	5.50	781.9	0.68	4.74	9.0	-27.94	988.00	0.033	-0.00e+00	3.35e-04
8017	30/11/2008	00:00	6.00	190.0	3.39	5.00	594.2	0.61	4.98	8.0	-34.09	579.72	0.045	0.00e+00	3.33e-04
8018	30/11/2008	01:00	5.00	160.0	2.81	5.00	449.9	0.50	5.46	8.0	-27.96	389.89	0.045	0.00e+00	3.33e-04
8019	30/11/2008	02:00	4.60	160.0	2.58	5.40	394.9	0.45	5.69	8.0	-25.44	324.23	0.045	0.00e+00	3.35e-04
8020	30/11/2008	03:00	9.00	180.0	5.01	5.90	1047.8	0.91	4.10	8.0	-51.11	1315.27	0.045	0.00e+00	3.37e-04
8021	30/11/2008	04:00	9.00	180.0	5.01	5.90	1047.8	0.91	4.10	8.0	-51.11	1315.27	0.045	0.00e+00	3.37e-04
8022	30/11/2008	05:00	7.90	190.0	4.43	6.30	878.2	0.80	4.36	8.0	-44.88	1018.78	0.045	0.00e+00	3.39e-04
8023	30/11/2008	06:00	3.30	150.0	1.79	5.50	173.0	0.28	6.76	6.0	-22.49	90.00	0.065	0.00e+00	3.35e-04
8024	30/11/2008	07:00	1.50	120.0	1.00	4.50	112.0	0.13	9.88	4.0	-4.69	90.00	0.029	0.00e+00	3.30e-04
8025	30/11/2008	08:00	1.20	80.0	1.00	4.90	98.7	0.11	10.99	4.0	-2.67	90.00	0.020	4.27e-04	3.32e-04
8026	30/11/2008	09:00	5.60	160.0	3.11	7.40	1691.2	0.59	5.23	3.0	34.81	-511.26	-0.048	2.31e-03	3.45e-04
8027	30/11/2008	10:00	3.90	180.0	2.15	9.40	1747.4	0.44	6.31	4.0	70.80	-103.86	-0.132	3.43e-03	3.55e-04
8028	30/11/2008	11:00	10.10	170.0	5.59	9.30	3003.8	1.04	3.90	4.0	92.79	-1074.56	-0.073	4.14e-03	3.54e-04
8029	30/11/2008	12:00	12.60	180.0	6.97	10.70	3726.5	1.29	3.49	5.0	92.85	-2050.42	-0.059	3.99e-03	3.61e-04
8030	30/11/2008	13:00	11.50	180.0	6.36	10.90	3770.1	1.18	3.65	6.0	74.06	-1961.21	-0.051	3.20e-03	3.62e-04
8031	30/11/2008	14:00	8.60	190.0	4.77	10.70	3792.1	0.89	4.21	7.0	42.33	-1454.14	-0.039	1.93e-03	3.61e-04
8032	30/11/2008	15:00	8.60	200.0	4.77	10.90	3809.9	0.88	4.21	6.0	30.72	-1995.83	-0.028	1.71e-03	3.62e-04
8033	30/11/2008	16:00	9.60	180.0	5.35	10.10	2004.3	0.98	3.97	4.0	-9.24	9126.90	0.008	4.27e-04	3.58e-04
8034	30/11/2008	17:00	8.00	180.0	4.48	9.50	706.3	0.80	4.33	4.0	-77.65	588.76	0.079	0.00e+00	3.55e-04
8035	30/11/2008	18:00	4.70	190.0	2.61	8.50	315.0	0.44	5.64	5.0	-39.64	195.18	0.072	0.00e+00	3.50e-04
8036	30/11/2008	19:00	4.30	200.0	2.38	7.40	268.8	0.40	5.89	5.0	-35.66	156.13	0.072	0.00e+00	3.45e-04
8037	30/11/2008	20:00	3.40	180.0	1.84	6.80	175.9	0.29	6.66	5.0	-25.80	90.00	0.072	0.00e+00	3.42e-04
8038	30/11/2008	21:00	2.30	150.0	1.26	5.10	142.1	0.20	8.04	6.0	-13.98	90.00	0.057	0.00e+00	3.33e-04
8039	30/11/2008	22:00	2.50	100.0	1.37	4.90	148.8	0.21	7.72	6.0	-17.25	90.00	0.065	0.00e+00	3.32e-04
8040	30/11/2008	23:00	2.80	190.0	1.52	5.30	158.3	0.24	7.31	6.0	-19.21	90.00	0.065	0.00e+00	3.34e-04
