i	Date	Heure	Uext	Direct	Uh	To	h	us	sigmatheta	Cld	Fo	Lmo	thetas	k1	k3
4369	01/07/2008	00:00	2.90	330.0	1.58	22.90	161.3	0.25	7.19	1.0	-25.51	90.00	0.088	0.00e+00	4.27e-04
4370	01/07/2008	01:00	1.90	340.0	1.05	22.30	127.9	0.16	8.82	1.0	-8.56	90.00	0.044	0.00e+00	4.23e-04
4371	01/07/2008	02:00	3.00	340.0	1.63	21.70	164.3	0.25	7.07	1.0	-26.78	90.00	0.089	0.00e+00	4.20e-04
4372	01/07/2008	03:00	1.70	20.0	1.00	20.30	120.2	0.15	9.30	1.0	-6.45	90.00	0.037	0.00e+00	4.12e-04
4373	01/07/2008	04:00	2.40	360.0	1.31	19.70	145.5	0.21	7.88	1.0	-15.61	90.00	0.064	0.00e+00	4.09e-04
4374	01/07/2008	05:00	1.20	360.0	1.00	20.00	423.1	0.15	11.52	1.0	7.49	-37.21	-0.043	1.31e-03	4.11e-04
4375	01/07/2008	06:00	1.50	20.0	1.00	20.60	710.4	0.25	9.32	2.0	65.18	-20.25	-0.224	3.51e-03	4.14e-04
4376	01/07/2008	07:00	1.00	300.0	1.00	22.60	906.1	0.20	11.46	2.0	118.91	-6.30	-0.497	5.39e-03	4.25e-04
4377	01/07/2008	08:00	1.00	350.0	1.00	24.20	1125.9	0.21	11.51	2.0	167.62	-5.05	-0.676	6.88e-03	4.34e-04
4378	01/07/2008	09:00	1.20	310.0	1.00	26.30	1349.5	0.24	10.53	3.0	206.33	-6.14	-0.732	7.80e-03	4.46e-04
4379	01/07/2008	10:00	1.40	140.0	1.00	27.80	1567.5	0.27	9.76	3.0	235.90	-7.47	-0.754	8.49e-03	4.54e-04
4380	01/07/2008	11:00	1.00	240.0	1.00	28.80	1765.7	0.22	11.55	4.0	245.14	-3.96	-0.959	8.45e-03	4.60e-04
4381	01/07/2008	12:00	3.20	200.0	2.09	30.40	1952.3	0.47	6.44	4.0	249.78	-36.73	-0.464	8.55e-03	4.69e-04
4382	01/07/2008	13:00	2.30	220.0	1.50	31.30	2121.7	0.37	7.61	3.0	251.65	-18.54	-0.588	8.85e-03	4.74e-04
4383	01/07/2008	14:00	2.90	170.0	1.90	32.20	2268.2	0.44	6.76	3.0	232.14	-31.59	-0.468	8.49e-03	4.79e-04
4384	01/07/2008	15:00	3.70	210.0	2.27	32.20	2390.0	0.49	6.17	3.0	202.35	-51.77	-0.362	7.80e-03	4.79e-04
4385	01/07/2008	16:00	3.80	180.0	2.23	32.00	2484.3	0.47	6.23	3.0	163.55	-58.04	-0.302	6.74e-03	4.78e-04
4386	01/07/2008	17:00	4.30	180.0	2.39	32.20	2551.1	0.49	5.99	3.0	118.29	-88.64	-0.212	5.28e-03	4.79e-04
4387	01/07/2008	18:00	5.40	170.0	2.98	31.00	2592.4	0.58	5.35	3.0	69.23	-243.84	-0.105	3.44e-03	4.72e-04
4388	01/07/2008	19:00	3.30	160.0	1.83	29.20	2603.4	0.36	6.83	3.0	18.90	-210.00	-0.046	1.28e-03	4.62e-04
4389	01/07/2008	20:00	5.00	170.0	2.78	28.00	346.6	0.48	5.47	4.0	-43.34	221.57	0.079	0.00e+00	4.55e-04
4390	01/07/2008	21:00	5.30	170.0	2.95	27.10	381.3	0.51	5.32	4.0	-46.52	253.01	0.079	0.00e+00	4.50e-04
4391	01/07/2008	22:00	5.70	190.0	3.17	26.40	428.9	0.55	5.13	4.0	-50.68	298.16	0.079	0.00e+00	4.46e-04
4392	01/07/2008	23:00	5.00	190.0	2.78	25.60	345.0	0.48	5.47	4.0	-43.65	219.41	0.079	0.00e+00	4.42e-04
4393	02/07/2008	00:00	4.00	200.0	2.22	24.80	245.2	0.37	6.10	5.0	-30.94	140.62	0.072	0.00e+00	4.37e-04
4394	02/07/2008	01:00	3.60	190.0	1.96	24.00	194.4	0.31	6.46	5.0	-26.42	101.70	0.072	0.00e+00	4.33e-04
4395	02/07/2008	02:00	2.20	210.0	1.21	23.30	138.7	0.19	8.21	5.0	-12.48	90.00	0.056	0.00e+00	4.29e-04
4396	02/07/2008	03:00	2.50	180.0	1.37	22.00	148.8	0.21	7.72	5.0	-17.35	90.00	0.069	0.00e+00	4.22e-04
4397	02/07/2008	04:00	2.60	140.0	1.42	21.40	152.0	0.22	7.58	5.0	-18.94	90.00	0.072	0.00e+00	4.18e-04
4398	02/07/2008	05:00	1.00	0.0	1.00	21.80	423.9	0.15	12.18	4.0	15.52	-18.07	-0.090	1.21e-03	4.21e-04
4399	02/07/2008	06:00	2.10	180.0	1.27	22.60	836.2	0.29	8.27	2.0	65.16	-33.03	-0.191	3.50e-03	4.25e-04
4400	02/07/2008	07:00	3.00	200.0	1.79	24.70	1130.1	0.39	6.96	1.0	115.96	-45.82	-0.254	5.41e-03	4.37e-04
4401	02/07/2008	08:00	5.30	180.0	2.95	26.60	1712.4	0.59	5.40	1.0	164.16	-112.60	-0.239	6.91e-03	4.47e-04
4402	02/07/2008	09:00	6.00	170.0	3.34	27.60	1921.7	0.67	5.07	1.0	204.98	-127.43	-0.266	8.01e-03	4.53e-04
4403	02/07/2008	10:00	6.80	170.0	3.77	28.70	2146.4	0.74	4.77	1.0	235.58	-154.52	-0.275	8.71e-03	4.59e-04
4404	02/07/2008	11:00	7.50	190.0	4.15	30.10	2338.8	0.81	4.54	1.0	253.86	-185.51	-0.273	9.09e-03	4.67e-04
4405	02/07/2008	12:00	10.00	180.0	5.51	31.60	3018.3	1.05	3.93	1.0	259.04	-390.74	-0.217	9.20e-03	4.76e-04
4406	02/07/2008	13:00	9.60	190.0	5.29	31.90	3147.6	1.01	4.01	1.0	252.19	-358.02	-0.220	9.09e-03	4.77e-04
4407	02/07/2008	14:00	7.40	190.0	4.09	30.90	3244.0	0.79	4.57	5.0	208.12	-212.02	-0.230	7.39e-03	4.72e-04
4408	02/07/2008	15:00	10.60	210.0	5.84	31.90	3345.6	1.10	3.81	4.0	195.75	-599.03	-0.156	7.44e-03	4.77e-04
4409	02/07/2008	16:00	11.30	190.0	6.23	30.60	3432.5	1.16	3.69	4.0	158.87	-880.16	-0.119	6.43e-03	4.70e-04
4410	02/07/2008	17:00	9.60	200.0	5.30	30.40	3488.4	0.99	4.00	5.0	107.83	-801.86	-0.095	4.60e-03	4.69e-04
4411	02/07/2008	18:00	9.50	200.0	5.26	28.80	3526.0	0.98	4.01	5.0	64.30	-1289.41	-0.057	2.99e-03	4.60e-04
4412	02/07/2008	19:00	8.10	210.0	4.50	27.70	3541.4	0.83	4.34	5.0	20.12	-2545.02	-0.021	1.10e-03	4.53e-04
4413	02/07/2008	20:00	5.80	180.0	3.25	26.30	489.3	0.57	5.08	6.0	-43.12	389.16	0.065	0.00e+00	4.46e-04
4414	02/07/2008	21:00	3.90	190.0	2.17	25.20	252.3	0.36	6.18	6.0	-27.20	153.15	0.065	0.00e+00	4.39e-04
4415	02/07/2008	22:00	2.20	170.0	1.21	24.60	138.7	0.19	8.21	6.0	-12.48	90.00	0.057	0.00e+00	4.36e-04
4416	02/07/2008	23:00	3.60	200.0	2.00	24.10	240.4	0.33	6.42	7.0	-21.67	151.83	0.056	0.00e+00	4.33e-04
4417	03/07/2008	00:00	3.20	170.0	1.76	23.80	188.9	0.28	6.83	7.0	-18.34	108.43	0.056	0.00e+00	4.32e-04
4418	03/07/2008	01:00	4.00	340.0	2.23	21.70	287.8	0.38	6.10	7.0	-24.85	194.84	0.056	0.00e+00	4.20e-04
4419	03/07/2008	02:00	2.20	10.0	1.21	21.00	138.7	0.19	8.21	8.0	-10.03	90.00	0.045	0.00e+00	4.16e-04
4420	03/07/2008	03:00	3.70	330.0	2.07	20.20	284.5	0.35	6.33	8.0	-18.88	208.41	0.045	0.00e+00	4.12e-04
4421	03/07/2008	04:00	2.40	340.0	1.31	19.10	145.5	0.21	7.88	8.0	-10.98	90.00	0.045	0.00e+00	4.06e-04
4422	03/07/2008	05:00	1.60	100.0	1.00	18.80	116.2	0.14	9.57	8.0	-5.52	90.00	0.033	3.21e-04	4.04e-04
4423	03/07/2008	06:00	2.70	90.0	1.53	18.20	321.0	0.27	7.39	8.0	-4.22	422.01	0.013	8.78e-04	4.01e-04
4424	03/07/2008	07:00	2.40	360.0	1.32	18.10	783.8	0.27	8.07	7.0	20.56	-86.20	-0.063	2.83e-03	4.00e-04
4425	03/07/2008	08:00	4.60	330.0	2.55	17.80	1409.0	0.49	5.78	7.0	34.87	-295.33	-0.060	3.62e-03	3.99e-04
4426	03/07/2008	09:00	3.40	360.0	1.88	17.50	1467.2	0.39	6.77	8.0	59.57	-85.74	-0.129	2.00e-03	3.97e-04
4427	03/07/2008	10:00	3.00	330.0	1.66	17.70	1487.2	0.33	7.18	8.0	19.93	-155.72	-0.051	2.18e-03	3.98e-04
4428	03/07/2008	11:00	5.10	300.0	2.83	16.50	1539.8	0.53	5.48	8.0	24.12	-557.19	-0.038	2.27e-03	3.92e-04
4429	03/07/2008	12:00	5.50	320.0	3.06	15.60	1656.0	0.57	5.27	8.0	26.22	-637.61	-0.038	2.30e-03	3.87e-04
4430	03/07/2008	13:00	5.50	320.0	3.06	15.60	1686.4	0.57	5.27	8.0	25.20	-662.42	-0.037	2.27e-03	3.87e-04
4431	03/07/2008	14:00	2.00	300.0	1.21	15.90	1733.3	0.28	8.46	7.0	60.67	-31.54	-0.181	4.56e-03	3.89e-04
4432	03/07/2008	15:00	1.50	50.0	1.00	16.00	1771.1	0.23	9.47	7.0	50.61	-22.47	-0.180	4.19e-03	3.89e-04
4433	03/07/2008	16:00	1.50	70.0	1.00	16.40	1798.5	0.22	9.75	7.0	37.15	-24.57	-0.142	3.62e-03	3.91e-04
4434	03/07/2008	17:00	3.00	80.0	1.65	16.30	1825.1	0.34	7.21	8.0	34.80	-97.04	-0.086	1.35e-03	3.91e-04
4435	03/07/2008	18:00	2.30	110.0	1.26	16.30	1840.5	0.26	8.25	8.0	20.53	-77.82	-0.065	8.78e-04	3.91e-04
4436	03/07/2008	19:00	1.00	150.0	1.00	16.60	1845.1	0.13	12.66	8.0	6.43	-27.91	-0.042	3.21e-04	3.92e-04
4437	03/07/2008	20:00	1.10	110.0	1.00	15.60	93.9	0.10	11.46	8.0	-2.15	90.00	0.018	0.00e+00	3.87e-04
4438	03/07/2008	21:00	1.00	0.0	1.00	14.70	88.9	0.09	11.99	8.0	-1.70	90.00	0.016	0.00e+00	3.82e-04
4439	03/07/2008	22:00	1.00	0.0	1.00	14.30	88.9	0.09	11.99	8.0	-1.70	90.00	0.016	0.00e+00	3.80e-04
4440	03/07/2008	23:00	1.00	160.0	1.00	14.10	88.9	0.09	11.99	8.0	-1.70	90.00	0.016	0.00e+00	3.79e-04
4441	04/07/2008	00:00	1.00	110.0	1.00	13.80	88.9	0.09	11.99	8.0	-1.70	90.00	0.016	0.00e+00	3.78e-04
4442	04/07/2008	01:00	1.00	140.0	1.00	13.20	88.9	0.09	11.99	8.0	-1.70	90.00	0.016	0.00e+00	3.74e-04
4443	04/07/2008	02:00	1.00	0.0	1.00	13.40	88.9	0.09	11.99	8.0	-1.70	90.00	0.016	0.00e+00	3.76e-04
4444	04/07/2008	03:00	1.00	40.0	1.00	13.20	88.9	0.09	11.99	8.0	-1.70	90.00	0.016	0.00e+00	3.74e-04
4445	04/07/2008	04:00	1.50	310.0	1.00	13.50	112.0	0.13	9.88	7.0	-4.69	90.00	0.030	0.00e+00	3.76e-04
4446	04/07/2008	05:00	1.30	10.0	1.00	13.90	469.5	0.16	11.05	5.0	11.78	-32.34	-0.060	1.08e-03	3.78e-04
4447	04/07/2008	06:00	2.00	360.0	1.22	15.20	814.3	0.28	8.41	2.0	63.98	-31.06	-0.188	3.47e-03	3.85e-04
4448	04/07/2008	07:00	4.50	340.0	2.50	16.90	1467.0	0.51	5.86	1.0	118.06	-98.43	-0.194	5.39e-03	3.94e-04
4449	04/07/2008	08:00	3.50	10.0	2.13	18.70	1617.8	0.46	6.37	2.0	171.21	-50.51	-0.312	6.86e-03	4.04e-04
4450	04/07/2008	09:00	4.10	20.0	2.46	19.60	1789.7	0.52	5.92	2.0	214.42	-59.24	-0.345	7.95e-03	4.09e-04
4451	04/07/2008	10:00	3.60	30.0	2.30	20.00	1966.4	0.50	6.14	1.0	246.11	-45.83	-0.413	8.70e-03	4.11e-04
4452	04/07/2008	11:00	4.40	10.0	2.68	21.00	2142.7	0.57	5.68	1.0	265.70	-61.10	-0.396	9.08e-03	4.16e-04
4453	04/07/2008	12:00	4.50	340.0	2.73	22.10	2309.0	0.58	5.62	1.0	271.03	-62.79	-0.399	9.19e-03	4.22e-04
4454	04/07/2008	13:00	4.20	350.0	2.59	23.30	2458.9	0.55	5.78	1.0	262.04	-57.14	-0.404	9.08e-03	4.29e-04
4455	04/07/2008	14:00	3.90	20.0	2.42	23.90	2588.5	0.52	5.97	1.0	240.58	-52.61	-0.393	8.70e-03	4.32e-04
4456	04/07/2008	15:00	3.00	10.0	1.95	24.10	2694.5	0.44	6.66	1.0	207.65	-36.43	-0.403	7.99e-03	4.33e-04
4457	04/07/2008	16:00	2.60	10.0	1.70	24.50	2775.5	0.39	7.13	1.0	164.83	-32.02	-0.361	6.90e-03	4.35e-04
4458	04/07/2008	17:00	2.50	20.0	1.58	24.50	2830.9	0.36	7.40	1.0	115.43	-35.24	-0.276	5.39e-03	4.35e-04
4459	04/07/2008	18:00	2.90	360.0	1.62	24.00	2860.7	0.34	7.30	1.0	62.29	-58.32	-0.154	3.50e-03	4.33e-04
4460	04/07/2008	19:00	2.20	10.0	1.22	22.40	2864.6	0.24	8.37	1.0	7.97	-155.08	-0.028	1.27e-03	4.24e-04
4461	04/07/2008	20:00	1.10	10.0	1.00	20.90	93.9	0.10	11.46	2.0	-2.15	90.00	0.019	0.00e+00	4.16e-04
4462	04/07/2008	21:00	1.00	10.0	1.00	19.90	88.9	0.09	11.99	2.0	-1.70	90.00	0.016	0.00e+00	4.10e-04
4463	04/07/2008	22:00	1.00	350.0	1.00	18.80	88.9	0.09	11.99	2.0	-1.70	90.00	0.016	0.00e+00	4.04e-04
4464	04/07/2008	23:00	1.00	190.0	1.00	18.00	88.9	0.09	11.99	2.0	-1.70	90.00	0.016	0.00e+00	4.00e-04
4465	05/07/2008	00:00	1.20	190.0	1.00	17.00	98.7	0.11	10.99	3.0	-2.67	90.00	0.021	0.00e+00	3.95e-04
4466	05/07/2008	01:00	1.00	180.0	1.00	16.20	88.9	0.09	11.99	3.0	-1.70	90.00	0.016	0.00e+00	3.90e-04
4467	05/07/2008	02:00	1.00	180.0	1.00	15.20	88.9	0.09	11.99	3.0	-1.70	90.00	0.016	0.00e+00	3.85e-04
4468	05/07/2008	03:00	1.00	140.0	1.00	14.60	88.9	0.09	11.99	3.0	-1.70	90.00	0.016	0.00e+00	3.82e-04
4469	05/07/2008	04:00	1.00	170.0	1.00	14.00	88.9	0.09	11.99	3.0	-1.70	90.00	0.016	0.00e+00	3.79e-04
4470	05/07/2008	05:00	1.40	220.0	1.00	14.80	490.5	0.17	10.65	4.0	10.77	-40.31	-0.053	1.16e-03	3.83e-04
4471	05/07/2008	06:00	1.10	210.0	1.00	16.50	642.7	0.20	10.86	3.0	65.10	-11.21	-0.269	3.39e-03	3.92e-04
4472	05/07/2008	07:00	1.00	280.0	1.00	19.10	848.0	0.20	11.46	4.0	116.39	-6.39	-0.481	5.01e-03	4.06e-04
4473	05/07/2008	08:00	1.10	280.0	1.00	21.40	1072.1	0.22	10.97	4.0	162.77	-6.11	-0.616	6.41e-03	4.18e-04
4474	05/07/2008	09:00	1.50	90.0	1.00	22.60	1298.7	0.28	9.41	4.0	202.04	-9.41	-0.619	7.43e-03	4.25e-04
4475	05/07/2008	10:00	1.50	90.0	1.00	24.80	1524.5	0.28	9.43	3.0	238.47	-8.43	-0.722	8.47e-03	4.37e-04
4476	05/07/2008	11:00	1.30	160.0	1.00	26.20	1687.9	0.25	10.11	6.0	195.75	-7.36	-0.665	6.52e-03	4.45e-04
4477	05/07/2008	12:00	1.00	200.0	1.00	27.10	1839.7	0.22	11.53	6.0	199.98	-4.51	-0.797	6.60e-03	4.50e-04
4478	05/07/2008	13:00	1.10	330.0	1.00	28.00	1976.7	0.23	10.99	6.0	194.44	-5.45	-0.737	6.52e-03	4.55e-04
4479	05/07/2008	14:00	2.00	10.0	1.31	28.40	2131.5	0.34	8.16	3.0	234.53	-14.77	-0.599	8.47e-03	4.57e-04
4480	05/07/2008	15:00	2.10	30.0	1.39	28.20	2229.6	0.34	7.92	6.0	157.32	-21.55	-0.405	5.74e-03	4.56e-04
4481	05/07/2008	16:00	4.00	10.0	2.25	28.40	2308.5	0.47	6.18	6.0	127.70	-72.13	-0.236	4.95e-03	4.57e-04
4482	05/07/2008	17:00	2.00	10.0	1.31	28.60	2362.9	0.31	8.15	6.0	93.31	-27.29	-0.264	3.87e-03	4.59e-04
4483	05/07/2008	18:00	1.90	10.0	1.15	27.70	2394.9	0.27	8.67	6.0	56.07	-30.09	-0.182	2.50e-03	4.53e-04
4484	05/07/2008	19:00	2.00	20.0	1.10	26.90	2405.4	0.23	8.87	6.0	18.38	-60.93	-0.068	8.98e-04	4.49e-04
4485	05/07/2008	20:00	3.30	340.0	1.79	25.60	176.1	0.28	6.75	6.0	-21.14	92.85	0.065	0.00e+00	4.42e-04
4486	05/07/2008	21:00	3.20	360.0	1.73	23.80	170.2	0.27	6.86	6.0	-20.50	90.00	0.065	0.00e+00	4.32e-04
4487	05/07/2008	22:00	3.80	340.0	2.12	22.60	263.8	0.36	6.25	7.0	-23.28	172.62	0.056	0.00e+00	4.25e-04
4488	05/07/2008	23:00	2.50	360.0	1.37	21.60	148.8	0.21	7.72	7.0	-13.98	90.00	0.056	0.00e+00	4.19e-04
4489	06/07/2008	00:00	1.70	10.0	1.00	20.80	120.2	0.15	9.30	7.0	-6.45	90.00	0.037	0.00e+00	4.15e-04
4490	06/07/2008	01:00	2.00	10.0	1.10	20.20	131.6	0.17	8.60	7.0	-9.77	90.00	0.048	0.00e+00	4.12e-04
4491	06/07/2008	02:00	1.50	360.0	1.00	19.50	112.0	0.13	9.88	7.0	-4.69	90.00	0.030	0.00e+00	4.08e-04
4492	06/07/2008	03:00	2.80	330.0	1.52	19.60	158.3	0.24	7.31	7.0	-15.70	90.00	0.056	0.00e+00	4.09e-04
4493	06/07/2008	04:00	4.10	350.0	2.29	20.20	299.3	0.39	6.03	7.0	-25.71	205.44	0.056	0.00e+00	4.12e-04
4494	06/07/2008	05:00	5.80	340.0	3.23	19.70	1731.1	0.60	5.12	7.0	11.79	-1619.74	-0.017	6.45e-04	4.09e-04
4495	06/07/2008	06:00	2.30	340.0	1.35	18.00	243.8	0.23	7.87	8.0	-4.32	261.99	0.015	8.67e-04	4.00e-04
4496	06/07/2008	07:00	2.50	30.0	1.40	17.30	761.4	0.26	7.79	8.0	3.12	-520.18	-0.010	1.34e-03	3.96e-04
4497	06/07/2008	08:00	1.00	0.0	1.00	17.00	779.2	0.13	12.56	8.0	10.14	-21.21	-0.063	1.72e-03	3.95e-04
4498	06/07/2008	09:00	1.50	110.0	1.00	17.30	806.5	0.19	10.26	8.0	15.78	-35.97	-0.071	2.00e-03	3.96e-04
4499	06/07/2008	10:00	2.20	200.0	1.21	17.80	841.4	0.25	8.44	8.0	19.73	-72.22	-0.065	2.17e-03	3.99e-04
4500	06/07/2008	11:00	2.70	140.0	1.49	18.10	880.7	0.30	7.59	8.0	22.14	-108.55	-0.062	2.27e-03	4.00e-04
4501	06/07/2008	12:00	2.80	210.0	1.79	20.10	1159.6	0.40	6.96	7.0	152.66	-37.60	-0.321	4.81e-03	4.11e-04
4502	06/07/2008	13:00	1.10	320.0	1.00	22.00	1317.3	0.22	10.96	7.0	147.67	-6.51	-0.566	4.75e-03	4.22e-04
4503	06/07/2008	14:00	7.60	330.0	4.21	18.50	2273.7	0.79	4.49	7.0	54.22	-797.92	-0.058	4.56e-03	4.03e-04
4504	06/07/2008	15:00	5.50	320.0	3.06	15.70	2289.2	0.57	5.26	8.0	17.25	-956.04	-0.025	2.00e-03	3.88e-04
4505	06/07/2008	16:00	4.20	320.0	2.34	16.40	2297.7	0.44	6.02	8.0	10.57	-707.86	-0.020	1.72e-03	3.91e-04
4506	06/07/2008	17:00	1.40	100.0	1.00	16.60	2337.0	0.24	9.63	7.0	69.84	-17.02	-0.245	2.82e-03	3.92e-04
4507	06/07/2008	18:00	2.70	90.0	1.49	16.20	2359.7	0.31	7.61	7.0	39.89	-67.97	-0.106	1.82e-03	3.90e-04
4508	06/07/2008	19:00	2.80	110.0	1.56	15.50	2366.8	0.30	7.41	6.0	11.51	-211.67	-0.032	8.84e-04	3.87e-04
4509	06/07/2008	20:00	2.40	120.0	1.31	15.60	145.5	0.21	7.88	6.0	-15.61	90.00	0.063	0.00e+00	3.87e-04
4510	06/07/2008	21:00	1.30	190.0	1.00	15.30	103.3	0.11	10.58	7.0	-3.27	90.00	0.024	0.00e+00	3.86e-04
4511	06/07/2008	22:00	1.00	170.0	1.00	15.30	88.9	0.09	11.99	5.0	-1.70	90.00	0.016	0.00e+00	3.86e-04
4512	06/07/2008	23:00	1.00	200.0	1.00	15.30	88.9	0.09	11.99	5.0	-1.70	90.00	0.016	0.00e+00	3.86e-04
4513	07/07/2008	00:00	1.00	160.0	1.00	15.00	88.9	0.09	11.99	6.0	-1.70	90.00	0.016	0.00e+00	3.84e-04
4514	07/07/2008	01:00	1.30	140.0	1.00	14.40	103.3	0.11	10.58	7.0	-3.27	90.00	0.024	0.00e+00	3.81e-04
4515	07/07/2008	02:00	1.00	130.0	1.00	13.90	88.9	0.09	11.99	6.0	-1.70	90.00	0.016	0.00e+00	3.78e-04
4516	07/07/2008	03:00	1.20	130.0	1.00	14.10	98.7	0.11	10.99	5.0	-2.67	90.00	0.021	0.00e+00	3.79e-04
4517	07/07/2008	04:00	1.00	160.0	1.00	13.70	88.9	0.09	11.99	5.0	-1.70	90.00	0.016	0.00e+00	3.77e-04
4518	07/07/2008	05:00	1.00	160.0	1.00	13.70	370.6	0.13	12.65	3.0	7.28	-25.74	-0.047	1.18e-03	3.77e-04
4519	07/07/2008	06:00	1.00	0.0	1.00	15.20	550.4	0.19	11.38	2.0	62.74	-9.60	-0.275	3.43e-03	3.85e-04
4520	07/07/2008	07:00	2.30	250.0	1.50	17.80	996.5	0.35	7.61	2.0	118.85	-30.64	-0.288	5.33e-03	3.99e-04
4521	07/07/2008	08:00	2.30	260.0	1.51	19.20	1203.5	0.36	7.57	2.0	169.80	-24.55	-0.396	6.83e-03	4.06e-04
4522	07/07/2008	09:00	4.80	230.0	2.71	20.30	1616.4	0.56	5.63	5.0	188.46	-82.50	-0.284	6.77e-03	4.12e-04
4523	07/07/2008	10:00	2.40	210.0	1.57	20.90	1786.0	0.38	7.43	5.0	216.44	-22.49	-0.482	7.37e-03	4.16e-04
4524	07/07/2008	11:00	3.80	230.0	2.40	21.20	1969.6	0.52	6.00	4.0	253.82	-49.39	-0.412	8.43e-03	4.17e-04
4525	07/07/2008	12:00	4.10	240.0	2.44	21.60	2106.8	0.52	5.95	6.0	204.81	-60.19	-0.335	6.60e-03	4.19e-04
4526	07/07/2008	13:00	5.20	220.0	2.92	23.20	2234.5	0.60	5.43	6.0	198.04	-94.51	-0.283	6.51e-03	4.28e-04
4527	07/07/2008	14:00	5.40	230.0	3.05	23.00	2374.6	0.62	5.31	4.0	231.82	-92.52	-0.317	8.08e-03	4.27e-04
4528	07/07/2008	15:00	4.60	250.0	2.64	23.10	2488.2	0.55	5.71	4.0	201.00	-73.29	-0.312	7.41e-03	4.28e-04
4529	07/07/2008	16:00	4.80	230.0	2.69	23.40	2576.3	0.55	5.66	4.0	160.80	-91.36	-0.250	6.39e-03	4.29e-04
4530	07/07/2008	17:00	4.80	220.0	2.66	23.10	2637.8	0.53	5.68	4.0	114.41	-117.41	-0.183	4.98e-03	4.28e-04
4531	07/07/2008	18:00	4.60	240.0	2.54	22.10	2672.5	0.50	5.80	4.0	64.25	-170.50	-0.110	3.21e-03	4.22e-04
4532	07/07/2008	19:00	5.30	270.0	2.95	21.20	2681.8	0.55	5.36	3.0	11.33	-1294.74	-0.017	1.18e-03	4.17e-04
4533	07/07/2008	20:00	3.40	250.0	1.84	19.50	175.9	0.29	6.66	3.0	-28.53	90.00	0.084	0.00e+00	4.08e-04
4534	07/07/2008	21:00	3.30	240.0	1.79	18.70	173.0	0.28	6.76	3.0	-27.79	90.00	0.084	0.00e+00	4.04e-04
4535	07/07/2008	22:00	1.70	220.0	1.00	17.90	120.2	0.15	9.30	3.0	-6.45	90.00	0.037	0.00e+00	3.99e-04
4536	07/07/2008	23:00	2.50	260.0	1.37	17.90	148.8	0.21	7.72	2.0	-17.35	90.00	0.068	0.00e+00	3.99e-04
4537	08/07/2008	00:00	2.50	240.0	1.37	17.20	148.8	0.21	7.72	2.0	-17.35	90.00	0.068	0.00e+00	3.96e-04
4538	08/07/2008	01:00	1.50	150.0	1.00	15.70	112.0	0.13	9.88	2.0	-4.69	90.00	0.030	0.00e+00	3.88e-04
4539	08/07/2008	02:00	1.00	140.0	1.00	14.30	88.9	0.09	11.99	1.0	-1.70	90.00	0.016	0.00e+00	3.80e-04
4540	08/07/2008	03:00	1.70	120.0	1.00	13.10	120.2	0.15	9.30	1.0	-6.45	90.00	0.036	0.00e+00	3.74e-04
4541	08/07/2008	04:00	2.90	200.0	1.58	13.90	161.3	0.25	7.19	1.0	-25.51	90.00	0.086	0.00e+00	3.78e-04
4542	08/07/2008	05:00	1.00	0.0	1.00	14.30	369.3	0.13	12.66	3.0	7.06	-26.25	-0.046	1.16e-03	3.80e-04
4543	08/07/2008	06:00	3.00	220.0	1.67	15.40	1022.5	0.35	7.19	3.0	63.83	-61.65	-0.150	3.34e-03	3.86e-04
4544	08/07/2008	07:00	3.70	240.0	2.09	17.50	1276.0	0.44	6.42	2.0	118.58	-64.50	-0.224	5.32e-03	3.97e-04
4545	08/07/2008	08:00	3.20	250.0	2.00	19.10	1445.4	0.44	6.58	2.0	169.53	-44.32	-0.324	6.82e-03	4.06e-04
4546	08/07/2008	09:00	2.90	320.0	1.85	20.30	1589.2	0.41	6.84	6.0	161.23	-38.84	-0.329	5.72e-03	4.12e-04
4547	08/07/2008	10:00	2.70	260.0	1.77	21.20	1761.8	0.41	7.00	5.0	215.83	-28.71	-0.444	7.37e-03	4.17e-04
4548	08/07/2008	11:00	3.20	310.0	2.05	20.80	1909.1	0.45	6.50	6.0	200.32	-41.43	-0.373	6.51e-03	4.15e-04
4549	08/07/2008	12:00	1.80	250.0	1.18	21.60	2046.0	0.31	8.59	6.0	204.62	-13.22	-0.555	6.59e-03	4.19e-04
4550	08/07/2008	13:00	1.30	100.0	1.00	22.80	2139.0	0.25	10.08	7.0	146.95	-8.90	-0.510	4.75e-03	4.26e-04
4551	08/07/2008	14:00	1.00	340.0	1.00	22.10	2221.6	0.21	11.48	7.0	136.36	-5.77	-0.559	4.55e-03	4.22e-04
4552	08/07/2008	15:00	1.40	80.0	1.00	22.10	2291.1	0.25	9.69	7.0	118.89	-11.80	-0.402	4.18e-03	4.22e-04
4553	08/07/2008	16:00	2.00	70.0	1.32	22.40	2364.6	0.32	8.10	6.0	128.60	-22.55	-0.342	4.93e-03	4.24e-04
4554	08/07/2008	17:00	2.20	30.0	1.40	22.10	2416.4	0.32	7.88	6.0	92.36	-31.61	-0.245	3.84e-03	4.22e-04
4555	08/07/2008	18:00	3.90	30.0	2.15	21.40	2451.0	0.43	6.31	5.0	60.41	-118.08	-0.119	2.91e-03	4.18e-04
4556	08/07/2008	19:00	2.90	50.0	1.61	19.70	2458.9	0.31	7.28	5.0	13.07	-207.27	-0.035	1.01e-03	4.09e-04
4557	08/07/2008	20:00	1.00	350.0	1.00	18.60	88.9	0.09	11.99	4.0	-1.70	90.00	0.016	0.00e+00	4.03e-04
4558	08/07/2008	21:00	1.00	360.0	1.00	17.20	88.9	0.09	11.99	4.0	-1.70	90.00	0.016	0.00e+00	3.96e-04
4559	08/07/2008	22:00	1.40	340.0	1.00	17.00	107.7	0.12	10.21	3.0	-3.94	90.00	0.027	0.00e+00	3.95e-04
4560	08/07/2008	23:00	1.00	0.0	1.00	15.90	88.9	0.09	11.99	3.0	-1.70	90.00	0.016	0.00e+00	3.89e-04
4561	09/07/2008	00:00	1.00	0.0	1.00	15.90	88.9	0.09	11.99	2.0	-1.70	90.00	0.016	0.00e+00	3.89e-04
4562	09/07/2008	01:00	1.00	210.0	1.00	15.00	88.9	0.09	11.99	2.0	-1.70	90.00	0.016	0.00e+00	3.84e-04
4563	09/07/2008	02:00	1.00	220.0	1.00	14.30	88.9	0.09	11.99	1.0	-1.70	90.00	0.016	0.00e+00	3.80e-04
4564	09/07/2008	03:00	1.00	150.0	1.00	13.50	88.9	0.09	11.99	2.0	-1.70	90.00	0.016	0.00e+00	3.76e-04
4565	09/07/2008	04:00	1.20	150.0	1.00	13.00	98.7	0.11	10.99	1.0	-2.67	90.00	0.021	0.00e+00	3.73e-04
4566	09/07/2008	05:00	1.00	180.0	1.00	13.20	343.7	0.12	12.60	2.0	3.21	-46.55	-0.022	1.16e-03	3.74e-04
4567	09/07/2008	06:00	1.00	0.0	1.00	15.70	543.3	0.19	11.37	1.0	59.08	-9.99	-0.261	3.42e-03	3.88e-04
4568	09/07/2008	07:00	1.00	360.0	1.00	17.90	773.8	0.20	11.46	1.0	115.66	-6.42	-0.477	5.33e-03	3.99e-04
4569	09/07/2008	08:00	2.00	20.0	1.32	20.00	1022.6	0.33	8.12	1.0	166.43	-18.77	-0.428	6.85e-03	4.11e-04
4570	09/07/2008	09:00	1.90	70.0	1.25	20.90	1266.5	0.32	8.36	1.0	209.66	-14.44	-0.547	7.96e-03	4.16e-04
4571	09/07/2008	10:00	1.50	330.0	1.00	22.70	1498.9	0.28	9.43	2.0	242.27	-8.34	-0.727	8.62e-03	4.26e-04
4572	09/07/2008	11:00	2.00	360.0	1.31	23.00	1715.5	0.34	8.17	1.0	261.24	-13.71	-0.648	9.06e-03	4.27e-04
4573	09/07/2008	12:00	1.60	360.0	1.04	24.30	1911.0	0.30	9.14	1.0	266.34	-8.84	-0.764	9.17e-03	4.34e-04
4574	09/07/2008	13:00	1.40	360.0	1.00	24.70	2083.4	0.27	9.78	1.0	258.76	-7.03	-0.810	9.06e-03	4.37e-04
4575	09/07/2008	14:00	1.70	60.0	1.11	25.50	2230.6	0.31	8.86	1.0	237.29	-10.71	-0.666	8.68e-03	4.41e-04
4576	09/07/2008	15:00	2.10	340.0	1.38	25.90	2350.7	0.35	7.95	1.0	204.52	-17.90	-0.509	7.96e-03	4.43e-04
4577	09/07/2008	16:00	2.10	60.0	1.38	26.00	2442.0	0.34	7.92	1.0	162.36	-21.07	-0.413	6.85e-03	4.44e-04
4578	09/07/2008	17:00	1.90	60.0	1.26	26.30	2503.8	0.31	8.30	1.0	113.34	-22.25	-0.320	5.33e-03	4.46e-04
4579	09/07/2008	18:00	2.20	60.0	1.29	25.90	2536.5	0.29	8.20	1.0	60.77	-35.95	-0.180	3.42e-03	4.43e-04
4580	09/07/2008	19:00	2.50	90.0	1.39	24.60	2540.6	0.27	7.83	1.0	7.21	-238.49	-0.023	1.17e-03	4.36e-04
4581	09/07/2008	20:00	2.10	120.0	1.16	21.90	135.2	0.18	8.40	1.0	-11.07	90.00	0.052	0.00e+00	4.21e-04
4582	09/07/2008	21:00	1.00	200.0	1.00	20.30	88.9	0.09	11.99	1.0	-1.70	90.00	0.016	0.00e+00	4.12e-04
4583	09/07/2008	22:00	1.00	150.0	1.00	19.30	88.9	0.09	11.99	2.0	-1.70	90.00	0.016	0.00e+00	4.07e-04
4584	09/07/2008	23:00	1.20	180.0	1.00	18.10	98.7	0.11	10.99	2.0	-2.67	90.00	0.021	0.00e+00	4.00e-04
4585	10/07/2008	00:00	1.20	160.0	1.00	17.30	98.7	0.11	10.99	2.0	-2.67	90.00	0.021	0.00e+00	3.96e-04
4586	10/07/2008	01:00	1.00	160.0	1.00	16.50	88.9	0.09	11.99	2.0	-1.70	90.00	0.016	0.00e+00	3.92e-04
4587	10/07/2008	02:00	1.30	160.0	1.00	15.50	103.3	0.11	10.58	2.0	-3.27	90.00	0.024	0.00e+00	3.87e-04
4588	10/07/2008	03:00	1.00	0.0	1.00	15.50	88.9	0.09	11.99	2.0	-1.70	90.00	0.016	0.00e+00	3.87e-04
4589	10/07/2008	04:00	1.20	160.0	1.00	14.70	98.7	0.11	10.99	2.0	-2.67	90.00	0.021	0.00e+00	3.82e-04
4590	10/07/2008	05:00	1.00	180.0	1.00	15.10	314.4	0.11	12.35	1.0	0.55	-206.46	-0.004	1.14e-03	3.84e-04
4591	10/07/2008	06:00	1.60	180.0	1.04	18.30	720.1	0.25	9.15	1.0	58.75	-23.40	-0.197	3.40e-03	4.02e-04
4592	10/07/2008	07:00	1.90	190.0	1.26	20.30	910.0	0.31	8.30	1.0	114.28	-22.12	-0.316	5.32e-03	4.12e-04
4593	10/07/2008	08:00	1.00	170.0	1.00	22.40	1120.2	0.21	11.50	0.0	161.30	-5.17	-0.649	6.85e-03	4.24e-04
4594	10/07/2008	09:00	1.00	130.0	1.00	24.80	1339.5	0.22	11.53	0.0	202.36	-4.48	-0.799	7.96e-03	4.37e-04
4595	10/07/2008	10:00	1.00	10.0	1.00	26.20	1557.5	0.22	11.55	1.0	236.18	-4.06	-0.920	8.67e-03	4.45e-04
4596	10/07/2008	11:00	1.30	300.0	1.00	27.80	1763.8	0.26	10.14	1.0	254.49	-6.20	-0.844	9.05e-03	4.54e-04
4597	10/07/2008	12:00	2.20	190.0	1.44	28.70	1954.0	0.37	7.78	1.0	260.26	-16.58	-0.619	9.17e-03	4.59e-04
4598	10/07/2008	13:00	2.00	190.0	1.31	29.50	2122.4	0.34	8.16	1.0	252.63	-14.03	-0.643	9.05e-03	4.64e-04
4599	10/07/2008	14:00	2.30	190.0	1.51	30.10	2267.0	0.37	7.60	1.0	232.36	-19.62	-0.545	8.67e-03	4.67e-04
4600	10/07/2008	15:00	3.20	160.0	2.05	30.70	2386.6	0.45	6.50	1.0	200.73	-41.40	-0.386	7.95e-03	4.71e-04
4601	10/07/2008	16:00	3.40	180.0	2.06	30.80	2478.1	0.45	6.48	1.0	160.11	-49.51	-0.313	6.84e-03	4.71e-04
4602	10/07/2008	17:00	2.70	180.0	1.66	30.20	2540.2	0.37	7.22	1.0	112.84	-39.73	-0.266	5.32e-03	4.68e-04
4603	10/07/2008	18:00	3.00	160.0	1.67	29.70	2573.9	0.35	7.19	1.0	61.71	-63.05	-0.152	3.40e-03	4.65e-04
4604	10/07/2008	19:00	2.30	140.0	1.28	27.90	2579.0	0.25	8.19	1.0	9.16	-154.00	-0.032	1.14e-03	4.55e-04
4605	10/07/2008	20:00	2.50	130.0	1.37	25.10	148.8	0.21	7.72	2.0	-17.35	90.00	0.070	0.00e+00	4.39e-04
4606	10/07/2008	21:00	2.70	210.0	1.47	25.60	155.2	0.23	7.44	2.0	-21.18	90.00	0.079	0.00e+00	4.42e-04
4607	10/07/2008	22:00	4.70	190.0	2.60	25.10	291.0	0.44	5.64	2.0	-44.35	166.07	0.087	0.00e+00	4.39e-04
4608	10/07/2008	23:00	4.10	180.0	2.25	24.00	223.6	0.36	6.04	2.0	-37.10	114.92	0.087	0.00e+00	4.33e-04
4609	11/07/2008	00:00	3.10	190.0	1.68	22.90	167.3	0.26	6.96	3.0	-25.79	90.00	0.084	0.00e+00	4.27e-04
4610	11/07/2008	01:00	1.60	240.0	1.00	22.40	116.2	0.14	9.57	3.0	-5.52	90.00	0.034	0.00e+00	4.24e-04
4611	11/07/2008	02:00	1.70	160.0	1.00	21.20	120.2	0.15	9.30	3.0	-6.45	90.00	0.037	0.00e+00	4.17e-04
4612	11/07/2008	03:00	2.80	190.0	1.52	21.70	158.3	0.24	7.31	3.0	-23.28	90.00	0.083	0.00e+00	4.20e-04
4613	11/07/2008	04:00	2.70	170.0	1.47	21.20	155.2	0.23	7.44	3.0	-21.18	90.00	0.078	0.00e+00	4.17e-04
4614	11/07/2008	05:00	3.20	170.0	1.78	21.00	978.3	0.34	6.91	3.0	9.13	-377.49	-0.023	1.09e-03	4.16e-04
4615	11/07/2008	06:00	2.50	180.0	1.42	21.70	1063.8	0.31	7.80	3.0	62.78	-43.53	-0.170	3.29e-03	4.20e-04
4616	11/07/2008	07:00	4.30	210.0	2.37	23.50	1362.8	0.47	6.01	7.0	69.11	-134.82	-0.125	2.78e-03	4.30e-04
4617	11/07/2008	08:00	3.20	240.0	1.82	24.50	1457.4	0.39	6.89	7.0	95.33	-55.13	-0.209	3.58e-03	4.35e-04
4618	11/07/2008	09:00	3.50	210.0	2.18	25.30	1634.6	0.47	6.30	4.0	197.71	-47.97	-0.358	7.38e-03	4.40e-04
4619	11/07/2008	10:00	7.00	180.0	3.88	27.20	2197.3	0.76	4.70	3.0	234.09	-166.82	-0.266	8.44e-03	4.51e-04
4620	11/07/2008	11:00	7.90	190.0	4.36	27.50	2444.2	0.85	4.42	3.0	253.34	-212.17	-0.259	8.81e-03	4.52e-04
4621	11/07/2008	12:00	9.20	200.0	5.07	27.60	2794.8	0.97	4.10	4.0	250.61	-320.65	-0.224	8.52e-03	4.53e-04
4622	11/07/2008	13:00	7.60	190.0	4.19	26.20	2873.7	0.80	4.51	7.0	144.94	-314.16	-0.156	4.74e-03	4.45e-04
4623	11/07/2008	14:00	3.60	300.0	2.00	23.50	2881.0	0.38	6.52	8.0	13.68	-358.47	-0.031	2.17e-03	4.30e-04
4624	11/07/2008	15:00	7.60	320.0	4.23	21.20	2895.9	0.78	4.47	8.0	12.09	-3498.15	-0.013	1.99e-03	4.17e-04
4625	11/07/2008	16:00	2.50	310.0	1.39	20.60	2899.5	0.27	7.83	8.0	7.41	-232.56	-0.023	1.71e-03	4.14e-04
4626	11/07/2008	17:00	1.60	40.0	1.00	21.80	2900.0	0.17	9.72	8.0	0.83	-521.19	-0.004	1.33e-03	4.21e-04
4627	11/07/2008	18:00	5.50	350.0	3.08	20.70	1008.1	0.56	5.23	8.0	-5.15	3098.80	0.008	8.45e-04	4.15e-04
4628	11/07/2008	19:00	2.90	10.0	1.66	19.50	224.2	0.28	7.05	8.0	-11.69	164.36	0.035	2.79e-04	4.08e-04
4629	11/07/2008	20:00	1.70	10.0	1.00	19.00	120.2	0.15	9.30	8.0	-6.45	90.00	0.037	0.00e+00	4.05e-04
4630	11/07/2008	21:00	1.00	40.0	1.00	19.10	88.9	0.09	11.99	8.0	-1.70	90.00	0.016	0.00e+00	4.06e-04
4631	11/07/2008	22:00	1.50	110.0	1.00	18.80	112.0	0.13	9.88	8.0	-4.69	90.00	0.030	0.00e+00	4.04e-04
4632	11/07/2008	23:00	1.00	10.0	1.00	18.50	88.9	0.09	11.99	8.0	-1.70	90.00	0.016	0.00e+00	4.03e-04
4633	12/07/2008	00:00	1.00	330.0	1.00	18.60	88.9	0.09	11.99	8.0	-1.70	90.00	0.016	0.00e+00	4.03e-04
4634	12/07/2008	01:00	1.00	320.0	1.00	18.60	88.9	0.09	11.99	8.0	-1.70	90.00	0.016	0.00e+00	4.03e-04
4635	12/07/2008	02:00	1.00	0.0	1.00	18.30	88.9	0.09	11.99	8.0	-1.70	90.00	0.016	0.00e+00	4.02e-04
4636	12/07/2008	03:00	1.00	360.0	1.00	18.30	88.9	0.09	11.99	8.0	-1.70	90.00	0.016	0.00e+00	4.02e-04
4637	12/07/2008	04:00	1.80	40.0	1.00	18.00	124.1	0.16	9.05	8.0	-7.46	90.00	0.040	0.00e+00	4.00e-04
4638	12/07/2008	05:00	1.00	10.0	1.00	17.60	88.9	0.09	11.99	8.0	-1.70	90.00	0.016	2.72e-04	3.98e-04
4639	12/07/2008	06:00	2.20	20.0	1.21	17.30	729.2	0.25	8.44	8.0	19.91	-71.68	-0.066	8.40e-04	3.96e-04
4640	12/07/2008	07:00	2.90	360.0	1.60	17.40	944.2	0.33	7.34	8.0	34.18	-90.63	-0.087	1.32e-03	3.97e-04
4641	12/07/2008	08:00	2.30	20.0	1.29	18.30	1011.4	0.29	8.18	8.0	47.62	-43.14	-0.140	1.71e-03	4.02e-04
4642	12/07/2008	09:00	3.50	10.0	2.00	19.10	1233.5	0.43	6.57	7.0	119.24	-57.93	-0.235	4.16e-03	4.06e-04
4643	12/07/2008	10:00	3.30	360.0	2.12	20.10	1452.5	0.47	6.39	5.0	216.05	-42.12	-0.389	7.35e-03	4.11e-04
4644	12/07/2008	11:00	3.30	340.0	2.09	21.30	1628.3	0.46	6.43	6.0	198.88	-43.67	-0.365	6.50e-03	4.18e-04
4645	12/07/2008	12:00	2.20	30.0	1.44	22.20	1787.0	0.36	7.76	6.0	203.10	-19.74	-0.484	6.58e-03	4.23e-04
4646	12/07/2008	13:00	3.20	10.0	1.95	22.00	1895.4	0.43	6.66	7.0	146.75	-46.63	-0.293	4.74e-03	4.22e-04
4647	12/07/2008	14:00	2.20	60.0	1.45	21.70	1988.9	0.34	7.73	7.0	135.86	-26.33	-0.336	4.54e-03	4.20e-04
4648	12/07/2008	15:00	2.40	10.0	1.33	20.20	1998.2	0.26	8.04	8.0	12.91	-127.45	-0.041	1.98e-03	4.12e-04
4649	12/07/2008	16:00	1.00	60.0	1.00	19.90	2028.4	0.18	11.34	6.0	46.51	-11.74	-0.214	4.90e-03	4.10e-04
4650	12/07/2008	17:00	1.90	100.0	1.25	20.30	2087.3	0.30	8.33	6.0	91.26	-25.39	-0.260	3.80e-03	4.12e-04
4651	12/07/2008	18:00	2.10	140.0	1.18	19.70	2112.2	0.26	8.58	7.0	39.27	-40.39	-0.126	1.76e-03	4.09e-04
4652	12/07/2008	19:00	1.70	170.0	1.00	19.00	2119.3	0.20	9.62	6.0	10.94	-62.24	-0.047	7.82e-04	4.05e-04
4653	12/07/2008	20:00	1.40	240.0	1.00	18.80	107.7	0.12	10.21	7.0	-3.94	90.00	0.027	0.00e+00	4.04e-04
4654	12/07/2008	21:00	1.00	0.0	1.00	18.50	88.9	0.09	11.99	8.0	-1.70	90.00	0.016	0.00e+00	4.03e-04
4655	12/07/2008	22:00	1.20	160.0	1.00	18.20	98.7	0.11	10.99	7.0	-2.67	90.00	0.021	0.00e+00	4.01e-04
4656	12/07/2008	23:00	1.00	0.0	1.00	18.00	88.9	0.09	11.99	8.0	-1.70	90.00	0.016	0.00e+00	4.00e-04
4657	13/07/2008	00:00	2.30	350.0	1.26	18.00	142.1	0.20	8.04	8.0	-10.58	90.00	0.045	0.00e+00	4.00e-04
4658	13/07/2008	01:00	3.30	330.0	1.82	16.20	198.7	0.29	6.71	7.0	-19.65	115.10	0.056	0.00e+00	3.90e-04
4659	13/07/2008	02:00	2.50	350.0	1.37	15.60	148.8	0.21	7.72	7.0	-14.27	90.00	0.056	0.00e+00	3.87e-04
4660	13/07/2008	03:00	3.20	350.0	1.79	15.20	218.2	0.30	6.80	8.0	-16.02	142.50	0.045	0.00e+00	3.85e-04
4661	13/07/2008	04:00	1.30	360.0	1.00	14.90	103.3	0.11	10.58	8.0	-3.27	90.00	0.024	0.00e+00	3.83e-04
4662	13/07/2008	05:00	1.00	0.0	1.00	15.00	88.9	0.09	11.99	8.0	-1.70	90.00	0.016	2.65e-04	3.84e-04
4663	13/07/2008	06:00	1.00	0.0	1.00	15.30	88.9	0.09	11.99	8.0	-1.70	90.00	0.016	8.34e-04	3.86e-04
4664	13/07/2008	07:00	1.00	350.0	1.00	16.30	552.0	0.19	11.39	7.0	68.15	-9.08	-0.297	2.76e-03	3.91e-04
4665	13/07/2008	08:00	3.80	300.0	2.12	17.10	1267.0	0.44	6.38	7.0	96.01	-77.97	-0.183	3.57e-03	3.95e-04
4666	13/07/2008	09:00	2.80	20.0	1.55	15.70	1320.2	0.33	7.46	7.0	50.27	-62.46	-0.127	4.15e-03	3.88e-04
4667	13/07/2008	10:00	3.00	360.0	1.85	17.90	1454.5	0.41	6.85	7.0	137.79	-43.32	-0.284	4.53e-03	3.99e-04
4668	13/07/2008	11:00	3.60	350.0	2.28	19.00	1659.3	0.50	6.15	5.0	235.53	-46.73	-0.397	7.67e-03	4.05e-04
4669	13/07/2008	12:00	3.40	360.0	2.04	19.20	1779.2	0.44	6.51	7.0	152.19	-50.35	-0.289	4.80e-03	4.06e-04
4670	13/07/2008	13:00	2.10	10.0	1.39	20.30	1886.1	0.33	7.92	7.0	147.59	-22.56	-0.372	4.74e-03	4.12e-04
4671	13/07/2008	14:00	2.50	40.0	1.62	21.00	1980.3	0.37	7.31	7.0	136.01	-33.00	-0.311	4.53e-03	4.16e-04
4672	13/07/2008	15:00	6.00	360.0	3.31	19.80	2067.5	0.64	5.08	7.0	118.73	-199.67	-0.155	4.15e-03	4.10e-04
4673	13/07/2008	16:00	4.80	330.0	2.66	16.30	2094.8	0.51	5.66	7.0	36.26	-320.14	-0.059	3.57e-03	3.91e-04
4674	13/07/2008	17:00	2.50	30.0	1.38	17.60	2108.0	0.28	7.90	7.0	19.98	-97.60	-0.060	2.76e-03	3.98e-04
4675	13/07/2008	18:00	3.90	10.0	2.16	16.80	2133.9	0.42	6.30	7.0	38.14	-174.86	-0.075	1.75e-03	3.94e-04
4676	13/07/2008	19:00	5.10	350.0	2.84	16.70	2143.9	0.53	5.46	7.0	8.08	-1612.37	-0.013	5.56e-04	3.93e-04
4677	13/07/2008	20:00	4.70	340.0	2.63	16.00	372.5	0.46	5.63	7.0	-30.56	277.87	0.056	0.00e+00	3.89e-04
4678	13/07/2008	21:00	2.80	310.0	1.52	14.70	158.3	0.24	7.31	7.0	-15.97	90.00	0.056	0.00e+00	3.82e-04
4679	13/07/2008	22:00	2.10	340.0	1.16	14.70	135.2	0.18	8.40	6.0	-11.07	90.00	0.051	0.00e+00	3.82e-04
4680	13/07/2008	23:00	3.30	340.0	1.79	14.70	173.0	0.28	6.76	6.0	-21.79	90.00	0.065	0.00e+00	3.82e-04
4681	14/07/2008	00:00	1.90	340.0	1.05	14.10	127.9	0.16	8.82	6.0	-8.56	90.00	0.043	0.00e+00	3.79e-04
4682	14/07/2008	01:00	2.20	300.0	1.21	13.70	138.7	0.19	8.21	6.0	-12.48	90.00	0.055	0.00e+00	3.77e-04
4683	14/07/2008	02:00	2.50	310.0	1.37	13.30	148.8	0.21	7.72	6.0	-16.75	90.00	0.065	0.00e+00	3.75e-04
4684	14/07/2008	03:00	1.50	340.0	1.00	13.00	112.0	0.13	9.88	6.0	-4.69	90.00	0.030	0.00e+00	3.73e-04
4685	14/07/2008	04:00	3.40	320.0	1.85	13.20	181.8	0.29	6.65	6.0	-22.84	95.47	0.065	0.00e+00	3.74e-04
4686	14/07/2008	05:00	1.20	330.0	1.00	12.80	409.0	0.14	11.49	4.0	4.93	-51.10	-0.029	9.59e-04	3.72e-04
4687	14/07/2008	06:00	2.50	340.0	1.42	13.90	900.0	0.31	7.81	3.0	60.54	-44.32	-0.160	3.23e-03	3.78e-04
4688	14/07/2008	07:00	3.60	350.0	2.04	15.10	1251.7	0.43	6.50	3.0	117.24	-61.57	-0.224	5.12e-03	3.84e-04
4689	14/07/2008	08:00	5.60	350.0	3.11	16.80	1791.8	0.62	5.25	3.0	168.41	-125.74	-0.226	6.62e-03	3.94e-04
4690	14/07/2008	09:00	5.20	350.0	2.93	18.40	1949.3	0.60	5.41	2.0	212.46	-90.33	-0.297	7.87e-03	4.02e-04
4691	14/07/2008	10:00	5.80	10.0	3.26	19.50	2117.6	0.66	5.13	2.0	245.17	-103.82	-0.313	8.59e-03	4.08e-04
4692	14/07/2008	11:00	6.30	20.0	3.52	20.10	2285.3	0.71	4.93	3.0	262.98	-118.79	-0.314	8.79e-03	4.11e-04
4693	14/07/2008	12:00	6.40	10.0	3.57	20.70	2439.6	0.71	4.90	4.0	259.27	-124.38	-0.307	8.50e-03	4.15e-04
4694	14/07/2008	13:00	6.90	20.0	3.83	21.50	2582.2	0.76	4.73	4.0	251.27	-152.15	-0.282	8.39e-03	4.19e-04
4695	14/07/2008	14:00	6.10	350.0	3.41	20.90	2709.8	0.68	5.02	2.0	243.05	-116.79	-0.300	8.59e-03	4.16e-04
4696	14/07/2008	15:00	6.50	350.0	3.60	22.20	2816.5	0.71	4.88	2.0	207.88	-152.87	-0.249	7.87e-03	4.23e-04
4697	14/07/2008	16:00	5.90	360.0	3.27	22.20	2897.6	0.65	5.12	2.0	164.48	-145.41	-0.216	6.75e-03	4.23e-04
4698	14/07/2008	17:00	5.90	10.0	3.26	22.40	2953.7	0.63	5.12	2.0	113.88	-198.17	-0.153	5.22e-03	4.24e-04
4699	14/07/2008	18:00	5.50	360.0	3.04	21.80	2983.8	0.58	5.29	2.0	59.62	-293.70	-0.087	3.29e-03	4.21e-04
4700	14/07/2008	19:00	3.80	360.0	2.12	20.60	2986.9	0.40	6.32	2.0	4.39	-1244.77	-0.009	1.03e-03	4.14e-04
4701	14/07/2008	20:00	3.00	350.0	1.63	19.10	164.3	0.25	7.07	1.0	-27.02	90.00	0.089	0.00e+00	4.06e-04
4702	14/07/2008	21:00	2.70	350.0	1.47	18.30	155.2	0.23	7.44	1.0	-21.18	90.00	0.077	0.00e+00	4.02e-04
4703	14/07/2008	22:00	3.20	340.0	1.73	17.40	170.2	0.27	6.86	1.0	-28.92	90.00	0.089	0.00e+00	3.97e-04
4704	14/07/2008	23:00	3.80	340.0	2.05	16.60	186.7	0.32	6.31	1.0	-34.24	90.00	0.089	0.00e+00	3.92e-04
4705	15/07/2008	00:00	3.30	340.0	1.79	16.30	173.0	0.28	6.76	1.0	-29.91	90.00	0.089	0.00e+00	3.91e-04
4706	15/07/2008	01:00	3.00	340.0	1.63	15.40	164.3	0.25	7.07	0.0	-27.58	90.00	0.090	0.00e+00	3.86e-04
4707	15/07/2008	02:00	2.90	350.0	1.58	15.30	161.3	0.25	7.19	0.0	-25.51	90.00	0.086	0.00e+00	3.86e-04
4708	15/07/2008	03:00	2.50	350.0	1.37	14.10	148.8	0.21	7.72	0.0	-17.35	90.00	0.067	0.00e+00	3.79e-04
4709	15/07/2008	04:00	1.00	0.0	1.00	13.60	88.9	0.09	11.99	0.0	-1.70	90.00	0.016	0.00e+00	3.77e-04
4710	15/07/2008	05:00	1.00	0.0	1.00	13.20	88.9	0.09	11.99	0.0	-1.70	90.00	0.016	1.00e-03	3.74e-04
4711	15/07/2008	06:00	2.10	330.0	1.22	16.20	794.9	0.28	8.44	0.0	52.46	-35.25	-0.159	3.29e-03	3.90e-04
4712	15/07/2008	07:00	1.70	330.0	1.13	17.50	961.1	0.28	8.78	0.0	109.66	-18.22	-0.325	5.24e-03	3.97e-04
4713	15/07/2008	08:00	1.80	350.0	1.19	18.80	1163.0	0.31	8.56	0.0	161.70	-15.55	-0.445	6.78e-03	4.04e-04
4714	15/07/2008	09:00	2.60	360.0	1.71	20.20	1382.7	0.40	7.13	1.0	208.05	-27.27	-0.439	7.90e-03	4.12e-04
4715	15/07/2008	10:00	4.00	350.0	2.46	22.30	1604.1	0.53	5.92	1.0	239.19	-54.84	-0.384	8.63e-03	4.23e-04
4716	15/07/2008	11:00	4.70	360.0	2.78	23.10	1815.1	0.58	5.56	1.0	259.04	-68.25	-0.378	9.02e-03	4.28e-04
4717	15/07/2008	12:00	4.30	350.0	2.63	23.90	2006.2	0.56	5.72	1.0	264.95	-59.02	-0.404	9.14e-03	4.32e-04
4718	15/07/2008	13:00	4.10	360.0	2.53	24.40	2173.5	0.54	5.84	0.0	254.37	-55.66	-0.401	9.03e-03	4.35e-04
4719	15/07/2008	14:00	4.00	360.0	2.45	25.10	2315.8	0.53	5.93	0.0	232.83	-55.39	-0.380	8.64e-03	4.39e-04
4720	15/07/2008	15:00	3.60	10.0	2.23	25.20	2431.0	0.48	6.23	0.0	200.00	-49.87	-0.356	7.91e-03	4.39e-04
4721	15/07/2008	16:00	4.10	350.0	2.34	25.40	2518.7	0.49	6.07	0.0	157.26	-67.22	-0.274	6.78e-03	4.41e-04
4722	15/07/2008	17:00	3.40	360.0	1.93	25.30	2576.5	0.41	6.68	0.0	107.70	-57.87	-0.224	5.24e-03	4.40e-04
4723	15/07/2008	18:00	4.20	350.0	2.32	24.80	2606.6	0.46	6.08	0.0	54.30	-155.84	-0.102	3.29e-03	4.37e-04
4724	15/07/2008	19:00	2.70	360.0	1.52	23.70	805.7	0.28	7.47	0.0	-0.01	212079.30	0.000	1.00e-03	4.31e-04
4725	15/07/2008	20:00	2.00	10.0	1.10	22.20	131.6	0.17	8.60	0.0	-9.77	90.00	0.048	0.00e+00	4.23e-04
4726	15/07/2008	21:00	1.80	360.0	1.00	20.90	124.1	0.16	9.05	0.0	-7.46	90.00	0.041	0.00e+00	4.16e-04
4727	15/07/2008	22:00	1.30	270.0	1.00	19.70	103.3	0.11	10.58	0.0	-3.27	90.00	0.024	0.00e+00	4.09e-04
4728	15/07/2008	23:00	1.00	230.0	1.00	18.00	88.9	0.09	11.99	0.0	-1.70	90.00	0.016	0.00e+00	4.00e-04
4729	16/07/2008	00:00	1.50	200.0	1.00	17.00	112.0	0.13	9.88	0.0	-4.69	90.00	0.030	0.00e+00	3.95e-04
4730	16/07/2008	01:00	1.90	210.0	1.05	16.10	127.9	0.16	8.82	0.0	-8.56	90.00	0.043	0.00e+00	3.90e-04
4731	16/07/2008	02:00	1.00	140.0	1.00	15.00	88.9	0.09	11.99	0.0	-1.70	90.00	0.016	0.00e+00	3.84e-04
4732	16/07/2008	03:00	1.00	170.0	1.00	14.30	88.9	0.09	11.99	0.0	-1.70	90.00	0.016	0.00e+00	3.80e-04
4733	16/07/2008	04:00	1.00	170.0	1.00	13.80	88.9	0.09	11.99	0.0	-1.70	90.00	0.016	0.00e+00	3.78e-04
4734	16/07/2008	05:00	1.10	180.0	1.00	14.10	93.9	0.10	11.46	1.0	-2.15	90.00	0.018	9.69e-04	3.79e-04
4735	16/07/2008	06:00	1.20	190.0	1.00	16.90	605.6	0.21	10.37	1.0	54.99	-14.87	-0.219	3.26e-03	3.94e-04
4736	16/07/2008	07:00	1.00	0.0	1.00	19.20	812.6	0.20	11.46	1.0	111.47	-6.57	-0.464	5.22e-03	4.06e-04
4737	16/07/2008	08:00	1.00	340.0	1.00	21.90	1043.1	0.21	11.50	1.0	161.75	-5.17	-0.650	6.77e-03	4.21e-04
4738	16/07/2008	09:00	1.50	40.0	1.00	24.10	1277.5	0.28	9.42	1.0	203.38	-9.37	-0.625	7.89e-03	4.33e-04
4739	16/07/2008	10:00	2.80	350.0	1.83	24.30	1508.4	0.43	6.88	1.0	236.17	-28.99	-0.474	8.62e-03	4.34e-04
4740	16/07/2008	11:00	2.70	60.0	1.76	25.40	1723.0	0.42	7.02	1.0	255.40	-25.40	-0.524	9.02e-03	4.41e-04
4741	16/07/2008	12:00	2.00	20.0	1.31	26.50	1916.1	0.34	8.17	1.0	260.92	-13.73	-0.655	9.14e-03	4.47e-04
4742	16/07/2008	13:00	3.10	20.0	2.02	26.70	2089.2	0.46	6.54	1.0	253.73	-34.04	-0.476	9.02e-03	4.48e-04
4743	16/07/2008	14:00	3.40	20.0	2.18	27.60	2236.9	0.48	6.29	1.0	232.48	-42.78	-0.417	8.62e-03	4.53e-04
4744	16/07/2008	15:00	3.70	350.0	2.27	27.60	2358.3	0.49	6.17	2.0	201.97	-51.80	-0.356	7.85e-03	4.53e-04
4745	16/07/2008	16:00	3.40	350.0	2.06	28.20	2450.1	0.45	6.48	2.0	160.14	-49.50	-0.310	6.72e-03	4.56e-04
4746	16/07/2008	17:00	3.20	20.0	1.86	27.30	2512.3	0.40	6.82	3.0	112.42	-51.03	-0.242	5.08e-03	4.51e-04
4747	16/07/2008	18:00	4.30	10.0	2.37	26.90	2547.2	0.47	6.01	3.0	61.25	-149.30	-0.113	3.18e-03	4.49e-04
4748	16/07/2008	19:00	3.30	20.0	1.84	25.50	2553.1	0.35	6.80	3.0	9.01	-416.31	-0.022	9.44e-04	4.41e-04
4749	16/07/2008	20:00	1.90	360.0	1.05	24.00	127.9	0.16	8.82	4.0	-8.56	90.00	0.045	0.00e+00	4.33e-04
4750	16/07/2008	21:00	3.50	360.0	1.89	23.10	178.6	0.30	6.57	4.0	-27.27	90.00	0.079	0.00e+00	4.28e-04
4751	16/07/2008	22:00	1.00	70.0	1.00	21.80	88.9	0.09	11.99	4.0	-1.70	90.00	0.016	0.00e+00	4.21e-04
4752	16/07/2008	23:00	1.80	320.0	1.00	21.70	124.1	0.16	9.05	5.0	-7.46	90.00	0.041	0.00e+00	4.20e-04
4753	17/07/2008	00:00	1.00	0.0	1.00	20.70	88.9	0.09	11.99	5.0	-1.70	90.00	0.016	0.00e+00	4.15e-04
4754	17/07/2008	01:00	1.00	0.0	1.00	20.50	88.9	0.09	11.99	5.0	-1.70	90.00	0.016	0.00e+00	4.13e-04
4755	17/07/2008	02:00	1.80	260.0	1.00	21.00	124.1	0.16	9.05	6.0	-7.46	90.00	0.041	0.00e+00	4.16e-04
4756	17/07/2008	03:00	2.50	300.0	1.37	20.90	148.8	0.21	7.72	6.0	-16.32	90.00	0.065	0.00e+00	4.16e-04
4757	17/07/2008	04:00	2.20	330.0	1.21	19.40	138.7	0.19	8.21	6.0	-12.48	90.00	0.056	0.00e+00	4.07e-04
4758	17/07/2008	05:00	2.30	340.0	1.28	19.60	723.4	0.25	8.18	7.0	8.22	-169.54	-0.028	4.90e-04	4.09e-04
4759	17/07/2008	06:00	1.70	360.0	1.00	20.20	792.1	0.23	9.35	7.0	37.79	-28.86	-0.138	1.70e-03	4.12e-04
4760	17/07/2008	07:00	2.70	20.0	1.53	19.30	958.8	0.33	7.53	7.0	66.94	-48.46	-0.170	2.72e-03	4.07e-04
4761	17/07/2008	08:00	1.80	350.0	1.20	20.60	1083.1	0.29	8.52	7.0	94.16	-22.68	-0.275	3.54e-03	4.14e-04
4762	17/07/2008	09:00	3.80	340.0	2.14	21.50	1296.6	0.45	6.35	7.0	117.14	-68.50	-0.221	4.13e-03	4.19e-04
4763	17/07/2008	10:00	3.40	330.0	2.00	21.60	1433.2	0.43	6.58	7.0	134.82	-52.44	-0.266	4.51e-03	4.19e-04
4764	17/07/2008	11:00	3.00	340.0	1.86	21.30	1566.0	0.41	6.81	7.0	146.14	-42.45	-0.300	4.72e-03	4.18e-04
4765	17/07/2008	12:00	3.10	340.0	1.91	21.30	1691.3	0.42	6.72	7.0	149.94	-44.17	-0.302	4.78e-03	4.18e-04
4766	17/07/2008	13:00	1.60	40.0	1.05	23.40	1838.5	0.29	9.11	6.0	195.40	-10.88	-0.578	6.47e-03	4.29e-04
4767	17/07/2008	14:00	1.20	330.0	1.00	22.50	1932.7	0.23	10.48	7.0	134.41	-8.13	-0.495	4.51e-03	4.24e-04
4768	17/07/2008	15:00	3.60	260.0	2.04	21.40	2014.0	0.43	6.50	7.0	117.18	-61.59	-0.229	4.13e-03	4.18e-04
4769	17/07/2008	16:00	1.10	260.0	1.00	22.90	2094.8	0.22	10.94	6.0	125.48	-7.24	-0.492	4.85e-03	4.27e-04
4770	17/07/2008	17:00	1.00	210.0	1.00	22.60	2150.3	0.20	11.43	6.0	89.05	-7.61	-0.385	3.73e-03	4.25e-04
4771	17/07/2008	18:00	2.20	40.0	1.23	18.80	2152.7	0.23	8.32	7.0	3.44	-332.30	-0.012	1.70e-03	4.04e-04
4772	17/07/2008	19:00	1.40	140.0	1.00	18.90	107.7	0.12	10.21	7.0	-3.94	90.00	0.027	4.90e-04	4.05e-04
4773	17/07/2008	20:00	1.10	210.0	1.00	18.80	93.9	0.10	11.46	6.0	-2.15	90.00	0.019	0.00e+00	4.04e-04
4774	17/07/2008	21:00	1.00	0.0	1.00	18.70	88.9	0.09	11.99	6.0	-1.70	90.00	0.016	0.00e+00	4.04e-04
4775	17/07/2008	22:00	1.00	250.0	1.00	18.40	88.9	0.09	11.99	6.0	-1.70	90.00	0.016	0.00e+00	4.02e-04
4776	17/07/2008	23:00	1.00	0.0	1.00	17.90	88.9	0.09	11.99	5.0	-1.70	90.00	0.016	0.00e+00	3.99e-04
4777	18/07/2008	00:00	1.00	0.0	1.00	17.70	88.9	0.09	11.99	5.0	-1.70	90.00	0.016	0.00e+00	3.98e-04
4778	18/07/2008	01:00	1.40	310.0	1.00	16.50	107.7	0.12	10.21	5.0	-3.94	90.00	0.027	0.00e+00	3.92e-04
4779	18/07/2008	02:00	2.40	310.0	1.31	17.20	145.5	0.21	7.88	4.0	-15.61	90.00	0.064	0.00e+00	3.96e-04
4780	18/07/2008	03:00	1.00	170.0	1.00	15.90	88.9	0.09	11.99	4.0	-1.70	90.00	0.016	0.00e+00	3.89e-04
4781	18/07/2008	04:00	1.00	0.0	1.00	15.60	88.9	0.09	11.99	3.0	-1.70	90.00	0.016	0.00e+00	3.87e-04
4782	18/07/2008	05:00	1.00	0.0	1.00	15.10	355.9	0.12	12.66	5.0	4.95	-33.55	-0.033	7.65e-04	3.84e-04
4783	18/07/2008	06:00	1.00	0.0	1.00	17.00	538.8	0.19	11.36	5.0	54.77	-10.51	-0.245	2.73e-03	3.95e-04
4784	18/07/2008	07:00	1.80	330.0	1.20	19.20	849.5	0.29	8.53	2.0	112.52	-20.05	-0.322	5.15e-03	4.06e-04
4785	18/07/2008	08:00	1.80	360.0	1.19	21.30	1073.9	0.30	8.56	1.0	161.08	-15.59	-0.447	6.74e-03	4.18e-04
4786	18/07/2008	09:00	3.20	360.0	2.05	22.50	1315.7	0.46	6.49	1.0	204.00	-41.10	-0.381	7.87e-03	4.24e-04
4787	18/07/2008	10:00	4.00	360.0	2.46	23.50	1545.5	0.53	5.92	1.0	236.27	-55.09	-0.382	8.61e-03	4.30e-04
4788	18/07/2008	11:00	3.60	340.0	2.31	23.70	1758.7	0.51	6.12	1.0	256.91	-44.92	-0.433	9.00e-03	4.31e-04
4789	18/07/2008	12:00	3.10	20.0	2.02	24.20	1951.0	0.46	6.55	1.0	263.29	-33.12	-0.488	9.12e-03	4.34e-04
4790	18/07/2008	13:00	4.00	350.0	2.49	24.70	2124.1	0.54	5.89	2.0	256.80	-53.35	-0.410	8.95e-03	4.37e-04
4791	18/07/2008	14:00	2.70	20.0	1.77	25.60	2268.9	0.42	7.01	2.0	235.16	-26.97	-0.487	8.55e-03	4.42e-04
4792	18/07/2008	15:00	2.80	50.0	1.83	25.80	2386.8	0.42	6.88	2.0	202.48	-32.38	-0.415	7.82e-03	4.43e-04
4793	18/07/2008	16:00	3.20	10.0	1.98	25.20	2476.7	0.43	6.61	2.0	160.51	-45.21	-0.317	6.69e-03	4.39e-04
4794	18/07/2008	17:00	3.10	30.0	1.81	25.00	2537.0	0.39	6.91	2.0	111.04	-48.78	-0.242	5.15e-03	4.38e-04
4795	18/07/2008	18:00	3.10	30.0	1.72	24.70	2568.2	0.36	7.08	2.0	57.75	-70.97	-0.138	3.19e-03	4.37e-04
4796	18/07/2008	19:00	2.70	30.0	1.51	23.10	2570.4	0.28	7.50	2.0	3.24	-623.86	-0.010	8.96e-04	4.28e-04
4797	18/07/2008	20:00	1.00	30.0	1.00	21.60	88.9	0.09	11.99	2.0	-1.70	90.00	0.016	0.00e+00	4.19e-04
4798	18/07/2008	21:00	1.00	0.0	1.00	20.40	88.9	0.09	11.99	2.0	-1.70	90.00	0.016	0.00e+00	4.13e-04
4799	18/07/2008	22:00	1.00	0.0	1.00	18.80	88.9	0.09	11.99	1.0	-1.70	90.00	0.016	0.00e+00	4.04e-04
4800	18/07/2008	23:00	1.10	160.0	1.00	17.60	93.9	0.10	11.46	1.0	-2.15	90.00	0.019	0.00e+00	3.98e-04
4801	19/07/2008	00:00	1.00	180.0	1.00	17.10	88.9	0.09	11.99	1.0	-1.70	90.00	0.016	0.00e+00	3.95e-04
4802	19/07/2008	01:00	1.10	190.0	1.00	16.40	93.9	0.10	11.46	1.0	-2.15	90.00	0.018	0.00e+00	3.91e-04
4803	19/07/2008	02:00	1.40	180.0	1.00	15.90	107.7	0.12	10.21	1.0	-3.94	90.00	0.027	0.00e+00	3.89e-04
4804	19/07/2008	03:00	1.00	180.0	1.00	15.10	88.9	0.09	11.99	1.0	-1.70	90.00	0.016	0.00e+00	3.84e-04
4805	19/07/2008	04:00	1.00	180.0	1.00	14.60	88.9	0.09	11.99	1.0	-1.70	90.00	0.016	0.00e+00	3.82e-04
4806	19/07/2008	05:00	1.00	190.0	1.00	14.90	88.9	0.09	11.99	1.0	-1.70	90.00	0.016	8.66e-04	3.83e-04
4807	19/07/2008	06:00	1.90	210.0	1.14	16.50	759.8	0.26	8.72	1.0	52.77	-30.59	-0.167	3.18e-03	3.92e-04
4808	19/07/2008	07:00	1.90	210.0	1.26	18.70	934.4	0.30	8.30	1.0	109.73	-22.77	-0.303	5.16e-03	4.04e-04
4809	19/07/2008	08:00	1.60	230.0	1.06	21.40	1140.5	0.28	9.09	1.0	160.42	-12.44	-0.481	6.72e-03	4.18e-04
4810	19/07/2008	09:00	1.00	160.0	1.00	23.40	1355.6	0.22	11.53	1.0	202.56	-4.47	-0.796	7.86e-03	4.29e-04
4811	19/07/2008	10:00	2.20	190.0	1.44	25.30	1568.7	0.36	7.77	0.0	230.83	-18.03	-0.549	8.60e-03	4.40e-04
4812	19/07/2008	11:00	1.10	180.0	1.00	26.70	1771.1	0.24	11.02	1.0	252.46	-4.61	-0.923	8.99e-03	4.48e-04
4813	19/07/2008	12:00	1.80	220.0	1.18	27.60	1957.9	0.32	8.61	1.0	258.30	-11.28	-0.698	9.11e-03	4.53e-04
4814	19/07/2008	13:00	2.90	150.0	1.89	28.00	2125.9	0.44	6.77	1.0	250.94	-29.83	-0.495	8.99e-03	4.55e-04
4815	19/07/2008	14:00	4.20	170.0	2.53	29.20	2271.9	0.54	5.84	1.0	229.65	-59.98	-0.371	8.60e-03	4.62e-04
4816	19/07/2008	15:00	4.20	180.0	2.46	29.70	2390.5	0.52	5.92	1.0	197.53	-63.28	-0.331	7.86e-03	4.65e-04
4817	19/07/2008	16:00	4.20	170.0	2.39	30.10	2480.6	0.50	6.01	1.0	156.11	-70.64	-0.273	6.72e-03	4.67e-04
4818	19/07/2008	17:00	4.80	180.0	2.66	30.00	2542.6	0.53	5.68	1.0	108.15	-122.77	-0.178	5.16e-03	4.67e-04
4819	19/07/2008	18:00	3.10	170.0	1.72	29.70	2573.6	0.36	7.09	1.0	56.50	-72.10	-0.137	3.18e-03	4.65e-04
4820	19/07/2008	19:00	2.60	190.0	1.45	28.00	2575.8	0.27	7.64	1.0	3.44	-529.59	-0.011	8.66e-04	4.55e-04
4821	19/07/2008	20:00	1.50	190.0	1.00	26.20	112.0	0.13	9.88	1.0	-4.69	90.00	0.031	0.00e+00	4.45e-04
4822	19/07/2008	21:00	2.10	330.0	1.16	25.30	135.2	0.18	8.40	1.0	-11.07	90.00	0.053	0.00e+00	4.40e-04
4823	19/07/2008	22:00	1.00	0.0	1.00	23.40	88.9	0.09	11.99	2.0	-1.70	90.00	0.016	0.00e+00	4.29e-04
4824	19/07/2008	23:00	1.20	160.0	1.00	22.00	98.7	0.11	10.99	2.0	-2.67	90.00	0.022	0.00e+00	4.22e-04
4825	20/07/2008	00:00	1.00	0.0	1.00	21.50	88.9	0.09	11.99	2.0	-1.70	90.00	0.016	0.00e+00	4.19e-04
4826	20/07/2008	01:00	1.00	180.0	1.00	20.50	88.9	0.09	11.99	2.0	-1.70	90.00	0.016	0.00e+00	4.13e-04
4827	20/07/2008	02:00	1.30	220.0	1.00	19.90	103.3	0.11	10.58	2.0	-3.27	90.00	0.024	0.00e+00	4.10e-04
4828	20/07/2008	03:00	1.00	230.0	1.00	19.30	88.9	0.09	11.99	2.0	-1.70	90.00	0.016	0.00e+00	4.07e-04
4829	20/07/2008	04:00	1.00	210.0	1.00	19.30	88.9	0.09	11.99	2.0	-1.70	90.00	0.016	0.00e+00	4.07e-04
4830	20/07/2008	05:00	1.00	0.0	1.00	19.00	88.9	0.09	11.99	2.0	-1.19	90.00	0.011	8.24e-04	4.05e-04
4831	20/07/2008	06:00	1.40	230.0	1.00	20.30	665.2	0.23	9.66	2.0	55.26	-19.61	-0.202	3.14e-03	4.12e-04
4832	20/07/2008	07:00	3.10	220.0	1.81	21.80	1137.1	0.39	6.91	3.0	110.90	-48.81	-0.239	5.00e-03	4.21e-04
4833	20/07/2008	08:00	2.20	180.0	1.45	22.60	1277.0	0.34	7.74	6.0	124.33	-27.80	-0.312	4.82e-03	4.25e-04
4834	20/07/2008	09:00	2.20	180.0	1.45	24.40	1432.0	0.35	7.74	6.0	154.78	-23.96	-0.382	5.64e-03	4.35e-04
4835	20/07/2008	10:00	3.40	190.0	2.10	24.40	1595.1	0.46	6.41	6.0	178.57	-47.66	-0.334	6.17e-03	4.35e-04
4836	20/07/2008	11:00	3.70	180.0	2.31	26.20	1779.2	0.50	6.11	5.0	223.95	-49.83	-0.385	7.63e-03	4.45e-04
4837	20/07/2008	12:00	5.60	190.0	3.12	27.40	1932.7	0.63	5.24	6.0	196.18	-112.14	-0.270	6.54e-03	4.52e-04
4838	20/07/2008	13:00	4.60	330.0	2.62	27.70	2067.3	0.55	5.73	6.0	191.00	-75.28	-0.303	6.46e-03	4.53e-04
4839	20/07/2008	14:00	6.10	290.0	3.39	28.40	2207.2	0.67	5.03	5.0	204.77	-132.63	-0.263	7.29e-03	4.57e-04
4840	20/07/2008	15:00	5.80	350.0	3.22	27.90	2329.2	0.64	5.16	4.0	191.97	-123.63	-0.258	7.29e-03	4.55e-04
4841	20/07/2008	16:00	7.70	330.0	4.25	25.60	2431.0	0.81	4.48	4.0	153.94	-308.10	-0.163	6.23e-03	4.42e-04
4842	20/07/2008	17:00	7.80	340.0	4.31	24.40	2503.8	0.81	4.44	4.0	107.83	-444.48	-0.113	4.77e-03	4.35e-04
4843	20/07/2008	18:00	7.90	330.0	4.38	23.40	2548.0	0.82	4.40	4.0	57.42	-843.70	-0.060	2.93e-03	4.29e-04
4844	20/07/2008	19:00	7.20	350.0	4.01	22.10	2560.2	0.74	4.59	3.0	3.66	-9794.80	-0.004	8.07e-04	4.22e-04
4845	20/07/2008	20:00	4.60	350.0	2.55	20.80	284.9	0.43	5.70	3.0	-42.20	162.90	0.084	0.00e+00	4.15e-04
4846	20/07/2008	21:00	2.20	350.0	1.21	19.50	138.7	0.19	8.21	3.0	-12.48	90.00	0.056	0.00e+00	4.08e-04
4847	20/07/2008	22:00	2.10	10.0	1.16	19.00	135.2	0.18	8.40	3.0	-11.07	90.00	0.052	0.00e+00	4.05e-04
4848	20/07/2008	23:00	4.00	340.0	2.19	18.70	215.0	0.35	6.12	3.0	-35.03	109.83	0.084	0.00e+00	4.04e-04
4849	21/07/2008	00:00	3.80	350.0	2.05	17.80	186.7	0.32	6.31	2.0	-33.29	90.00	0.087	0.00e+00	3.99e-04
4850	21/07/2008	01:00	2.80	360.0	1.52	16.80	158.3	0.24	7.31	2.0	-23.28	90.00	0.082	0.00e+00	3.94e-04
4851	21/07/2008	02:00	2.80	360.0	1.52	16.00	158.3	0.24	7.31	2.0	-23.28	90.00	0.081	0.00e+00	3.89e-04
4852	21/07/2008	03:00	3.30	360.0	1.79	15.50	173.0	0.28	6.76	2.0	-29.28	90.00	0.087	0.00e+00	3.87e-04
4853	21/07/2008	04:00	4.00	350.0	2.17	14.80	203.1	0.34	6.14	2.0	-36.16	99.38	0.087	0.00e+00	3.83e-04
4854	21/07/2008	05:00	3.80	360.0	2.15	14.50	463.3	0.39	6.26	1.0	-8.07	627.97	0.017	7.91e-04	3.81e-04
4855	21/07/2008	06:00	4.30	360.0	2.37	15.20	1345.0	0.47	6.00	5.0	52.61	-170.24	-0.094	2.65e-03	3.85e-04
4856	21/07/2008	07:00	4.50	340.0	2.49	15.90	1436.6	0.50	5.87	6.0	88.05	-123.67	-0.147	3.67e-03	3.89e-04
4857	21/07/2008	08:00	4.60	360.0	2.56	17.90	1555.8	0.52	5.80	6.0	125.95	-98.72	-0.203	4.80e-03	3.99e-04
4858	21/07/2008	09:00	4.60	360.0	2.55	19.60	1659.1	0.52	5.80	7.0	116.68	-104.51	-0.190	4.10e-03	4.09e-04
4859	21/07/2008	10:00	5.80	360.0	3.20	19.70	1818.1	0.63	5.17	7.0	134.75	-164.18	-0.180	4.49e-03	4.09e-04
4860	21/07/2008	11:00	6.20	20.0	3.42	19.50	1933.7	0.67	5.00	7.0	146.27	-181.61	-0.184	4.70e-03	4.08e-04
4861	21/07/2008	12:00	6.40	360.0	3.53	19.90	2045.5	0.69	4.92	7.0	149.88	-193.02	-0.183	4.77e-03	4.10e-04
4862	21/07/2008	13:00	6.30	350.0	3.48	20.80	2147.8	0.68	4.96	7.0	145.45	-190.16	-0.181	4.70e-03	4.15e-04
4863	21/07/2008	14:00	5.20	360.0	2.91	20.50	2262.3	0.59	5.44	6.0	181.48	-100.28	-0.260	6.16e-03	4.13e-04
4864	21/07/2008	15:00	7.70	360.0	4.25	21.10	2381.7	0.82	4.48	5.0	182.40	-264.33	-0.189	6.65e-03	4.17e-04
4865	21/07/2008	16:00	6.20	350.0	3.43	20.60	2474.2	0.67	5.00	4.0	156.34	-171.66	-0.197	6.21e-03	4.14e-04
4866	21/07/2008	17:00	6.00	350.0	3.31	19.90	2533.6	0.64	5.08	5.0	100.95	-230.39	-0.133	4.34e-03	4.10e-04
4867	21/07/2008	18:00	4.40	350.0	2.43	20.40	2563.6	0.48	5.93	5.0	53.36	-178.54	-0.095	2.65e-03	4.13e-04
4868	21/07/2008	19:00	4.30	10.0	2.40	18.80	2567.3	0.44	5.93	4.0	3.05	-2556.82	-0.006	7.35e-04	4.04e-04
4869	21/07/2008	20:00	3.10	10.0	1.68	17.70	167.3	0.26	6.96	4.0	-24.71	90.00	0.079	0.00e+00	3.98e-04
4870	21/07/2008	21:00	2.90	350.0	1.58	17.30	161.3	0.25	7.19	3.0	-24.65	90.00	0.084	0.00e+00	3.96e-04
4871	21/07/2008	22:00	2.00	10.0	1.10	16.40	131.6	0.17	8.60	3.0	-9.77	90.00	0.047	0.00e+00	3.91e-04
4872	21/07/2008	23:00	2.80	350.0	1.52	16.00	158.3	0.24	7.31	2.0	-23.28	90.00	0.081	0.00e+00	3.89e-04
4873	22/07/2008	00:00	2.10	350.0	1.16	15.60	135.2	0.18	8.40	3.0	-11.07	90.00	0.051	0.00e+00	3.87e-04
4874	22/07/2008	01:00	3.50	360.0	1.89	14.90	178.6	0.30	6.57	1.0	-31.81	90.00	0.089	0.00e+00	3.83e-04
4875	22/07/2008	02:00	3.20	350.0	1.73	13.90	170.2	0.27	6.86	2.0	-28.58	90.00	0.087	0.00e+00	3.78e-04
4876	22/07/2008	03:00	3.60	350.0	1.94	13.20	181.4	0.30	6.48	3.0	-30.81	90.00	0.084	0.00e+00	3.74e-04
4877	22/07/2008	04:00	3.60	340.0	1.94	12.90	181.4	0.30	6.48	1.0	-32.91	90.00	0.089	0.00e+00	3.73e-04
4878	22/07/2008	05:00	4.30	350.0	2.43	12.70	529.6	0.44	5.89	1.0	-10.14	728.49	0.019	7.51e-04	3.72e-04
4879	22/07/2008	06:00	3.90	340.0	2.15	14.20	1239.7	0.43	6.31	3.0	54.67	-128.28	-0.105	3.01e-03	3.80e-04
4880	22/07/2008	07:00	4.60	360.0	2.55	15.90	1485.5	0.51	5.80	3.0	111.61	-108.12	-0.180	4.96e-03	3.89e-04
4881	22/07/2008	08:00	7.30	360.0	4.03	18.20	2238.6	0.78	4.60	3.0	162.51	-254.12	-0.176	6.49e-03	4.01e-04
4882	22/07/2008	09:00	6.70	10.0	3.71	18.60	2367.8	0.73	4.80	2.0	207.96	-164.73	-0.240	7.77e-03	4.03e-04
4883	22/07/2008	10:00	7.80	350.0	4.31	19.90	2511.6	0.84	4.45	1.0	239.19	-215.63	-0.242	8.57e-03	4.10e-04
4884	22/07/2008	11:00	7.60	360.0	4.20	20.90	2656.4	0.82	4.51	1.0	259.26	-188.50	-0.267	8.97e-03	4.16e-04
4885	22/07/2008	12:00	6.90	360.0	3.83	21.10	2794.1	0.76	4.73	1.0	266.26	-145.44	-0.297	9.09e-03	4.17e-04
4886	22/07/2008	13:00	7.70	350.0	4.26	21.80	2924.0	0.83	4.48	1.0	257.83	-195.75	-0.264	8.97e-03	4.21e-04
4887	22/07/2008	14:00	8.20	350.0	4.52	22.40	3040.2	0.87	4.34	1.0	235.67	-248.95	-0.230	8.57e-03	4.24e-04
4888	22/07/2008	15:00	6.50	350.0	3.60	22.50	3132.4	0.71	4.88	1.0	201.79	-156.58	-0.242	7.82e-03	4.24e-04
4889	22/07/2008	16:00	7.00	10.0	3.86	22.50	3204.7	0.75	4.70	1.0	157.80	-233.32	-0.180	6.67e-03	4.24e-04
4890	22/07/2008	17:00	7.40	360.0	4.09	22.30	3255.5	0.78	4.56	1.0	106.62	-387.88	-0.117	5.09e-03	4.23e-04
4891	22/07/2008	18:00	7.30	360.0	4.05	22.00	3282.8	0.76	4.58	1.0	51.47	-747.49	-0.058	3.09e-03	4.22e-04
4892	22/07/2008	19:00	3.60	10.0	2.03	20.60	513.6	0.37	6.44	1.0	-4.78	917.43	0.011	7.51e-04	4.14e-04
4893	22/07/2008	20:00	3.10	360.0	1.68	19.20	167.3	0.26	6.96	1.0	-27.88	90.00	0.089	0.00e+00	4.06e-04
4894	22/07/2008	21:00	3.60	350.0	1.94	18.60	181.4	0.30	6.48	1.0	-32.27	90.00	0.089	0.00e+00	4.03e-04
4895	22/07/2008	22:00	2.50	350.0	1.37	17.80	148.8	0.21	7.72	1.0	-17.35	90.00	0.068	0.00e+00	3.99e-04
4896	22/07/2008	23:00	2.60	350.0	1.42	16.90	152.0	0.22	7.58	0.0	-19.21	90.00	0.072	0.00e+00	3.94e-04
4897	23/07/2008	00:00	3.40	340.0	1.84	16.70	175.9	0.29	6.66	0.0	-30.98	90.00	0.090	0.00e+00	3.93e-04
4898	23/07/2008	01:00	1.30	350.0	1.00	16.00	103.3	0.11	10.58	0.0	-3.27	90.00	0.024	0.00e+00	3.89e-04
4899	23/07/2008	02:00	3.70	340.0	1.99	15.50	184.1	0.31	6.39	0.0	-33.76	90.00	0.090	0.00e+00	3.87e-04
4900	23/07/2008	03:00	1.90	360.0	1.05	15.00	127.9	0.16	8.82	0.0	-8.56	90.00	0.043	0.00e+00	3.84e-04
4901	23/07/2008	04:00	1.80	10.0	1.00	13.90	124.1	0.16	9.05	0.0	-7.46	90.00	0.040	0.00e+00	3.78e-04
4902	23/07/2008	05:00	1.70	360.0	1.00	13.80	120.2	0.15	9.30	0.0	-6.45	90.00	0.036	7.11e-04	3.78e-04
4903	23/07/2008	06:00	3.10	10.0	1.71	15.70	1017.3	0.35	7.09	0.0	46.25	-83.78	-0.109	3.06e-03	3.88e-04
4904	23/07/2008	07:00	3.10	10.0	1.79	16.70	1149.8	0.39	6.94	0.0	104.46	-49.94	-0.224	5.07e-03	3.93e-04
4905	23/07/2008	08:00	2.70	360.0	1.75	18.10	1321.4	0.40	7.04	0.0	157.38	-35.00	-0.333	6.65e-03	4.00e-04
4906	23/07/2008	09:00	3.10	20.0	2.00	19.90	1513.5	0.45	6.58	0.0	201.09	-39.24	-0.380	7.81e-03	4.10e-04
4907	23/07/2008	10:00	3.70	20.0	2.33	21.40	1711.5	0.51	6.10	0.0	233.59	-49.00	-0.392	8.56e-03	4.18e-04
4908	23/07/2008	11:00	4.60	350.0	2.73	22.60	1905.4	0.58	5.62	0.0	253.24	-66.57	-0.375	8.96e-03	4.25e-04
4909	23/07/2008	12:00	4.90	20.0	2.86	23.80	2085.6	0.60	5.48	0.0	258.69	-72.94	-0.370	9.09e-03	4.32e-04
4910	23/07/2008	13:00	4.80	10.0	2.81	24.90	2245.7	0.59	5.54	0.0	250.03	-71.50	-0.366	8.96e-03	4.38e-04
4911	23/07/2008	14:00	5.30	350.0	3.00	25.40	2384.2	0.61	5.35	0.0	228.64	-89.79	-0.320	8.56e-03	4.41e-04
4912	23/07/2008	15:00	5.20	350.0	2.92	26.30	2496.5	0.59	5.43	0.0	194.93	-95.51	-0.282	7.81e-03	4.46e-04
4913	23/07/2008	16:00	5.80	360.0	3.21	26.00	2582.9	0.63	5.17	0.0	152.38	-148.29	-0.207	6.65e-03	4.44e-04
4914	23/07/2008	17:00	6.20	360.0	3.42	25.40	2642.0	0.66	4.99	0.0	102.59	-247.88	-0.134	5.07e-03	4.41e-04
4915	23/07/2008	18:00	6.00	350.0	3.32	24.90	2672.2	0.63	5.06	0.0	48.66	-451.87	-0.066	3.06e-03	4.38e-04
4916	23/07/2008	19:00	4.50	360.0	2.53	23.50	679.0	0.46	5.77	0.0	-6.44	1345.26	0.012	7.11e-04	4.30e-04
4917	23/07/2008	20:00	3.80	350.0	2.05	22.20	186.7	0.32	6.31	0.0	-33.85	90.00	0.090	0.00e+00	4.23e-04
4918	23/07/2008	21:00	2.30	320.0	1.26	21.40	142.1	0.20	8.04	0.0	-13.99	90.00	0.060	0.00e+00	4.18e-04
4919	23/07/2008	22:00	2.70	330.0	1.47	20.60	155.2	0.23	7.44	0.0	-21.18	90.00	0.078	0.00e+00	4.14e-04
4920	23/07/2008	23:00	1.00	350.0	1.00	19.30	88.9	0.09	11.99	0.0	-1.70	90.00	0.016	0.00e+00	4.07e-04
4921	24/07/2008	00:00	1.70	10.0	1.00	18.20	120.2	0.15	9.30	0.0	-6.45	90.00	0.037	0.00e+00	4.01e-04
4922	24/07/2008	01:00	1.10	200.0	1.00	15.90	93.9	0.10	11.46	0.0	-2.15	90.00	0.018	0.00e+00	3.89e-04
4923	24/07/2008	02:00	1.00	190.0	1.00	14.60	88.9	0.09	11.99	0.0	-1.70	90.00	0.016	0.00e+00	3.82e-04
4924	24/07/2008	03:00	1.00	170.0	1.00	13.70	88.9	0.09	11.99	0.0	-1.70	90.00	0.016	0.00e+00	3.77e-04
4925	24/07/2008	04:00	1.00	170.0	1.00	13.60	88.9	0.09	11.99	0.0	-1.70	90.00	0.016	0.00e+00	3.77e-04
4926	24/07/2008	05:00	1.00	180.0	1.00	13.30	88.9	0.09	11.99	0.0	-1.70	90.00	0.016	6.69e-04	3.75e-04
4927	24/07/2008	06:00	1.00	180.0	1.00	15.70	527.9	0.18	11.34	0.0	45.37	-11.94	-0.206	3.03e-03	3.88e-04
4928	24/07/2008	07:00	1.00	40.0	1.00	18.10	746.9	0.20	11.45	1.0	106.26	-6.78	-0.443	5.04e-03	4.00e-04
4929	24/07/2008	08:00	1.00	130.0	1.00	20.50	986.7	0.21	11.50	1.0	157.82	-5.25	-0.633	6.63e-03	4.13e-04
4930	24/07/2008	09:00	1.60	90.0	1.05	21.80	1228.4	0.29	9.11	1.0	201.29	-10.66	-0.590	7.79e-03	4.21e-04
4931	24/07/2008	10:00	1.00	140.0	1.00	23.00	1459.8	0.22	11.55	2.0	235.22	-4.07	-0.907	8.49e-03	4.27e-04
4932	24/07/2008	11:00	1.00	120.0	1.00	24.30	1675.2	0.22	11.56	2.0	254.41	-3.87	-0.976	8.89e-03	4.34e-04
4933	24/07/2008	12:00	2.30	60.0	1.50	24.90	1871.0	0.38	7.61	3.0	258.12	-18.21	-0.589	8.84e-03	4.38e-04
4934	24/07/2008	13:00	1.00	360.0	1.00	26.20	2035.5	0.22	11.55	4.0	240.70	-4.01	-0.935	8.32e-03	4.45e-04
4935	24/07/2008	14:00	1.00	330.0	1.00	26.60	2147.8	0.21	11.51	6.0	175.56	-4.90	-0.710	6.14e-03	4.47e-04
4936	24/07/2008	15:00	1.50	320.0	1.00	27.70	2255.5	0.27	9.40	5.0	176.01	-10.33	-0.556	6.61e-03	4.53e-04
4937	24/07/2008	16:00	1.40	330.0	1.00	27.60	2337.8	0.26	9.70	5.0	140.19	-10.56	-0.474	5.63e-03	4.53e-04
4938	24/07/2008	17:00	2.00	60.0	1.31	27.60	2394.4	0.31	8.13	5.0	98.42	-26.64	-0.275	4.28e-03	4.53e-04
4939	24/07/2008	18:00	1.60	40.0	1.02	27.00	2424.4	0.24	9.22	5.0	53.34	-24.17	-0.189	2.57e-03	4.49e-04
4940	24/07/2008	19:00	1.80	40.0	1.00	26.00	2428.8	0.20	9.30	5.0	7.53	-97.17	-0.032	5.67e-04	4.44e-04
4941	24/07/2008	20:00	1.00	70.0	1.00	23.40	88.9	0.09	11.99	6.0	-1.70	90.00	0.016	0.00e+00	4.29e-04
4942	24/07/2008	21:00	1.00	120.0	1.00	21.80	88.9	0.09	11.99	6.0	-1.70	90.00	0.016	0.00e+00	4.21e-04
4943	24/07/2008	22:00	1.00	200.0	1.00	20.30	88.9	0.09	11.99	6.0	-1.70	90.00	0.016	0.00e+00	4.12e-04
4944	24/07/2008	23:00	1.00	210.0	1.00	19.30	88.9	0.09	11.99	6.0	-1.70	90.00	0.016	0.00e+00	4.07e-04
4945	25/07/2008	00:00	1.00	170.0	1.00	19.20	88.9	0.09	11.99	6.0	-1.70	90.00	0.016	0.00e+00	4.06e-04
4946	25/07/2008	01:00	1.40	150.0	1.00	18.40	107.7	0.12	10.21	7.0	-3.94	90.00	0.027	0.00e+00	4.02e-04
4947	25/07/2008	02:00	1.00	150.0	1.00	18.20	88.9	0.09	11.99	7.0	-1.70	90.00	0.016	0.00e+00	4.01e-04
4948	25/07/2008	03:00	1.00	50.0	1.00	18.20	88.9	0.09	11.99	7.0	-1.70	90.00	0.016	0.00e+00	4.01e-04
4949	25/07/2008	04:00	1.00	330.0	1.00	18.30	88.9	0.09	11.99	7.0	-1.70	90.00	0.016	0.00e+00	4.02e-04
4950	25/07/2008	05:00	1.00	0.0	1.00	19.00	351.1	0.12	12.64	7.0	4.22	-37.70	-0.029	3.28e-04	4.05e-04
4951	25/07/2008	06:00	1.10	160.0	1.00	20.00	567.4	0.20	10.82	5.0	50.44	-13.33	-0.216	2.54e-03	4.11e-04
4952	25/07/2008	07:00	1.30	10.0	1.00	20.70	776.7	0.24	10.04	4.0	105.15	-11.14	-0.376	4.66e-03	4.15e-04
4953	25/07/2008	08:00	2.20	30.0	1.45	22.20	1016.7	0.35	7.74	2.0	157.90	-23.62	-0.386	6.57e-03	4.23e-04
4954	25/07/2008	09:00	2.00	10.0	1.31	23.70	1253.1	0.33	8.14	3.0	199.09	-16.56	-0.509	7.57e-03	4.31e-04
4955	25/07/2008	10:00	2.10	30.0	1.38	24.70	1473.0	0.35	7.95	4.0	222.57	-16.87	-0.547	7.93e-03	4.37e-04
4956	25/07/2008	11:00	1.90	360.0	1.24	26.30	1678.3	0.33	8.37	4.0	240.08	-13.16	-0.628	8.31e-03	4.46e-04
4957	25/07/2008	12:00	2.90	50.0	1.90	26.80	1854.4	0.44	6.76	5.0	227.13	-32.11	-0.451	7.69e-03	4.48e-04
4958	25/07/2008	13:00	2.90	10.0	1.89	27.90	1989.6	0.43	6.78	6.0	189.05	-36.10	-0.385	6.42e-03	4.55e-04
4959	25/07/2008	14:00	3.70	20.0	2.11	27.10	2079.0	0.45	6.39	7.0	130.72	-61.19	-0.252	4.47e-03	4.50e-04
4960	25/07/2008	15:00	4.00	30.0	2.24	28.10	2154.7	0.46	6.20	7.0	113.58	-77.77	-0.212	4.07e-03	4.56e-04
4961	25/07/2008	16:00	4.40	10.0	2.45	27.20	2232.8	0.50	5.93	6.0	120.89	-91.91	-0.209	4.75e-03	4.51e-04
4962	25/07/2008	17:00	3.40	360.0	1.90	26.90	2285.3	0.40	6.73	6.0	85.32	-66.43	-0.184	3.60e-03	4.49e-04
4963	25/07/2008	18:00	2.80	360.0	1.55	26.20	2313.6	0.33	7.46	6.0	46.80	-65.69	-0.124	2.15e-03	4.45e-04
4964	25/07/2008	19:00	3.20	360.0	1.79	25.20	2318.2	0.34	6.89	5.0	6.17	-547.13	-0.016	5.31e-04	4.39e-04
4965	25/07/2008	20:00	3.00	340.0	1.63	24.90	164.3	0.25	7.07	5.0	-21.49	90.00	0.072	0.00e+00	4.38e-04
4966	25/07/2008	21:00	3.10	360.0	1.68	22.30	167.3	0.26	6.96	5.0	-22.37	90.00	0.072	0.00e+00	4.23e-04
4967	25/07/2008	22:00	1.40	260.0	1.00	21.40	107.7	0.12	10.21	4.0	-3.94	90.00	0.027	0.00e+00	4.18e-04
4968	25/07/2008	23:00	1.90	300.0	1.05	20.90	127.9	0.16	8.82	4.0	-8.56	90.00	0.044	0.00e+00	4.16e-04
4969	26/07/2008	00:00	1.30	260.0	1.00	20.50	103.3	0.11	10.58	4.0	-3.27	90.00	0.024	0.00e+00	4.13e-04
4970	26/07/2008	01:00	1.00	0.0	1.00	20.30	88.9	0.09	11.99	3.0	-1.70	90.00	0.016	0.00e+00	4.12e-04
4971	26/07/2008	02:00	1.00	290.0	1.00	20.20	88.9	0.09	11.99	3.0	-1.70	90.00	0.016	0.00e+00	4.12e-04
4972	26/07/2008	03:00	1.00	220.0	1.00	19.30	88.9	0.09	11.99	3.0	-1.70	90.00	0.016	0.00e+00	4.07e-04
4973	26/07/2008	04:00	1.10	200.0	1.00	18.70	93.9	0.10	11.46	2.0	-2.15	90.00	0.019	0.00e+00	4.04e-04
4974	26/07/2008	05:00	1.50	210.0	1.00	18.40	112.0	0.13	9.88	0.0	-4.69	90.00	0.030	5.81e-04	4.02e-04
4975	26/07/2008	06:00	1.00	200.0	1.00	19.60	530.5	0.18	11.34	1.0	47.45	-11.58	-0.218	2.96e-03	4.09e-04
4976	26/07/2008	07:00	1.00	260.0	1.00	21.50	750.6	0.20	11.45	2.0	106.00	-6.79	-0.447	4.96e-03	4.19e-04
4977	26/07/2008	08:00	2.10	350.0	1.39	23.00	948.3	0.33	7.91	6.0	121.31	-25.88	-0.315	4.73e-03	4.27e-04
4978	26/07/2008	09:00	3.40	360.0	2.04	24.40	1276.8	0.44	6.51	6.0	152.18	-50.35	-0.295	5.57e-03	4.35e-04
4979	26/07/2008	10:00	3.10	350.0	1.96	25.30	1455.0	0.44	6.64	6.0	175.54	-41.65	-0.346	6.12e-03	4.40e-04
4980	26/07/2008	11:00	4.10	300.0	2.32	25.40	1587.0	0.48	6.09	7.0	141.74	-71.21	-0.251	4.68e-03	4.41e-04
4981	26/07/2008	12:00	3.80	320.0	2.19	26.80	1710.6	0.46	6.28	7.0	144.93	-61.03	-0.270	4.74e-03	4.48e-04
4982	26/07/2008	13:00	3.60	360.0	2.09	26.90	1822.1	0.45	6.42	7.0	141.22	-56.34	-0.272	4.68e-03	4.49e-04
4983	26/07/2008	14:00	11.90	20.0	6.59	17.60	3518.5	1.22	3.58	7.0	53.90	-2974.91	-0.037	4.46e-03	3.98e-04
4984	26/07/2008	15:00	1.80	210.0	1.06	18.20	3534.5	0.24	9.06	7.0	43.22	-30.06	-0.148	4.06e-03	4.01e-04
4985	26/07/2008	16:00	1.50	70.0	1.00	19.40	3545.5	0.21	9.99	7.0	29.31	-26.14	-0.120	3.45e-03	4.07e-04
4986	26/07/2008	17:00	2.70	100.0	1.50	20.90	3551.1	0.29	7.57	7.0	14.36	-157.69	-0.041	2.61e-03	4.16e-04
4987	26/07/2008	18:00	1.40	100.0	1.00	20.90	3563.8	0.21	10.05	7.0	34.30	-22.94	-0.140	1.55e-03	4.16e-04
4988	26/07/2008	19:00	2.00	270.0	1.12	20.50	3565.3	0.22	8.74	6.0	3.70	-239.39	-0.015	4.17e-04	4.13e-04
4989	26/07/2008	20:00	1.20	360.0	1.00	20.20	98.7	0.11	10.99	6.0	-2.67	90.00	0.021	0.00e+00	4.12e-04
4990	26/07/2008	21:00	1.60	350.0	1.00	20.00	116.2	0.14	9.57	6.0	-5.52	90.00	0.034	0.00e+00	4.11e-04
4991	26/07/2008	22:00	1.00	0.0	1.00	18.90	88.9	0.09	11.99	6.0	-1.70	90.00	0.016	0.00e+00	4.05e-04
4992	26/07/2008	23:00	1.00	270.0	1.00	18.40	88.9	0.09	11.99	7.0	-1.70	90.00	0.016	0.00e+00	4.02e-04
4993	27/07/2008	00:00	1.70	100.0	1.00	18.80	120.2	0.15	9.30	6.0	-6.45	90.00	0.037	0.00e+00	4.04e-04
4994	27/07/2008	01:00	1.50	60.0	1.00	18.00	112.0	0.13	9.88	5.0	-4.69	90.00	0.030	0.00e+00	4.00e-04
4995	27/07/2008	02:00	1.30	260.0	1.00	17.80	103.3	0.11	10.58	3.0	-3.27	90.00	0.024	0.00e+00	3.99e-04
4996	27/07/2008	03:00	1.00	70.0	1.00	17.50	88.9	0.09	11.99	4.0	-1.70	90.00	0.016	0.00e+00	3.97e-04
4997	27/07/2008	04:00	1.00	100.0	1.00	16.80	88.9	0.09	11.99	3.0	-1.70	90.00	0.016	0.00e+00	3.94e-04
4998	27/07/2008	05:00	1.30	240.0	1.00	16.90	131.6	0.12	10.53	5.0	-1.14	146.50	0.008	4.54e-04	3.94e-04
4999	27/07/2008	06:00	1.00	80.0	1.00	17.80	531.7	0.18	11.35	5.0	48.44	-11.42	-0.220	2.48e-03	3.99e-04
5000	27/07/2008	07:00	1.00	0.0	1.00	19.70	671.3	0.19	11.38	7.0	63.10	-9.56	-0.280	2.60e-03	4.09e-04
5001	27/07/2008	08:00	1.00	280.0	1.00	21.20	831.4	0.20	11.43	7.0	90.62	-7.52	-0.389	3.44e-03	4.17e-04
5002	27/07/2008	09:00	1.30	40.0	1.00	23.30	1105.8	0.25	10.11	2.0	199.47	-7.27	-0.670	7.69e-03	4.29e-04
5003	27/07/2008	10:00	2.60	360.0	1.70	24.70	1359.5	0.40	7.14	3.0	229.36	-25.40	-0.487	8.28e-03	4.37e-04
5004	27/07/2008	11:00	3.90	20.0	2.39	25.90	1570.7	0.51	6.01	5.0	221.09	-54.31	-0.370	7.57e-03	4.43e-04
5005	27/07/2008	12:00	3.40	30.0	2.18	26.00	1758.9	0.48	6.30	5.0	227.00	-43.26	-0.407	7.68e-03	4.44e-04
5006	27/07/2008	13:00	3.30	360.0	2.12	27.10	1923.5	0.47	6.39	5.0	219.93	-41.77	-0.404	7.57e-03	4.50e-04
5007	27/07/2008	14:00	3.30	360.0	2.13	28.00	2079.0	0.47	6.38	3.0	225.93	-41.23	-0.415	8.28e-03	4.55e-04
5008	27/07/2008	15:00	4.00	360.0	2.38	27.60	2205.2	0.51	6.03	3.0	194.59	-59.02	-0.333	7.54e-03	4.53e-04
5009	27/07/2008	16:00	4.10	20.0	2.34	27.80	2300.2	0.49	6.07	3.0	153.18	-68.17	-0.271	6.40e-03	4.54e-04
5010	27/07/2008	17:00	4.00	350.0	2.23	27.80	2363.6	0.46	6.21	3.0	105.13	-81.98	-0.198	4.83e-03	4.54e-04
5011	27/07/2008	18:00	3.00	360.0	1.66	27.50	2394.9	0.35	7.20	3.0	53.43	-69.73	-0.133	2.85e-03	4.52e-04
5012	27/07/2008	19:00	2.90	10.0	1.63	25.70	2395.9	0.30	7.21	3.0	0.26	-9252.07	-0.001	5.21e-04	4.42e-04
5013	27/07/2008	20:00	1.70	300.0	1.00	24.30	120.2	0.15	9.30	2.0	-6.45	90.00	0.037	0.00e+00	4.34e-04
5014	27/07/2008	21:00	1.00	50.0	1.00	23.30	88.9	0.09	11.99	2.0	-1.70	90.00	0.016	0.00e+00	4.29e-04
5015	27/07/2008	22:00	1.00	0.0	1.00	21.70	88.9	0.09	11.99	2.0	-1.70	90.00	0.016	0.00e+00	4.20e-04
5016	27/07/2008	23:00	1.20	180.0	1.00	21.10	98.7	0.11	10.99	2.0	-2.67	90.00	0.021	0.00e+00	4.17e-04
5017	28/07/2008	00:00	1.20	140.0	1.00	20.40	98.7	0.11	10.99	2.0	-2.67	90.00	0.021	0.00e+00	4.13e-04
5018	28/07/2008	01:00	1.80	200.0	1.00	19.80	124.1	0.16	9.05	1.0	-7.46	90.00	0.040	0.00e+00	4.10e-04
5019	28/07/2008	02:00	1.10	160.0	1.00	19.20	93.9	0.10	11.46	1.0	-2.15	90.00	0.019	0.00e+00	4.06e-04
5020	28/07/2008	03:00	1.00	180.0	1.00	18.60	88.9	0.09	11.99	1.0	-1.70	90.00	0.016	0.00e+00	4.03e-04
5021	28/07/2008	04:00	1.00	0.0	1.00	18.30	88.9	0.09	11.99	1.0	-1.70	90.00	0.016	0.00e+00	4.02e-04
5022	28/07/2008	05:00	1.00	170.0	1.00	18.30	88.9	0.09	11.99	0.0	-1.70	90.00	0.016	4.89e-04	4.02e-04
5023	28/07/2008	06:00	1.00	140.0	1.00	20.40	524.6	0.18	11.33	0.0	42.77	-12.43	-0.199	2.89e-03	4.13e-04
5024	28/07/2008	07:00	1.00	200.0	1.00	22.30	734.5	0.20	11.44	0.0	98.95	-7.10	-0.422	4.93e-03	4.23e-04
5025	28/07/2008	08:00	1.30	110.0	1.00	24.20	970.1	0.25	10.08	0.0	149.68	-8.79	-0.521	6.55e-03	4.34e-04
5026	28/07/2008	09:00	1.90	140.0	1.25	25.90	1212.3	0.32	8.35	1.0	194.81	-15.19	-0.520	7.72e-03	4.43e-04
5027	28/07/2008	10:00	1.80	110.0	1.18	27.20	1443.2	0.32	8.60	1.0	226.55	-12.33	-0.620	8.49e-03	4.51e-04
5028	28/07/2008	11:00	1.70	120.0	1.11	28.50	1657.8	0.31	8.86	1.0	245.69	-10.46	-0.694	8.91e-03	4.58e-04
5029	28/07/2008	12:00	3.00	150.0	1.96	29.60	1855.6	0.45	6.65	1.0	251.47	-31.98	-0.487	9.03e-03	4.64e-04
5030	28/07/2008	13:00	4.20	140.0	2.56	30.40	2032.1	0.54	5.81	1.0	243.84	-58.70	-0.391	8.91e-03	4.69e-04
5031	28/07/2008	14:00	4.00	190.0	2.44	31.10	2181.0	0.52	5.95	1.0	223.27	-56.25	-0.375	8.49e-03	4.73e-04
5032	28/07/2008	15:00	4.00	180.0	2.37	31.70	2301.4	0.50	6.03	3.0	191.62	-59.33	-0.333	7.52e-03	4.76e-04
5033	28/07/2008	16:00	3.90	170.0	2.24	31.60	2392.2	0.47	6.20	3.0	151.51	-62.55	-0.280	6.37e-03	4.76e-04
5034	28/07/2008	17:00	3.70	180.0	2.08	31.40	2453.2	0.43	6.44	3.0	104.71	-69.52	-0.211	4.80e-03	4.75e-04
5035	28/07/2008	18:00	3.50	150.0	1.93	30.30	2484.5	0.39	6.67	3.0	53.88	-99.36	-0.120	2.81e-03	4.68e-04
5036	28/07/2008	19:00	3.20	160.0	1.79	28.50	2486.5	0.33	6.87	3.0	1.64	-1976.93	-0.004	4.76e-04	4.58e-04
5037	28/07/2008	20:00	4.70	170.0	2.60	27.50	300.1	0.44	5.64	3.0	-42.50	176.77	0.084	0.00e+00	4.52e-04
5038	28/07/2008	21:00	4.10	170.0	2.27	26.60	233.7	0.37	6.03	3.0	-35.84	124.60	0.084	0.00e+00	4.47e-04
5039	28/07/2008	22:00	4.00	200.0	2.21	25.90	232.2	0.36	6.10	4.0	-33.07	126.35	0.079	0.00e+00	4.43e-04
5040	28/07/2008	23:00	3.20	210.0	1.73	25.10	170.2	0.27	6.86	4.0	-24.85	90.00	0.079	0.00e+00	4.39e-04
5041	29/07/2008	00:00	3.60	250.0	1.94	23.30	181.4	0.30	6.48	4.0	-28.01	90.00	0.079	0.00e+00	4.29e-04
5042	29/07/2008	01:00	2.90	40.0	1.58	22.00	161.3	0.25	7.19	4.0	-22.83	90.00	0.079	0.00e+00	4.22e-04
5043	29/07/2008	02:00	2.60	30.0	1.42	21.00	152.0	0.22	7.58	4.0	-19.21	90.00	0.073	0.00e+00	4.16e-04
5044	29/07/2008	03:00	1.00	30.0	1.00	20.50	88.9	0.09	11.99	4.0	-1.70	90.00	0.016	0.00e+00	4.13e-04
5045	29/07/2008	04:00	1.20	290.0	1.00	20.20	98.7	0.11	10.99	4.0	-2.67	90.00	0.021	0.00e+00	4.12e-04
5046	29/07/2008	05:00	2.50	350.0	1.41	20.10	305.2	0.25	7.71	4.0	-3.27	424.44	0.011	4.09e-04	4.11e-04
5047	29/07/2008	06:00	1.40	40.0	1.00	21.30	629.0	0.22	9.85	6.0	42.36	-21.63	-0.165	2.05e-03	4.18e-04
5048	29/07/2008	07:00	1.60	10.0	1.05	21.90	753.3	0.25	9.10	7.0	62.49	-22.86	-0.210	2.57e-03	4.21e-04
5049	29/07/2008	08:00	2.70	10.0	1.59	22.50	1013.4	0.35	7.38	7.0	89.70	-42.71	-0.217	3.42e-03	4.24e-04
5050	29/07/2008	09:00	2.50	10.0	1.58	22.70	1156.6	0.36	7.41	7.0	112.93	-35.51	-0.270	4.04e-03	4.26e-04
5051	29/07/2008	10:00	3.30	20.0	1.94	23.10	1304.6	0.42	6.67	7.0	130.60	-50.65	-0.264	4.44e-03	4.28e-04
5052	29/07/2008	11:00	3.40	360.0	2.12	24.80	1492.8	0.46	6.38	6.0	189.59	-46.62	-0.350	6.39e-03	4.37e-04
5053	29/07/2008	12:00	3.80	360.0	2.40	25.40	1713.0	0.52	6.00	3.0	254.61	-49.33	-0.419	8.79e-03	4.41e-04
5054	29/07/2008	13:00	3.20	20.0	2.09	26.30	1900.0	0.47	6.44	3.0	246.56	-37.06	-0.453	8.66e-03	4.46e-04
5055	29/07/2008	14:00	3.20	30.0	2.08	27.10	2056.5	0.46	6.46	3.0	225.55	-39.10	-0.420	8.26e-03	4.50e-04
5056	29/07/2008	15:00	2.80	10.0	1.83	27.30	2181.3	0.42	6.88	3.0	193.47	-33.40	-0.400	7.50e-03	4.51e-04
5057	29/07/2008	16:00	2.80	10.0	1.79	27.20	2274.5	0.40	6.96	3.0	151.95	-37.67	-0.327	6.35e-03	4.51e-04
5058	29/07/2008	17:00	3.80	10.0	2.12	26.20	2337.0	0.44	6.37	3.0	103.54	-74.09	-0.202	4.77e-03	4.45e-04
5059	29/07/2008	18:00	3.40	360.0	1.88	25.70	2367.6	0.38	6.77	3.0	50.95	-96.85	-0.115	2.78e-03	4.42e-04
5060	29/07/2008	19:00	3.10	10.0	1.74	25.30	535.9	0.32	6.95	3.0	-1.99	1430.82	0.005	4.29e-04	4.40e-04
5061	29/07/2008	20:00	2.90	360.0	1.58	24.10	161.3	0.25	7.19	3.0	-24.09	90.00	0.084	0.00e+00	4.33e-04
5062	29/07/2008	21:00	2.30	360.0	1.26	23.40	142.1	0.20	8.04	3.0	-13.99	90.00	0.061	0.00e+00	4.29e-04
5063	29/07/2008	22:00	1.30	330.0	1.00	22.80	103.3	0.11	10.58	3.0	-3.27	90.00	0.024	0.00e+00	4.26e-04
5064	29/07/2008	23:00	1.00	0.0	1.00	22.50	88.9	0.09	11.99	3.0	-1.70	90.00	0.016	0.00e+00	4.24e-04
5065	30/07/2008	00:00	1.00	0.0	1.00	21.60	88.9	0.09	11.99	3.0	-1.70	90.00	0.016	0.00e+00	4.19e-04
5066	30/07/2008	01:00	1.00	170.0	1.00	20.90	88.9	0.09	11.99	3.0	-1.70	90.00	0.016	0.00e+00	4.16e-04
5067	30/07/2008	02:00	1.20	200.0	1.00	20.50	98.7	0.11	10.99	3.0	-2.67	90.00	0.021	0.00e+00	4.13e-04
5068	30/07/2008	03:00	1.50	200.0	1.00	20.10	112.0	0.13	9.88	3.0	-4.69	90.00	0.030	0.00e+00	4.11e-04
5069	30/07/2008	04:00	1.20	200.0	1.00	19.60	98.7	0.11	10.99	3.0	-2.67	90.00	0.021	0.00e+00	4.09e-04
5070	30/07/2008	05:00	1.30	160.0	1.00	19.80	103.3	0.11	10.58	5.0	-1.94	90.00	0.014	3.32e-04	4.10e-04
5071	30/07/2008	06:00	1.10	190.0	1.00	20.90	565.0	0.20	10.82	3.0	48.47	-13.70	-0.210	2.74e-03	4.16e-04
5072	30/07/2008	07:00	1.10	180.0	1.00	23.00	766.5	0.21	10.91	1.0	100.04	-8.41	-0.402	4.87e-03	4.27e-04
5073	30/07/2008	08:00	2.90	150.0	1.83	24.90	1180.6	0.41	6.87	2.0	152.56	-39.70	-0.320	6.46e-03	4.38e-04
5074	30/07/2008	09:00	3.50	170.0	2.17	27.20	1392.7	0.47	6.31	2.0	194.06	-48.31	-0.355	7.64e-03	4.51e-04
5075	30/07/2008	10:00	5.20	170.0	2.95	28.90	1747.1	0.61	5.40	2.0	225.11	-87.20	-0.323	8.41e-03	4.60e-04
5076	30/07/2008	11:00	5.40	180.0	3.06	29.70	1938.1	0.63	5.30	2.0	244.55	-89.57	-0.339	8.83e-03	4.65e-04
5077	30/07/2008	12:00	6.00	180.0	3.36	30.70	2117.8	0.68	5.05	2.0	250.44	-110.22	-0.323	8.96e-03	4.71e-04
5078	30/07/2008	13:00	4.90	180.0	2.84	31.90	2275.0	0.59	5.51	2.0	242.63	-74.94	-0.361	8.83e-03	4.77e-04
5079	30/07/2008	14:00	6.50	170.0	3.59	31.30	2385.1	0.70	4.88	6.0	170.79	-179.73	-0.213	6.08e-03	4.74e-04
5080	30/07/2008	15:00	4.10	180.0	2.29	30.10	2450.6	0.47	6.14	7.0	111.86	-82.92	-0.207	4.03e-03	4.67e-04
5081	30/07/2008	16:00	4.20	60.0	2.32	27.90	2479.4	0.45	6.07	8.0	48.02	-173.41	-0.091	1.63e-03	4.55e-04
5082	30/07/2008	17:00	2.60	90.0	1.47	26.40	2514.0	0.32	7.67	7.0	63.09	-46.62	-0.169	2.55e-03	4.46e-04
5083	30/07/2008	18:00	1.00	80.0	1.00	26.50	2532.6	0.18	11.32	7.0	34.96	-14.18	-0.170	1.47e-03	4.47e-04
5084	30/07/2008	19:00	1.30	60.0	1.00	26.00	2535.3	0.15	11.00	6.0	4.74	-63.87	-0.027	2.81e-04	4.44e-04
5085	30/07/2008	20:00	2.30	30.0	1.26	23.70	142.1	0.20	8.04	6.0	-13.99	90.00	0.061	0.00e+00	4.31e-04
5086	30/07/2008	21:00	1.00	0.0	1.00	22.80	88.9	0.09	11.99	5.0	-1.70	90.00	0.016	0.00e+00	4.26e-04
5087	30/07/2008	22:00	2.20	250.0	1.21	23.00	138.7	0.19	8.21	5.0	-12.48	90.00	0.056	0.00e+00	4.27e-04
5088	30/07/2008	23:00	1.20	250.0	1.00	22.40	98.7	0.11	10.99	4.0	-2.67	90.00	0.022	0.00e+00	4.24e-04
5089	31/07/2008	00:00	1.90	340.0	1.05	22.10	127.9	0.16	8.82	4.0	-8.56	90.00	0.044	0.00e+00	4.22e-04
5090	31/07/2008	01:00	1.00	320.0	1.00	21.50	88.9	0.09	11.99	3.0	-1.70	90.00	0.016	0.00e+00	4.19e-04
5091	31/07/2008	02:00	1.30	110.0	1.00	20.60	103.3	0.11	10.58	3.0	-3.27	90.00	0.024	0.00e+00	4.14e-04
5092	31/07/2008	03:00	1.00	260.0	1.00	20.20	88.9	0.09	11.99	2.0	-1.70	90.00	0.016	0.00e+00	4.12e-04
5093	31/07/2008	04:00	1.00	200.0	1.00	19.00	88.9	0.09	11.99	2.0	-1.70	90.00	0.016	0.00e+00	4.05e-04
5094	31/07/2008	05:00	1.00	180.0	1.00	19.20	88.9	0.09	11.99	5.0	-1.70	90.00	0.016	2.89e-04	4.06e-04
5095	31/07/2008	06:00	1.00	180.0	1.00	21.00	528.3	0.18	11.34	2.0	45.71	-11.88	-0.211	2.76e-03	4.16e-04
5096	31/07/2008	07:00	1.00	260.0	1.00	23.00	737.9	0.20	11.44	1.0	99.14	-7.09	-0.423	4.84e-03	4.27e-04
5097	31/07/2008	08:00	1.80	190.0	1.19	25.40	978.6	0.30	8.56	2.0	151.52	-16.27	-0.429	6.43e-03	4.41e-04
5098	31/07/2008	09:00	4.00	180.0	2.37	27.70	1458.5	0.51	6.03	2.0	192.98	-59.19	-0.331	7.62e-03	4.53e-04
5099	31/07/2008	10:00	4.40	200.0	2.58	29.20	1655.2	0.54	5.78	4.0	214.81	-65.98	-0.344	7.85e-03	4.62e-04
5100	31/07/2008	11:00	5.80	180.0	3.25	31.00	1894.0	0.66	5.14	4.0	232.20	-107.71	-0.310	8.24e-03	4.72e-04
5101	31/07/2008	12:00	6.70	180.0	3.71	31.20	2111.2	0.73	4.80	5.0	220.41	-157.14	-0.264	7.64e-03	4.73e-04
5102	31/07/2008	13:00	7.00	180.0	3.86	31.50	2241.3	0.75	4.70	6.0	184.61	-203.50	-0.215	6.37e-03	4.75e-04
5103	31/07/2008	14:00	7.20	180.0	3.97	32.20	2331.9	0.76	4.63	7.0	128.31	-303.10	-0.148	4.43e-03	4.79e-04
5104	31/07/2008	15:00	7.70	170.0	4.25	32.50	2412.0	0.81	4.47	7.0	111.79	-414.44	-0.122	4.02e-03	4.81e-04
5105	31/07/2008	16:00	8.20	170.0	4.53	31.90	2479.6	0.85	4.33	7.0	90.03	-607.84	-0.093	3.39e-03	4.77e-04
5106	31/07/2008	17:00	7.30	180.0	4.04	31.50	2526.5	0.76	4.58	7.0	64.62	-600.25	-0.075	2.54e-03	4.75e-04
5107	31/07/2008	18:00	7.20	180.0	4.00	30.30	2557.0	0.75	4.61	7.0	36.70	-998.15	-0.043	1.45e-03	4.68e-04
5108	31/07/2008	19:00	7.70	180.0	4.29	29.50	2573.4	0.79	4.44	6.0	6.82	-6422.71	-0.008	2.44e-04	4.64e-04
5109	31/07/2008	20:00	7.00	180.0	3.93	28.30	654.9	0.71	4.62	6.0	-52.59	590.31	0.065	0.00e+00	4.57e-04
5110	31/07/2008	21:00	7.10	190.0	3.99	27.80	668.5	0.72	4.59	6.0	-53.47	607.40	0.065	0.00e+00	4.54e-04
5111	31/07/2008	22:00	6.90	190.0	3.88	26.60	639.1	0.69	4.66	6.0	-52.06	568.78	0.065	0.00e+00	4.47e-04
5112	31/07/2008	23:00	5.50	190.0	3.08	25.60	449.5	0.54	5.21	6.0	-40.74	344.86	0.065	0.00e+00	4.42e-04
