i	Date	Heure	Uext	Direct	Uh	To	h	us	sigmatheta	Cld	Fo	Lmo	thetas	k1	k3
2905	01/05/2008	00:00	2.00	210.0	1.10	8.00	131.6	0.17	8.60	4.0	-9.73	90.00	0.046	0.00e+00	3.46e-04
2906	01/05/2008	01:00	3.20	220.0	1.73	8.60	170.2	0.27	6.86	4.0	-26.20	90.00	0.079	0.00e+00	3.49e-04
2907	01/05/2008	02:00	2.60	210.0	1.42	8.80	152.0	0.22	7.58	4.0	-19.13	90.00	0.070	0.00e+00	3.50e-04
2908	01/05/2008	03:00	1.00	160.0	1.00	8.60	88.9	0.09	11.99	4.0	-1.69	90.00	0.016	0.00e+00	3.49e-04
2909	01/05/2008	04:00	1.00	250.0	1.00	7.50	88.9	0.09	11.99	4.0	-1.69	90.00	0.015	0.00e+00	3.44e-04
2910	01/05/2008	05:00	1.00	0.0	1.00	6.80	88.9	0.09	11.99	4.0	-1.69	90.00	0.015	0.00e+00	3.40e-04
2911	01/05/2008	06:00	1.00	170.0	1.00	8.10	512.9	0.18	11.32	4.0	35.02	-14.13	-0.160	2.18e-03	3.47e-04
2912	01/05/2008	07:00	1.70	190.0	1.13	10.70	802.3	0.28	8.76	1.0	92.23	-20.53	-0.272	4.50e-03	3.60e-04
2913	01/05/2008	08:00	1.80	190.0	1.19	12.30	1017.0	0.30	8.56	1.0	149.44	-16.38	-0.407	6.21e-03	3.68e-04
2914	01/05/2008	09:00	1.90	220.0	1.25	13.70	1223.0	0.32	8.34	5.0	176.66	-16.22	-0.459	6.33e-03	3.76e-04
2915	01/05/2008	10:00	1.40	150.0	1.00	15.20	1425.4	0.27	9.75	5.0	206.48	-8.13	-0.644	7.03e-03	3.84e-04
2916	01/05/2008	11:00	1.70	130.0	1.12	16.30	1591.4	0.30	8.83	6.0	191.71	-12.35	-0.535	6.27e-03	3.89e-04
2917	01/05/2008	12:00	2.20	170.0	1.45	17.20	1746.5	0.36	7.76	6.0	196.26	-20.17	-0.463	6.37e-03	3.94e-04
2918	01/05/2008	13:00	2.50	190.0	1.64	18.50	1884.9	0.39	7.27	6.0	189.21	-26.87	-0.413	6.27e-03	4.01e-04
2919	01/05/2008	14:00	1.70	210.0	1.12	18.70	2001.8	0.30	8.82	6.0	172.79	-13.25	-0.492	5.95e-03	4.02e-04
2920	01/05/2008	15:00	3.20	200.0	1.85	18.40	2073.9	0.40	6.84	7.0	109.01	-51.60	-0.230	3.91e-03	4.01e-04
2921	01/05/2008	16:00	2.80	180.0	1.61	17.90	2127.8	0.35	7.32	7.0	84.51	-46.08	-0.201	3.26e-03	3.98e-04
2922	01/05/2008	17:00	1.70	140.0	1.07	18.20	2162.2	0.25	8.99	7.0	55.82	-25.88	-0.185	2.36e-03	3.99e-04
2923	01/05/2008	18:00	1.50	150.0	1.00	17.60	2177.4	0.20	10.11	7.0	24.82	-27.80	-0.105	1.23e-03	3.96e-04
2924	01/05/2008	19:00	1.10	130.0	1.00	15.20	93.9	0.10	11.46	7.0	-2.14	90.00	0.018	0.00e+00	3.84e-04
2925	01/05/2008	20:00	2.20	120.0	1.21	13.30	138.7	0.19	8.21	6.0	-12.43	90.00	0.054	0.00e+00	3.74e-04
2926	01/05/2008	21:00	1.00	0.0	1.00	11.50	88.9	0.09	11.99	6.0	-1.69	90.00	0.016	0.00e+00	3.64e-04
2927	01/05/2008	22:00	1.00	140.0	1.00	10.80	88.9	0.09	11.99	6.0	-1.69	90.00	0.016	0.00e+00	3.61e-04
2928	01/05/2008	23:00	2.80	260.0	1.52	11.70	158.3	0.24	7.31	6.0	-18.72	90.00	0.065	0.00e+00	3.65e-04
2929	02/05/2008	00:00	2.30	170.0	1.26	11.30	142.1	0.20	8.04	5.0	-13.94	90.00	0.058	0.00e+00	3.63e-04
2930	02/05/2008	01:00	1.10	190.0	1.00	11.80	93.9	0.10	11.46	5.0	-2.14	90.00	0.018	0.00e+00	3.66e-04
2931	02/05/2008	02:00	1.00	0.0	1.00	11.70	88.9	0.09	11.99	5.0	-1.69	90.00	0.016	0.00e+00	3.65e-04
2932	02/05/2008	03:00	1.00	360.0	1.00	11.30	88.9	0.09	11.99	5.0	-1.69	90.00	0.016	0.00e+00	3.63e-04
2933	02/05/2008	04:00	1.10	330.0	1.00	10.50	93.9	0.10	11.46	5.0	-2.14	90.00	0.018	0.00e+00	3.59e-04
2934	02/05/2008	05:00	1.00	0.0	1.00	9.60	88.9	0.09	11.99	6.0	-1.69	90.00	0.016	0.00e+00	3.55e-04
2935	02/05/2008	06:00	1.00	190.0	1.00	10.50	502.5	0.17	11.38	6.0	31.05	-14.98	-0.146	1.72e-03	3.59e-04
2936	02/05/2008	07:00	1.00	0.0	1.00	13.60	693.7	0.20	11.43	5.0	87.74	-7.67	-0.369	3.86e-03	3.75e-04
2937	02/05/2008	08:00	1.30	270.0	1.00	14.30	913.7	0.24	10.07	5.0	135.61	-9.36	-0.463	5.30e-03	3.79e-04
2938	02/05/2008	09:00	1.00	340.0	1.00	16.50	1106.3	0.21	11.49	6.0	149.37	-5.42	-0.597	5.38e-03	3.90e-04
2939	02/05/2008	10:00	1.00	150.0	1.00	18.20	1295.8	0.21	11.51	6.0	173.94	-4.92	-0.686	5.96e-03	3.99e-04
2940	02/05/2008	11:00	1.00	70.0	1.00	19.40	1474.7	0.22	11.52	6.0	188.89	-4.67	-0.741	6.28e-03	4.06e-04
2941	02/05/2008	12:00	1.20	240.0	1.00	20.80	1686.4	0.25	10.56	3.0	253.67	-5.36	-0.865	8.65e-03	4.13e-04
2942	02/05/2008	13:00	1.70	120.0	1.11	21.90	1863.2	0.31	8.86	4.0	236.04	-10.72	-0.657	8.13e-03	4.19e-04
2943	02/05/2008	14:00	1.60	90.0	1.05	23.40	2010.6	0.29	9.12	4.0	214.00	-10.21	-0.629	7.72e-03	4.28e-04
2944	02/05/2008	15:00	1.00	10.0	1.00	23.00	2119.0	0.21	11.51	5.0	168.85	-5.01	-0.680	6.35e-03	4.26e-04
2945	02/05/2008	16:00	3.00	50.0	1.83	22.70	2201.3	0.40	6.88	5.0	130.84	-44.02	-0.278	5.30e-03	4.24e-04
2946	02/05/2008	17:00	3.50	80.0	1.95	23.00	2254.8	0.41	6.64	5.0	86.33	-69.93	-0.181	3.86e-03	4.26e-04
2947	02/05/2008	18:00	2.80	50.0	1.54	21.30	2278.0	0.32	7.47	5.0	38.02	-76.44	-0.101	2.03e-03	4.16e-04
2948	02/05/2008	19:00	2.40	20.0	1.31	18.70	145.5	0.21	7.88	5.0	-12.37	90.00	0.051	0.00e+00	4.02e-04
2949	02/05/2008	20:00	1.00	30.0	1.00	17.80	88.9	0.09	11.99	5.0	-1.69	90.00	0.016	0.00e+00	3.97e-04
2950	02/05/2008	21:00	1.00	290.0	1.00	15.40	88.9	0.09	11.99	5.0	-1.69	90.00	0.016	0.00e+00	3.85e-04
2951	02/05/2008	22:00	1.40	230.0	1.00	14.00	107.7	0.12	10.21	4.0	-3.92	90.00	0.027	0.00e+00	3.77e-04
2952	02/05/2008	23:00	1.00	170.0	1.00	12.70	88.9	0.09	11.99	4.0	-1.69	90.00	0.016	0.00e+00	3.70e-04
2953	03/05/2008	00:00	1.00	0.0	1.00	11.80	88.9	0.09	11.99	4.0	-1.69	90.00	0.016	0.00e+00	3.66e-04
2954	03/05/2008	01:00	1.60	200.0	1.00	11.10	116.2	0.14	9.57	4.0	-5.50	90.00	0.033	0.00e+00	3.62e-04
2955	03/05/2008	02:00	1.40	180.0	1.00	10.70	107.7	0.12	10.21	4.0	-3.92	90.00	0.026	0.00e+00	3.60e-04
2956	03/05/2008	03:00	1.00	130.0	1.00	10.20	88.9	0.09	11.99	4.0	-1.69	90.00	0.016	0.00e+00	3.58e-04
2957	03/05/2008	04:00	1.00	160.0	1.00	9.50	88.9	0.09	11.99	4.0	-1.69	90.00	0.016	0.00e+00	3.54e-04
2958	03/05/2008	05:00	1.00	0.0	1.00	9.50	88.9	0.09	11.99	4.0	-1.69	90.00	0.016	0.00e+00	3.54e-04
2959	03/05/2008	06:00	1.00	200.0	1.00	11.50	518.2	0.18	11.32	4.0	37.92	-13.45	-0.174	2.27e-03	3.64e-04
2960	03/05/2008	07:00	1.00	220.0	1.00	14.20	721.8	0.20	11.44	3.0	96.83	-7.19	-0.404	4.46e-03	3.78e-04
2961	03/05/2008	08:00	1.20	200.0	1.00	17.00	955.9	0.23	10.49	3.0	149.64	-7.56	-0.536	6.11e-03	3.93e-04
2962	03/05/2008	09:00	1.10	230.0	1.00	19.00	1191.8	0.23	10.99	1.0	192.79	-5.47	-0.712	7.51e-03	4.04e-04
2963	03/05/2008	10:00	1.20	280.0	1.00	20.50	1420.3	0.25	10.54	1.0	226.37	-5.77	-0.782	8.32e-03	4.12e-04
2964	03/05/2008	11:00	1.30	280.0	1.00	22.30	1634.9	0.26	10.14	2.0	247.23	-6.30	-0.810	8.71e-03	4.22e-04
2965	03/05/2008	12:00	1.20	340.0	1.00	22.60	1829.5	0.25	10.56	2.0	254.16	-5.35	-0.872	8.85e-03	4.23e-04
2966	03/05/2008	13:00	1.00	70.0	1.00	24.30	1999.6	0.22	11.55	2.0	244.49	-3.96	-0.945	8.71e-03	4.33e-04
2967	03/05/2008	14:00	1.80	30.0	1.18	25.00	2143.7	0.32	8.60	2.0	222.46	-12.45	-0.607	8.27e-03	4.37e-04
2968	03/05/2008	15:00	1.90	20.0	1.25	25.00	2258.9	0.32	8.35	2.0	188.83	-15.49	-0.506	7.46e-03	4.37e-04
2969	03/05/2008	16:00	1.00	360.0	1.00	25.20	2343.1	0.21	11.49	2.0	144.92	-5.53	-0.599	6.23e-03	4.38e-04
2970	03/05/2008	17:00	2.20	60.0	1.40	24.70	2396.9	0.32	7.87	2.0	93.97	-31.38	-0.251	4.55e-03	4.35e-04
2971	03/05/2008	18:00	2.60	20.0	1.43	22.70	2418.6	0.30	7.75	2.0	38.22	-64.20	-0.108	2.43e-03	4.24e-04
2972	03/05/2008	19:00	1.80	30.0	1.00	20.90	124.1	0.16	9.05	2.0	-7.43	90.00	0.041	0.00e+00	4.14e-04
2973	03/05/2008	20:00	2.00	10.0	1.10	20.20	131.6	0.17	8.60	2.0	-9.73	90.00	0.048	0.00e+00	4.10e-04
2974	03/05/2008	21:00	1.00	0.0	1.00	17.40	88.9	0.09	11.99	2.0	-1.69	90.00	0.016	0.00e+00	3.95e-04
2975	03/05/2008	22:00	1.30	260.0	1.00	16.50	103.3	0.11	10.58	2.0	-3.25	90.00	0.024	0.00e+00	3.90e-04
2976	03/05/2008	23:00	1.10	180.0	1.00	16.00	93.9	0.10	11.46	3.0	-2.14	90.00	0.018	0.00e+00	3.88e-04
2977	04/05/2008	00:00	1.30	200.0	1.00	14.30	103.3	0.11	10.58	3.0	-3.25	90.00	0.024	0.00e+00	3.79e-04
2978	04/05/2008	01:00	1.00	160.0	1.00	13.10	88.9	0.09	11.99	3.0	-1.69	90.00	0.016	0.00e+00	3.73e-04
2979	04/05/2008	02:00	1.00	160.0	1.00	12.70	88.9	0.09	11.99	3.0	-1.69	90.00	0.016	0.00e+00	3.70e-04
2980	04/05/2008	03:00	1.20	190.0	1.00	11.90	98.7	0.11	10.99	3.0	-2.66	90.00	0.021	0.00e+00	3.66e-04
2981	04/05/2008	04:00	1.20	270.0	1.00	11.50	98.7	0.11	10.99	3.0	-2.66	90.00	0.021	0.00e+00	3.64e-04
2982	04/05/2008	05:00	1.20	160.0	1.00	10.70	98.7	0.11	10.99	3.0	-2.66	90.00	0.021	0.00e+00	3.60e-04
2983	04/05/2008	06:00	1.00	190.0	1.00	13.10	519.3	0.18	11.32	3.0	38.68	-13.27	-0.178	2.43e-03	3.73e-04
2984	04/05/2008	07:00	1.10	200.0	1.00	15.40	725.2	0.21	10.91	3.0	97.53	-8.53	-0.385	4.50e-03	3.85e-04
2985	04/05/2008	08:00	1.00	180.0	1.00	18.30	958.6	0.21	11.49	3.0	149.66	-5.42	-0.601	6.14e-03	4.00e-04
2986	04/05/2008	09:00	1.00	180.0	1.00	20.80	1194.5	0.22	11.53	3.0	192.43	-4.61	-0.757	7.34e-03	4.13e-04
2987	04/05/2008	10:00	1.10	210.0	1.00	22.20	1422.2	0.23	11.01	3.0	224.75	-4.95	-0.824	8.12e-03	4.21e-04
2988	04/05/2008	11:00	1.00	350.0	1.00	23.40	1634.6	0.22	11.55	3.0	244.26	-3.96	-0.942	8.55e-03	4.28e-04
2989	04/05/2008	12:00	1.30	300.0	1.00	24.90	1827.3	0.26	10.14	3.0	249.37	-6.27	-0.823	8.68e-03	4.36e-04
2990	04/05/2008	13:00	1.10	340.0	1.00	25.30	1990.6	0.23	11.01	4.0	233.33	-4.84	-0.860	8.16e-03	4.38e-04
2991	04/05/2008	14:00	2.10	340.0	1.38	25.60	2130.2	0.35	7.95	4.0	213.34	-17.33	-0.530	7.75e-03	4.40e-04
2992	04/05/2008	15:00	2.20	20.0	1.45	25.50	2242.8	0.35	7.75	4.0	182.17	-21.27	-0.445	7.00e-03	4.39e-04
2993	04/05/2008	16:00	3.40	360.0	2.02	25.20	2328.0	0.44	6.55	4.0	141.53	-51.50	-0.280	5.86e-03	4.38e-04
2994	04/05/2008	17:00	3.80	360.0	2.12	24.20	2383.4	0.44	6.38	4.0	93.96	-78.94	-0.184	4.29e-03	4.32e-04
2995	04/05/2008	18:00	2.60	360.0	1.44	23.00	2407.3	0.31	7.75	4.0	41.99	-60.01	-0.118	2.32e-03	4.26e-04
2996	04/05/2008	19:00	1.50	350.0	1.00	22.20	112.0	0.13	9.88	3.0	-4.67	90.00	0.031	0.00e+00	4.21e-04
2997	04/05/2008	20:00	1.00	310.0	1.00	20.20	88.9	0.09	11.99	3.0	-1.69	90.00	0.016	0.00e+00	4.10e-04
2998	04/05/2008	21:00	1.00	320.0	1.00	18.20	88.9	0.09	11.99	3.0	-1.69	90.00	0.016	0.00e+00	3.99e-04
2999	04/05/2008	22:00	2.80	320.0	1.52	18.20	158.3	0.24	7.31	3.0	-23.19	90.00	0.082	0.00e+00	3.99e-04
3000	04/05/2008	23:00	2.20	10.0	1.21	17.70	138.7	0.19	8.21	3.0	-12.43	90.00	0.055	0.00e+00	3.97e-04
3001	05/05/2008	00:00	1.40	160.0	1.00	15.70	107.7	0.12	10.21	2.0	-3.92	90.00	0.027	0.00e+00	3.86e-04
3002	05/05/2008	01:00	1.00	0.0	1.00	14.30	88.9	0.09	11.99	2.0	-1.69	90.00	0.016	0.00e+00	3.79e-04
3003	05/05/2008	02:00	1.00	270.0	1.00	13.60	88.9	0.09	11.99	2.0	-1.69	90.00	0.016	0.00e+00	3.75e-04
3004	05/05/2008	03:00	2.60	340.0	1.42	14.30	152.0	0.22	7.58	2.0	-19.13	90.00	0.072	0.00e+00	3.79e-04
3005	05/05/2008	04:00	2.10	360.0	1.16	13.80	135.2	0.18	8.40	2.0	-11.03	90.00	0.051	0.00e+00	3.76e-04
3006	05/05/2008	05:00	1.00	30.0	1.00	13.70	88.9	0.09	11.99	4.0	-1.69	90.00	0.016	3.74e-05	3.76e-04
3007	05/05/2008	06:00	2.10	10.0	1.17	15.00	743.2	0.26	8.61	6.0	34.75	-43.31	-0.112	1.82e-03	3.82e-04
3008	05/05/2008	07:00	1.60	340.0	1.07	16.30	890.0	0.27	9.03	5.0	89.93	-18.52	-0.282	3.95e-03	3.89e-04
3009	05/05/2008	08:00	1.40	340.0	1.00	17.40	1072.9	0.25	9.70	5.0	136.17	-10.74	-0.448	5.37e-03	3.95e-04
3010	05/05/2008	09:00	1.50	10.0	1.00	19.60	1269.4	0.27	9.40	5.0	173.99	-10.38	-0.538	6.41e-03	4.07e-04
3011	05/05/2008	10:00	1.50	10.0	1.00	21.30	1465.5	0.28	9.41	5.0	202.07	-9.39	-0.618	7.09e-03	4.16e-04
3012	05/05/2008	11:00	1.90	360.0	1.25	21.90	1628.1	0.32	8.35	6.0	188.23	-15.52	-0.500	6.32e-03	4.19e-04
3013	05/05/2008	12:00	3.60	10.0	2.21	23.60	1783.3	0.48	6.25	6.0	191.97	-50.55	-0.343	6.42e-03	4.29e-04
3014	05/05/2008	13:00	4.30	10.0	2.48	23.50	1923.7	0.52	5.89	6.0	186.80	-67.19	-0.307	6.32e-03	4.28e-04
3015	05/05/2008	14:00	4.00	360.0	2.33	23.80	2043.1	0.49	6.09	6.0	171.16	-61.78	-0.298	6.00e-03	4.30e-04
3016	05/05/2008	15:00	4.60	20.0	2.57	24.00	2141.7	0.53	5.78	6.0	146.58	-88.43	-0.238	5.43e-03	4.31e-04
3017	05/05/2008	16:00	4.30	360.0	2.39	23.30	2215.7	0.49	5.99	6.0	114.88	-90.26	-0.201	4.55e-03	4.27e-04
3018	05/05/2008	17:00	4.30	360.0	2.38	23.10	2265.0	0.48	6.01	6.0	77.55	-122.19	-0.140	3.34e-03	4.26e-04
3019	05/05/2008	18:00	4.00	350.0	2.21	21.70	2288.9	0.43	6.22	6.0	36.87	-191.95	-0.073	1.82e-03	4.18e-04
3020	05/05/2008	19:00	3.60	350.0	2.03	20.70	525.0	0.37	6.44	6.0	-4.48	977.28	0.010	2.89e-05	4.13e-04
3021	05/05/2008	20:00	3.10	340.0	1.69	20.10	172.5	0.27	6.96	7.0	-17.43	95.04	0.056	0.00e+00	4.10e-04
3022	05/05/2008	21:00	3.20	330.0	1.76	19.30	186.1	0.28	6.83	7.0	-18.44	105.54	0.056	0.00e+00	4.05e-04
3023	05/05/2008	22:00	3.30	330.0	1.83	18.70	200.3	0.30	6.71	7.0	-19.47	116.85	0.056	0.00e+00	4.02e-04
3024	05/05/2008	23:00	1.20	340.0	1.00	17.40	98.7	0.11	10.99	7.0	-2.66	90.00	0.021	0.00e+00	3.95e-04
3025	06/05/2008	00:00	1.00	0.0	1.00	15.90	88.9	0.09	11.99	7.0	-1.69	90.00	0.016	0.00e+00	3.87e-04
3026	06/05/2008	01:00	1.20	250.0	1.00	14.90	98.7	0.11	10.99	8.0	-2.66	90.00	0.021	0.00e+00	3.82e-04
3027	06/05/2008	02:00	2.50	200.0	1.37	15.00	148.8	0.21	7.72	8.0	-11.54	90.00	0.045	0.00e+00	3.82e-04
3028	06/05/2008	03:00	1.50	110.0	1.00	14.70	112.0	0.13	9.88	8.0	-4.67	90.00	0.030	0.00e+00	3.81e-04
3029	06/05/2008	04:00	1.50	170.0	1.00	14.10	112.0	0.13	9.88	8.0	-4.67	90.00	0.030	0.00e+00	3.78e-04
3030	06/05/2008	05:00	3.30	190.0	1.85	15.10	673.3	0.34	6.75	8.0	-1.23	2808.15	0.003	2.44e-05	3.83e-04
3031	06/05/2008	06:00	3.10	180.0	1.72	16.00	961.0	0.33	7.04	8.0	14.18	-229.57	-0.036	6.46e-04	3.88e-04
3032	06/05/2008	07:00	3.40	180.0	1.88	16.40	1070.1	0.37	6.75	8.0	29.18	-154.00	-0.066	1.17e-03	3.90e-04
3033	06/05/2008	08:00	3.30	190.0	1.82	17.00	1127.8	0.37	6.87	8.0	43.11	-102.68	-0.098	1.59e-03	3.93e-04
3034	06/05/2008	09:00	3.80	170.0	2.13	18.40	1289.1	0.45	6.35	7.0	111.50	-70.45	-0.210	3.97e-03	4.01e-04
3035	06/05/2008	10:00	2.50	160.0	1.61	19.80	1418.6	0.37	7.34	7.0	129.48	-33.65	-0.299	4.39e-03	4.08e-04
3036	06/05/2008	11:00	3.90	200.0	2.22	21.10	1550.4	0.47	6.23	7.0	140.34	-64.88	-0.254	4.62e-03	4.15e-04
3037	06/05/2008	12:00	3.40	200.0	2.02	21.70	1673.2	0.44	6.54	7.0	143.91	-51.22	-0.280	4.69e-03	4.18e-04
3038	06/05/2008	13:00	2.90	200.0	1.81	22.50	1783.3	0.40	6.92	7.0	139.62	-40.96	-0.297	4.62e-03	4.23e-04
3039	06/05/2008	14:00	1.60	170.0	1.06	23.00	1876.8	0.28	9.06	7.0	128.09	-14.48	-0.397	4.39e-03	4.26e-04
3040	06/05/2008	15:00	1.20	250.0	1.00	23.30	1978.6	0.23	10.49	6.0	147.55	-7.63	-0.541	5.44e-03	4.27e-04
3041	06/05/2008	16:00	1.00	200.0	1.00	23.30	2054.8	0.20	11.46	6.0	115.56	-6.40	-0.487	4.57e-03	4.27e-04
3042	06/05/2008	17:00	1.90	140.0	1.23	22.50	2105.3	0.29	8.41	6.0	78.25	-27.04	-0.232	3.37e-03	4.23e-04
3043	06/05/2008	18:00	2.60	180.0	1.44	21.60	2132.4	0.31	7.75	5.0	42.02	-59.99	-0.117	2.19e-03	4.18e-04
3044	06/05/2008	19:00	1.20	180.0	1.00	20.20	98.7	0.11	10.99	5.0	-2.66	90.00	0.021	8.28e-05	4.10e-04
3045	06/05/2008	20:00	1.10	150.0	1.00	19.30	93.9	0.10	11.46	5.0	-2.14	90.00	0.019	0.00e+00	4.05e-04
3046	06/05/2008	21:00	1.90	180.0	1.05	17.10	127.9	0.16	8.82	4.0	-8.53	90.00	0.044	0.00e+00	3.94e-04
3047	06/05/2008	22:00	1.00	150.0	1.00	16.40	88.9	0.09	11.99	4.0	-1.69	90.00	0.016	0.00e+00	3.90e-04
3048	06/05/2008	23:00	1.00	190.0	1.00	15.40	88.9	0.09	11.99	4.0	-1.69	90.00	0.016	0.00e+00	3.85e-04
3049	07/05/2008	00:00	1.70	160.0	1.00	14.20	120.2	0.15	9.30	3.0	-6.42	90.00	0.036	0.00e+00	3.78e-04
3050	07/05/2008	01:00	1.20	150.0	1.00	13.20	98.7	0.11	10.99	3.0	-2.66	90.00	0.021	0.00e+00	3.73e-04
3051	07/05/2008	02:00	1.00	130.0	1.00	12.10	88.9	0.09	11.99	3.0	-1.69	90.00	0.016	0.00e+00	3.67e-04
3052	07/05/2008	03:00	1.00	140.0	1.00	11.50	88.9	0.09	11.99	2.0	-1.69	90.00	0.016	0.00e+00	3.64e-04
3053	07/05/2008	04:00	1.00	130.0	1.00	11.10	88.9	0.09	11.99	2.0	-1.69	90.00	0.016	0.00e+00	3.62e-04
3054	07/05/2008	05:00	1.00	140.0	1.00	11.10	88.9	0.09	11.99	1.0	-1.69	90.00	0.016	1.54e-04	3.62e-04
3055	07/05/2008	06:00	1.00	0.0	1.00	14.10	524.9	0.18	11.33	4.0	42.85	-12.38	-0.196	2.44e-03	3.78e-04
3056	07/05/2008	07:00	2.00	190.0	1.31	15.90	893.6	0.31	8.13	4.0	98.39	-26.60	-0.265	4.39e-03	3.87e-04
3057	07/05/2008	08:00	1.70	170.0	1.12	17.40	1091.9	0.29	8.81	4.0	148.68	-14.70	-0.428	5.94e-03	3.95e-04
3058	07/05/2008	09:00	2.30	170.0	1.51	19.50	1311.2	0.37	7.59	3.0	196.44	-22.05	-0.453	7.40e-03	4.06e-04
3059	07/05/2008	10:00	2.20	180.0	1.44	21.30	1519.7	0.36	7.77	4.0	220.40	-18.58	-0.522	7.80e-03	4.16e-04
3060	07/05/2008	11:00	2.70	160.0	1.76	22.80	1727.4	0.42	7.01	2.0	249.71	-25.74	-0.511	8.77e-03	4.24e-04
3061	07/05/2008	12:00	2.90	140.0	1.90	23.60	1896.4	0.43	6.76	5.0	225.45	-32.19	-0.444	7.60e-03	4.29e-04
3062	07/05/2008	13:00	3.30	180.0	2.12	24.10	2048.0	0.47	6.39	5.0	218.70	-41.80	-0.400	7.49e-03	4.32e-04
3063	07/05/2008	14:00	3.60	160.0	2.17	24.50	2160.3	0.47	6.31	6.0	171.83	-52.54	-0.316	6.03e-03	4.34e-04
3064	07/05/2008	15:00	3.90	170.0	2.24	25.30	2252.8	0.47	6.21	6.0	147.20	-63.32	-0.268	5.46e-03	4.38e-04
3065	07/05/2008	16:00	4.10	160.0	2.29	24.90	2323.6	0.47	6.13	6.0	115.86	-80.73	-0.211	4.59e-03	4.36e-04
3066	07/05/2008	17:00	3.70	160.0	2.05	24.10	2370.5	0.42	6.48	6.0	79.07	-84.12	-0.161	3.39e-03	4.32e-04
3067	07/05/2008	18:00	3.50	160.0	1.93	22.60	2393.7	0.39	6.66	6.0	38.80	-129.83	-0.086	1.89e-03	4.23e-04
3068	07/05/2008	19:00	3.70	170.0	2.08	20.90	655.1	0.38	6.37	6.0	-2.62	1847.65	0.006	1.10e-04	4.14e-04
3069	07/05/2008	20:00	4.20	180.0	2.34	20.10	284.6	0.39	5.96	6.0	-30.15	180.02	0.065	0.00e+00	4.10e-04
3070	07/05/2008	21:00	5.70	190.0	3.19	18.90	470.0	0.56	5.12	6.0	-43.13	363.84	0.065	0.00e+00	4.03e-04
3071	07/05/2008	22:00	6.10	190.0	3.41	17.80	492.1	0.60	4.96	5.0	-51.81	370.00	0.072	0.00e+00	3.97e-04
3072	07/05/2008	23:00	4.60	200.0	2.55	17.00	309.1	0.43	5.70	5.0	-37.51	192.31	0.072	0.00e+00	3.93e-04
3073	08/05/2008	00:00	4.40	190.0	2.44	16.40	285.7	0.41	5.83	5.0	-35.59	172.12	0.072	0.00e+00	3.90e-04
3074	08/05/2008	01:00	1.50	170.0	1.00	15.80	112.0	0.13	9.88	5.0	-4.67	90.00	0.030	0.00e+00	3.87e-04
3075	08/05/2008	02:00	2.40	150.0	1.31	15.10	145.5	0.21	7.88	5.0	-15.55	90.00	0.063	0.00e+00	3.83e-04
3076	08/05/2008	03:00	1.50	130.0	1.00	14.50	112.0	0.13	9.88	5.0	-4.67	90.00	0.030	0.00e+00	3.80e-04
3077	08/05/2008	04:00	1.00	40.0	1.00	14.00	88.9	0.09	11.99	5.0	-1.69	90.00	0.016	0.00e+00	3.77e-04
3078	08/05/2008	05:00	1.40	150.0	1.00	13.60	107.7	0.12	10.21	4.0	-3.92	90.00	0.027	1.94e-04	3.75e-04
3079	08/05/2008	06:00	1.00	0.0	1.00	14.80	523.3	0.18	11.33	2.0	41.60	-12.63	-0.191	2.65e-03	3.81e-04
3080	08/05/2008	07:00	1.00	180.0	1.00	16.30	733.5	0.20	11.44	2.0	100.64	-7.01	-0.421	4.73e-03	3.89e-04
3081	08/05/2008	08:00	2.50	180.0	1.64	19.00	1090.4	0.38	7.27	2.0	153.24	-31.02	-0.342	6.37e-03	4.04e-04
3082	08/05/2008	09:00	3.50	180.0	2.18	21.30	1370.4	0.47	6.30	2.0	196.56	-48.01	-0.352	7.57e-03	4.16e-04
3083	08/05/2008	10:00	4.90	180.0	2.81	22.20	1686.3	0.58	5.53	1.0	228.32	-77.01	-0.333	8.41e-03	4.21e-04
3084	08/05/2008	11:00	5.10	160.0	2.93	23.20	1882.2	0.61	5.42	1.0	248.51	-79.41	-0.350	8.84e-03	4.27e-04
3085	08/05/2008	12:00	4.10	170.0	2.53	23.90	2060.4	0.54	5.84	1.0	254.82	-55.54	-0.402	8.97e-03	4.30e-04
3086	08/05/2008	13:00	5.20	160.0	2.97	24.60	2222.0	0.61	5.38	1.0	246.62	-82.65	-0.346	8.84e-03	4.34e-04
3087	08/05/2008	14:00	4.70	170.0	2.72	24.70	2358.8	0.57	5.62	1.0	225.33	-71.98	-0.341	8.41e-03	4.35e-04
3088	08/05/2008	15:00	5.00	150.0	2.82	25.10	2469.8	0.58	5.53	1.0	191.33	-88.70	-0.286	7.62e-03	4.37e-04
3089	08/05/2008	16:00	4.90	160.0	2.73	24.80	2552.6	0.55	5.61	1.0	147.73	-101.26	-0.230	6.41e-03	4.35e-04
3090	08/05/2008	17:00	4.80	160.0	2.65	24.00	2607.3	0.53	5.68	2.0	99.00	-131.44	-0.161	4.73e-03	4.31e-04
3091	08/05/2008	18:00	2.80	160.0	1.55	22.80	2630.2	0.32	7.47	2.0	43.73	-68.82	-0.115	2.65e-03	4.24e-04
3092	08/05/2008	19:00	2.80	150.0	1.52	20.90	158.3	0.24	7.31	2.0	-13.23	90.00	0.047	2.07e-04	4.14e-04
3093	08/05/2008	20:00	4.00	170.0	2.19	19.80	215.9	0.35	6.12	3.0	-34.82	110.59	0.084	0.00e+00	4.08e-04
3094	08/05/2008	21:00	5.40	180.0	3.00	18.70	373.8	0.52	5.27	3.0	-51.30	237.44	0.084	0.00e+00	4.02e-04
3095	08/05/2008	22:00	3.30	190.0	1.79	17.60	173.0	0.28	6.76	3.0	-27.79	90.00	0.084	0.00e+00	3.96e-04
3096	08/05/2008	23:00	2.10	210.0	1.16	16.90	135.2	0.18	8.40	4.0	-11.03	90.00	0.051	0.00e+00	3.93e-04
3097	09/05/2008	00:00	1.00	110.0	1.00	16.00	88.9	0.09	11.99	4.0	-1.69	90.00	0.016	0.00e+00	3.88e-04
3098	09/05/2008	01:00	2.00	100.0	1.10	15.10	131.6	0.17	8.60	4.0	-9.73	90.00	0.047	0.00e+00	3.83e-04
3099	09/05/2008	02:00	1.90	120.0	1.05	13.70	127.9	0.16	8.82	5.0	-8.53	90.00	0.043	0.00e+00	3.76e-04
3100	09/05/2008	03:00	1.00	120.0	1.00	14.40	88.9	0.09	11.99	5.0	-1.69	90.00	0.016	0.00e+00	3.79e-04
3101	09/05/2008	04:00	1.20	120.0	1.00	13.40	98.7	0.11	10.99	6.0	-2.66	90.00	0.021	0.00e+00	3.74e-04
3102	09/05/2008	05:00	1.00	170.0	1.00	13.70	88.9	0.09	11.99	4.0	-1.69	90.00	0.016	2.44e-04	3.76e-04
3103	09/05/2008	06:00	1.10	180.0	1.00	15.70	548.5	0.19	10.84	6.0	38.21	-15.83	-0.168	1.95e-03	3.86e-04
3104	09/05/2008	07:00	1.10	220.0	1.00	16.60	678.8	0.20	10.85	7.0	60.20	-11.79	-0.251	2.51e-03	3.91e-04
3105	09/05/2008	08:00	1.20	220.0	1.00	18.30	834.4	0.22	10.43	7.0	88.61	-10.71	-0.338	3.37e-03	4.00e-04
3106	09/05/2008	09:00	1.10	190.0	1.00	20.20	996.7	0.21	10.92	7.0	112.22	-7.78	-0.443	4.00e-03	4.10e-04
3107	09/05/2008	10:00	2.20	200.0	1.45	20.70	1160.8	0.34	7.73	7.0	130.30	-26.96	-0.324	4.41e-03	4.13e-04
3108	09/05/2008	11:00	2.80	190.0	1.77	21.70	1317.5	0.40	7.00	7.0	141.21	-38.70	-0.304	4.64e-03	4.18e-04
3109	09/05/2008	12:00	2.60	210.0	1.71	22.40	1505.2	0.40	7.13	6.0	195.25	-28.48	-0.419	6.45e-03	4.22e-04
3110	09/05/2008	13:00	1.00	340.0	1.00	23.30	1624.6	0.21	11.49	7.0	140.42	-5.64	-0.578	4.64e-03	4.27e-04
3111	09/05/2008	14:00	2.10	190.0	1.39	24.50	1728.9	0.33	7.90	7.0	128.80	-24.81	-0.335	4.41e-03	4.34e-04
3112	09/05/2008	15:00	1.60	80.0	1.06	23.80	1813.4	0.27	9.05	7.0	111.28	-15.96	-0.351	4.00e-03	4.30e-04
3113	09/05/2008	16:00	1.40	170.0	1.00	23.00	1897.8	0.25	9.68	6.0	117.57	-11.86	-0.401	4.62e-03	4.26e-04
3114	09/05/2008	17:00	4.20	200.0	2.32	21.80	1957.2	0.47	6.08	6.0	80.35	-112.10	-0.146	3.44e-03	4.19e-04
3115	09/05/2008	18:00	2.70	200.0	1.49	21.20	1985.0	0.31	7.61	6.0	39.80	-67.90	-0.108	1.95e-03	4.16e-04
3116	09/05/2008	19:00	1.40	210.0	1.00	20.10	107.7	0.12	10.21	5.0	-3.92	90.00	0.027	2.22e-04	4.10e-04
3117	09/05/2008	20:00	2.10	200.0	1.16	19.50	135.2	0.18	8.40	5.0	-11.03	90.00	0.052	0.00e+00	4.06e-04
3118	09/05/2008	21:00	1.50	200.0	1.00	19.00	112.0	0.13	9.88	5.0	-4.67	90.00	0.030	0.00e+00	4.04e-04
3119	09/05/2008	22:00	1.20	200.0	1.00	17.80	98.7	0.11	10.99	4.0	-2.66	90.00	0.021	0.00e+00	3.97e-04
3120	09/05/2008	23:00	1.10	180.0	1.00	17.20	93.9	0.10	11.46	4.0	-2.14	90.00	0.018	0.00e+00	3.94e-04
3121	10/05/2008	00:00	1.00	150.0	1.00	16.20	88.9	0.09	11.99	4.0	-1.69	90.00	0.016	0.00e+00	3.89e-04
3122	10/05/2008	01:00	2.20	80.0	1.21	15.60	138.7	0.19	8.21	3.0	-12.43	90.00	0.055	0.00e+00	3.86e-04
3123	10/05/2008	02:00	1.00	180.0	1.00	14.60	88.9	0.09	11.99	3.0	-1.69	90.00	0.016	0.00e+00	3.80e-04
3124	10/05/2008	03:00	1.30	110.0	1.00	14.70	103.3	0.11	10.58	3.0	-3.25	90.00	0.024	0.00e+00	3.81e-04
3125	10/05/2008	04:00	1.00	180.0	1.00	14.20	88.9	0.09	11.99	3.0	-1.69	90.00	0.016	0.00e+00	3.78e-04
3126	10/05/2008	05:00	1.10	210.0	1.00	14.10	93.9	0.10	11.46	6.0	-2.14	90.00	0.018	2.26e-04	3.78e-04
3127	10/05/2008	06:00	2.00	220.0	1.13	16.10	732.7	0.25	8.76	6.0	39.08	-36.92	-0.129	1.98e-03	3.88e-04
3128	10/05/2008	07:00	1.20	220.0	1.00	17.60	867.3	0.22	10.42	6.0	81.28	-11.35	-0.312	3.47e-03	3.96e-04
3129	10/05/2008	08:00	1.50	10.0	1.00	19.90	1034.5	0.26	9.36	6.0	119.25	-13.42	-0.384	4.64e-03	4.09e-04
3130	10/05/2008	09:00	2.30	350.0	1.51	21.00	1243.8	0.36	7.58	5.0	176.36	-23.82	-0.413	6.50e-03	4.15e-04
3131	10/05/2008	10:00	2.20	360.0	1.44	22.20	1448.1	0.36	7.76	5.0	204.46	-19.59	-0.489	7.16e-03	4.21e-04
3132	10/05/2008	11:00	1.00	360.0	1.00	23.10	1638.8	0.22	11.54	5.0	221.68	-4.21	-0.864	7.52e-03	4.26e-04
3133	10/05/2008	12:00	1.80	290.0	1.18	24.20	1814.8	0.32	8.60	5.0	226.56	-12.30	-0.616	7.63e-03	4.32e-04
3134	10/05/2008	13:00	1.80	50.0	1.18	25.00	1970.6	0.32	8.60	5.0	219.57	-12.56	-0.600	7.52e-03	4.37e-04
3135	10/05/2008	14:00	1.50	70.0	1.00	25.80	2118.5	0.28	9.43	3.0	225.20	-8.73	-0.691	8.22e-03	4.41e-04
3136	10/05/2008	15:00	2.10	120.0	1.38	26.10	2238.9	0.34	7.94	2.0	193.77	-18.54	-0.487	7.61e-03	4.43e-04
3137	10/05/2008	16:00	3.40	360.0	2.04	25.90	2330.0	0.44	6.51	2.0	150.88	-50.43	-0.295	6.42e-03	4.42e-04
3138	10/05/2008	17:00	4.00	10.0	2.23	25.40	2389.8	0.46	6.22	2.0	100.77	-84.23	-0.190	4.79e-03	4.39e-04
3139	10/05/2008	18:00	2.50	10.0	1.39	24.10	2416.1	0.30	7.88	2.0	46.24	-51.72	-0.132	2.74e-03	4.32e-04
3140	10/05/2008	19:00	1.50	350.0	1.00	23.30	112.0	0.13	9.88	2.0	-4.67	90.00	0.031	3.13e-04	4.27e-04
3141	10/05/2008	20:00	1.00	200.0	1.00	21.10	88.9	0.09	11.99	2.0	-1.69	90.00	0.016	0.00e+00	4.15e-04
3142	10/05/2008	21:00	2.20	190.0	1.21	20.80	138.7	0.19	8.21	2.0	-12.43	90.00	0.056	0.00e+00	4.13e-04
3143	10/05/2008	22:00	2.00	210.0	1.10	19.60	131.6	0.17	8.60	3.0	-9.73	90.00	0.048	0.00e+00	4.07e-04
3144	10/05/2008	23:00	2.20	180.0	1.21	18.80	138.7	0.19	8.21	3.0	-12.43	90.00	0.056	0.00e+00	4.03e-04
3145	11/05/2008	00:00	5.40	190.0	3.00	18.00	373.3	0.52	5.27	3.0	-51.41	236.75	0.084	0.00e+00	3.98e-04
3146	11/05/2008	01:00	4.60	190.0	2.54	17.40	282.8	0.43	5.70	3.0	-42.46	160.49	0.084	0.00e+00	3.95e-04
3147	11/05/2008	02:00	2.90	190.0	1.58	16.50	161.3	0.25	7.19	3.0	-24.63	90.00	0.084	0.00e+00	3.90e-04
3148	11/05/2008	03:00	1.00	60.0	1.00	15.20	88.9	0.09	11.99	3.0	-1.69	90.00	0.016	0.00e+00	3.84e-04
3149	11/05/2008	04:00	2.30	150.0	1.26	13.50	142.1	0.20	8.04	3.0	-13.94	90.00	0.059	0.00e+00	3.75e-04
3150	11/05/2008	05:00	1.30	90.0	1.00	13.40	103.3	0.11	10.58	3.0	-3.25	90.00	0.024	3.56e-04	3.74e-04
3151	11/05/2008	06:00	1.20	330.0	1.00	15.00	590.9	0.20	10.38	2.0	44.90	-16.85	-0.183	2.78e-03	3.82e-04
3152	11/05/2008	07:00	2.10	220.0	1.37	17.90	921.1	0.32	7.96	1.0	100.66	-28.47	-0.265	4.85e-03	3.98e-04
3153	11/05/2008	08:00	1.60	200.0	1.06	20.00	1122.9	0.28	9.08	3.0	154.77	-12.71	-0.466	6.32e-03	4.09e-04
3154	11/05/2008	09:00	2.00	190.0	1.32	20.60	1292.1	0.33	8.12	6.0	152.11	-19.95	-0.397	5.52e-03	4.12e-04
3155	11/05/2008	10:00	1.50	210.0	1.00	21.60	1420.5	0.27	9.37	7.0	130.67	-12.60	-0.419	4.43e-03	4.18e-04
3156	11/05/2008	11:00	1.70	180.0	1.12	21.80	1548.2	0.29	8.80	7.0	141.90	-15.18	-0.417	4.65e-03	4.19e-04
3157	11/05/2008	12:00	1.70	180.0	1.12	23.10	1708.6	0.30	8.84	6.0	195.57	-12.18	-0.558	6.47e-03	4.26e-04
3158	11/05/2008	13:00	1.40	270.0	1.00	24.50	1873.4	0.27	9.76	5.0	220.68	-7.78	-0.705	7.53e-03	4.34e-04
3159	11/05/2008	14:00	3.50	310.0	2.19	25.30	2016.7	0.48	6.28	5.0	202.03	-47.51	-0.365	7.18e-03	4.38e-04
3160	11/05/2008	15:00	5.50	330.0	3.04	24.10	2097.3	0.60	5.31	7.0	112.04	-167.04	-0.161	4.02e-03	4.32e-04
3161	11/05/2008	16:00	6.50	10.0	3.59	21.50	2164.2	0.69	4.87	7.0	89.12	-319.20	-0.111	3.40e-03	4.17e-04
3162	11/05/2008	17:00	5.50	150.0	3.04	17.70	2207.4	0.58	5.29	7.0	61.29	-285.33	-0.088	2.54e-03	3.97e-04
3163	11/05/2008	18:00	7.80	180.0	4.33	16.40	2321.8	0.80	4.42	7.0	30.41	-1509.03	-0.032	1.46e-03	3.90e-04
3164	11/05/2008	19:00	7.60	200.0	4.24	15.50	2255.5	0.78	4.46	7.0	-0.93	45062.23	0.001	1.92e-04	3.85e-04
3165	11/05/2008	20:00	3.80	210.0	2.12	15.10	259.6	0.36	6.25	7.0	-23.71	167.06	0.056	0.00e+00	3.83e-04
3166	11/05/2008	21:00	4.50	180.0	2.52	14.60	346.0	0.44	5.76	7.0	-29.08	249.89	0.056	0.00e+00	3.80e-04
3167	11/05/2008	22:00	2.30	160.0	1.26	14.40	142.1	0.20	8.04	7.0	-13.17	90.00	0.056	0.00e+00	3.79e-04
3168	11/05/2008	23:00	1.50	180.0	1.00	14.20	112.0	0.13	9.88	7.0	-4.67	90.00	0.030	0.00e+00	3.78e-04
3169	12/05/2008	00:00	1.40	150.0	1.00	13.80	107.7	0.12	10.21	7.0	-3.92	90.00	0.027	0.00e+00	3.76e-04
3170	12/05/2008	01:00	2.00	160.0	1.10	13.80	131.6	0.17	8.60	7.0	-9.73	90.00	0.047	0.00e+00	3.76e-04
3171	12/05/2008	02:00	1.90	160.0	1.05	13.70	127.9	0.16	8.82	7.0	-8.53	90.00	0.043	0.00e+00	3.76e-04
3172	12/05/2008	03:00	1.70	110.0	1.00	13.40	120.2	0.15	9.30	7.0	-6.42	90.00	0.036	0.00e+00	3.74e-04
3173	12/05/2008	04:00	1.00	0.0	1.00	13.00	88.9	0.09	11.99	7.0	-1.69	90.00	0.016	0.00e+00	3.72e-04
3174	12/05/2008	05:00	1.00	230.0	1.00	13.10	88.9	0.09	11.99	6.0	-1.69	90.00	0.016	2.99e-04	3.73e-04
3175	12/05/2008	06:00	1.80	230.0	1.07	13.70	716.8	0.25	9.00	5.0	45.71	-29.55	-0.153	2.40e-03	3.76e-04
3176	12/05/2008	07:00	2.30	220.0	1.45	15.50	955.1	0.33	7.73	5.0	96.20	-33.21	-0.242	4.15e-03	3.85e-04
3177	12/05/2008	08:00	2.30	220.0	1.52	17.20	1155.6	0.36	7.57	3.0	157.78	-25.81	-0.369	6.34e-03	3.94e-04
3178	12/05/2008	09:00	1.40	220.0	1.00	19.20	1365.4	0.27	9.75	3.0	200.76	-8.29	-0.637	7.49e-03	4.05e-04
3179	12/05/2008	10:00	1.30	150.0	1.00	20.70	1576.0	0.26	10.13	2.0	234.81	-6.52	-0.770	8.42e-03	4.13e-04
3180	12/05/2008	11:00	1.00	90.0	1.00	21.30	1777.0	0.22	11.56	2.0	255.52	-3.85	-0.973	8.83e-03	4.16e-04
3181	12/05/2008	12:00	1.50	290.0	1.00	22.50	1961.3	0.29	9.44	1.0	259.63	-7.95	-0.775	9.02e-03	4.23e-04
3182	12/05/2008	13:00	1.40	210.0	1.00	23.30	2124.9	0.27	9.77	1.0	251.17	-7.15	-0.788	8.89e-03	4.27e-04
3183	12/05/2008	14:00	2.20	360.0	1.44	23.80	2265.0	0.36	7.77	1.0	229.26	-18.07	-0.545	8.47e-03	4.30e-04
3184	12/05/2008	15:00	1.50	330.0	1.00	23.90	2378.3	0.28	9.41	2.0	197.13	-9.55	-0.610	7.65e-03	4.30e-04
3185	12/05/2008	16:00	5.70	30.0	3.15	23.20	2469.1	0.63	5.21	2.0	153.88	-140.51	-0.210	6.47e-03	4.27e-04
3186	12/05/2008	17:00	6.80	40.0	3.75	20.50	2533.1	0.72	4.76	2.0	103.25	-315.39	-0.122	4.86e-03	4.12e-04
3187	12/05/2008	18:00	2.50	40.0	1.39	19.50	2557.7	0.30	7.88	2.0	46.80	-51.32	-0.131	2.81e-03	4.06e-04
3188	12/05/2008	19:00	2.60	170.0	1.42	18.40	152.0	0.22	7.58	2.0	-10.73	90.00	0.041	4.13e-04	4.01e-04
3189	12/05/2008	20:00	5.10	210.0	2.82	17.50	330.4	0.48	5.42	2.0	-49.91	196.19	0.087	0.00e+00	3.96e-04
3190	12/05/2008	21:00	3.80	230.0	2.05	16.10	186.7	0.32	6.31	2.0	-33.36	90.00	0.087	0.00e+00	3.88e-04
3191	12/05/2008	22:00	2.10	170.0	1.16	15.60	135.2	0.18	8.40	2.0	-11.03	90.00	0.051	0.00e+00	3.86e-04
3192	12/05/2008	23:00	2.30	160.0	1.26	14.60	142.1	0.20	8.04	2.0	-13.94	90.00	0.059	0.00e+00	3.80e-04
3193	13/05/2008	00:00	2.30	160.0	1.26	13.20	142.1	0.20	8.04	2.0	-13.94	90.00	0.059	0.00e+00	3.73e-04
3194	13/05/2008	01:00	1.50	150.0	1.00	12.20	112.0	0.13	9.88	2.0	-4.67	90.00	0.029	0.00e+00	3.68e-04
3195	13/05/2008	02:00	1.00	110.0	1.00	11.70	88.9	0.09	11.99	2.0	-1.69	90.00	0.016	0.00e+00	3.65e-04
3196	13/05/2008	03:00	1.00	0.0	1.00	11.00	88.9	0.09	11.99	2.0	-1.69	90.00	0.016	0.00e+00	3.62e-04
3197	13/05/2008	04:00	1.00	100.0	1.00	10.60	88.9	0.09	11.99	2.0	-1.69	90.00	0.016	0.00e+00	3.60e-04
3198	13/05/2008	05:00	1.00	100.0	1.00	10.90	88.9	0.09	11.99	3.0	-1.69	90.00	0.016	4.52e-04	3.61e-04
3199	13/05/2008	06:00	1.00	0.0	1.00	13.20	532.1	0.18	11.35	3.0	48.64	-11.36	-0.218	2.80e-03	3.73e-04
3200	13/05/2008	07:00	1.00	160.0	1.00	15.90	749.4	0.20	11.45	3.0	106.29	-6.76	-0.441	4.79e-03	3.87e-04
3201	13/05/2008	08:00	1.00	260.0	1.00	18.00	987.7	0.21	11.50	3.0	157.93	-5.23	-0.630	6.36e-03	3.98e-04
3202	13/05/2008	09:00	1.00	360.0	1.00	19.60	1219.1	0.22	11.53	4.0	194.33	-4.58	-0.760	7.17e-03	4.07e-04
3203	13/05/2008	10:00	1.00	150.0	1.00	20.10	1450.1	0.22	11.55	3.0	234.35	-4.07	-0.898	8.26e-03	4.10e-04
3204	13/05/2008	11:00	1.20	50.0	1.00	21.30	1642.9	0.25	10.54	5.0	225.63	-5.78	-0.782	7.55e-03	4.16e-04
3205	13/05/2008	12:00	1.50	280.0	1.00	22.30	1819.7	0.28	9.43	5.0	230.57	-8.60	-0.697	7.66e-03	4.22e-04
3206	13/05/2008	13:00	1.90	310.0	1.25	23.50	1955.2	0.32	8.35	6.0	190.92	-15.37	-0.509	6.39e-03	4.28e-04
3207	13/05/2008	14:00	1.80	340.0	1.19	23.70	2071.9	0.31	8.57	6.0	175.52	-14.65	-0.489	6.10e-03	4.29e-04
3208	13/05/2008	15:00	2.20	90.0	1.45	24.10	2168.1	0.35	7.73	6.0	151.10	-24.32	-0.374	5.54e-03	4.32e-04
3209	13/05/2008	16:00	2.80	340.0	1.72	23.80	2242.1	0.38	7.09	6.0	119.72	-41.01	-0.269	4.69e-03	4.30e-04
3210	13/05/2008	17:00	2.10	170.0	1.33	24.20	2291.6	0.31	8.08	6.0	83.02	-30.62	-0.233	3.53e-03	4.32e-04
3211	13/05/2008	18:00	1.40	190.0	1.00	22.80	2316.8	0.22	9.83	6.0	43.22	-21.47	-0.169	2.06e-03	4.24e-04
3212	13/05/2008	19:00	2.20	200.0	1.23	21.50	2318.7	0.23	8.31	6.0	2.56	-436.15	-0.009	3.34e-04	4.17e-04
3213	13/05/2008	20:00	2.90	200.0	1.58	19.90	161.3	0.25	7.19	6.0	-18.82	90.00	0.065	0.00e+00	4.09e-04
3214	13/05/2008	21:00	2.50	210.0	1.37	19.00	148.8	0.21	7.72	6.0	-16.36	90.00	0.065	0.00e+00	4.04e-04
3215	13/05/2008	22:00	2.80	210.0	1.52	18.30	158.3	0.24	7.31	7.0	-15.71	90.00	0.056	0.00e+00	4.00e-04
3216	13/05/2008	23:00	3.10	190.0	1.69	17.60	171.0	0.26	6.96	7.0	-17.52	93.59	0.056	0.00e+00	3.96e-04
3217	14/05/2008	00:00	2.30	190.0	1.26	17.30	142.1	0.20	8.04	7.0	-13.04	90.00	0.056	0.00e+00	3.95e-04
3218	14/05/2008	01:00	1.20	220.0	1.00	17.20	98.7	0.11	10.99	7.0	-2.66	90.00	0.021	0.00e+00	3.94e-04
3219	14/05/2008	02:00	1.00	170.0	1.00	16.50	88.9	0.09	11.99	7.0	-1.69	90.00	0.016	0.00e+00	3.90e-04
3220	14/05/2008	03:00	1.70	140.0	1.00	15.90	120.2	0.15	9.30	7.0	-6.42	90.00	0.036	0.00e+00	3.87e-04
3221	14/05/2008	04:00	2.10	180.0	1.16	16.00	135.2	0.18	8.40	7.0	-11.03	90.00	0.051	0.00e+00	3.88e-04
3222	14/05/2008	05:00	1.30	140.0	1.00	15.60	403.8	0.14	10.81	7.0	0.86	-281.37	-0.005	2.68e-04	3.86e-04
3223	14/05/2008	06:00	2.10	170.0	1.16	17.20	736.3	0.26	8.62	7.0	32.25	-45.39	-0.106	1.52e-03	3.94e-04
3224	14/05/2008	07:00	2.80	170.0	1.65	17.50	1050.8	0.36	7.23	5.0	97.16	-43.79	-0.224	4.20e-03	3.96e-04
3225	14/05/2008	08:00	3.60	180.0	2.12	19.10	1316.0	0.46	6.38	4.0	153.10	-54.59	-0.283	6.09e-03	4.04e-04
3226	14/05/2008	09:00	2.20	190.0	1.44	21.30	1506.0	0.36	7.76	3.0	199.86	-19.91	-0.477	7.53e-03	4.16e-04
3227	14/05/2008	10:00	3.90	170.0	2.41	22.90	1706.9	0.52	5.98	2.0	233.20	-53.16	-0.384	8.45e-03	4.25e-04
3228	14/05/2008	11:00	5.10	170.0	2.92	23.60	1896.1	0.60	5.43	4.0	242.04	-80.48	-0.343	8.28e-03	4.29e-04
3229	14/05/2008	12:00	5.10	190.0	2.93	24.30	2071.4	0.61	5.42	4.0	247.81	-79.52	-0.351	8.40e-03	4.33e-04
3230	14/05/2008	13:00	5.90	180.0	3.29	25.00	2219.6	0.66	5.10	5.0	221.77	-115.30	-0.289	7.56e-03	4.37e-04
3231	14/05/2008	14:00	5.60	190.0	3.11	25.00	2330.0	0.62	5.25	6.0	175.07	-121.70	-0.242	6.10e-03	4.37e-04
3232	14/05/2008	15:00	6.00	170.0	3.32	24.70	2422.7	0.65	5.08	6.0	151.30	-161.86	-0.200	5.55e-03	4.35e-04
3233	14/05/2008	16:00	7.30	180.0	4.03	24.30	2500.1	0.77	4.60	6.0	120.15	-333.16	-0.134	4.71e-03	4.33e-04
3234	14/05/2008	17:00	9.10	200.0	5.03	23.40	2714.2	0.94	4.11	6.0	83.59	-877.08	-0.076	3.55e-03	4.28e-04
3235	14/05/2008	18:00	5.30	190.0	2.94	22.00	2739.1	0.56	5.39	6.0	43.61	-353.17	-0.067	2.09e-03	4.20e-04
3236	14/05/2008	19:00	3.60	170.0	2.01	20.40	2741.6	0.37	6.48	6.0	2.56	-1798.61	-0.006	3.68e-04	4.11e-04
3237	14/05/2008	20:00	3.00	160.0	1.63	19.30	164.3	0.25	7.07	7.0	-16.73	90.00	0.056	0.00e+00	4.05e-04
3238	14/05/2008	21:00	2.80	150.0	1.52	18.00	158.3	0.24	7.31	7.0	-15.72	90.00	0.056	0.00e+00	3.98e-04
3239	14/05/2008	22:00	2.50	140.0	1.37	17.30	148.8	0.21	7.72	7.0	-14.13	90.00	0.056	0.00e+00	3.95e-04
3240	14/05/2008	23:00	2.90	140.0	1.58	16.50	161.3	0.25	7.19	7.0	-16.35	90.00	0.056	0.00e+00	3.90e-04
3241	15/05/2008	00:00	3.00	160.0	1.67	16.20	193.0	0.27	7.02	8.0	-14.58	120.14	0.045	0.00e+00	3.89e-04
3242	15/05/2008	01:00	2.70	160.0	1.47	16.60	155.2	0.23	7.44	8.0	-12.36	90.00	0.045	0.00e+00	3.91e-04
3243	15/05/2008	02:00	2.70	160.0	1.47	16.10	155.2	0.23	7.44	8.0	-12.38	90.00	0.045	0.00e+00	3.88e-04
3244	15/05/2008	03:00	3.60	150.0	2.01	15.70	269.1	0.34	6.42	8.0	-18.45	191.42	0.045	0.00e+00	3.86e-04
3245	15/05/2008	04:00	4.50	170.0	2.53	15.60	388.6	0.44	5.75	8.0	-23.94	321.75	0.045	0.00e+00	3.86e-04
3246	15/05/2008	05:00	3.00	160.0	1.68	15.10	899.7	0.31	7.10	8.0	1.37	-1948.77	-0.004	1.40e-04	3.83e-04
3247	15/05/2008	06:00	1.50	160.0	1.00	14.10	112.0	0.13	9.88	8.0	-4.67	90.00	0.030	7.36e-04	3.78e-04
3248	15/05/2008	07:00	2.10	130.0	1.18	14.40	645.0	0.22	8.51	8.0	2.65	-371.19	-0.010	1.24e-03	3.79e-04
3249	15/05/2008	08:00	2.00	140.0	1.10	14.80	669.1	0.22	8.83	8.0	10.10	-98.56	-0.037	1.65e-03	3.81e-04
3250	15/05/2008	09:00	2.60	170.0	1.44	15.10	828.0	0.29	7.73	8.0	16.37	-127.16	-0.048	1.94e-03	3.83e-04
3251	15/05/2008	10:00	3.00	160.0	1.66	15.50	946.7	0.33	7.18	8.0	20.91	-148.80	-0.053	2.13e-03	3.85e-04
3252	15/05/2008	11:00	2.30	150.0	1.26	15.90	981.3	0.26	8.25	8.0	23.52	-69.71	-0.074	2.23e-03	3.87e-04
3253	15/05/2008	12:00	1.20	150.0	1.00	16.00	1013.8	0.18	10.94	8.0	24.44	-20.46	-0.114	2.26e-03	3.88e-04
3254	15/05/2008	13:00	1.90	120.0	1.17	17.50	1090.7	0.27	8.61	7.0	60.04	-29.47	-0.186	4.68e-03	3.96e-04
3255	15/05/2008	14:00	3.90	160.0	2.21	17.10	1345.4	0.47	6.24	7.0	134.55	-66.38	-0.242	4.46e-03	3.94e-04
3256	15/05/2008	15:00	5.00	200.0	2.77	16.80	1531.4	0.53	5.55	7.0	45.86	-287.14	-0.072	4.06e-03	3.92e-04
3257	15/05/2008	16:00	8.30	180.0	4.61	16.50	2468.0	0.85	4.29	7.0	33.55	-1642.84	-0.033	3.45e-03	3.90e-04
3258	15/05/2008	17:00	5.80	220.0	3.20	16.80	2518.2	0.62	5.16	6.0	84.70	-245.44	-0.115	3.57e-03	3.92e-04
3259	15/05/2008	18:00	6.30	200.0	3.49	16.60	2547.2	0.66	4.93	6.0	42.81	-583.85	-0.055	2.11e-03	3.91e-04
3260	15/05/2008	19:00	2.70	240.0	1.51	16.10	2548.2	0.28	7.47	6.0	0.60	-3233.11	-0.002	4.01e-04	3.88e-04
3261	15/05/2008	20:00	3.20	220.0	1.73	15.00	170.2	0.27	6.86	6.0	-21.04	90.00	0.065	0.00e+00	3.82e-04
3262	15/05/2008	21:00	1.10	180.0	1.00	14.20	93.9	0.10	11.46	5.0	-2.14	90.00	0.018	0.00e+00	3.78e-04
3263	15/05/2008	22:00	1.00	190.0	1.00	13.70	88.9	0.09	11.99	5.0	-1.69	90.00	0.016	0.00e+00	3.76e-04
3264	15/05/2008	23:00	2.70	160.0	1.47	13.70	155.2	0.23	7.44	5.0	-20.09	90.00	0.072	0.00e+00	3.76e-04
3265	16/05/2008	00:00	2.10	150.0	1.16	13.00	135.2	0.18	8.40	5.0	-11.03	90.00	0.051	0.00e+00	3.72e-04
3266	16/05/2008	01:00	2.40	160.0	1.31	12.80	145.5	0.21	7.88	4.0	-15.55	90.00	0.063	0.00e+00	3.71e-04
3267	16/05/2008	02:00	1.40	150.0	1.00	12.30	107.7	0.12	10.21	4.0	-3.92	90.00	0.026	0.00e+00	3.68e-04
3268	16/05/2008	03:00	3.30	160.0	1.79	12.80	173.0	0.28	6.76	4.0	-26.59	90.00	0.079	0.00e+00	3.71e-04
3269	16/05/2008	04:00	1.00	0.0	1.00	12.40	88.9	0.09	11.99	4.0	-1.69	90.00	0.016	0.00e+00	3.69e-04
3270	16/05/2008	05:00	1.10	180.0	1.00	12.90	141.1	0.11	11.62	6.0	-0.46	228.74	0.004	4.33e-04	3.71e-04
3271	16/05/2008	06:00	1.70	150.0	1.00	14.80	646.2	0.22	9.46	7.0	32.55	-30.40	-0.121	1.56e-03	3.81e-04
3272	16/05/2008	07:00	3.20	170.0	1.83	16.50	1133.5	0.39	6.88	5.0	98.92	-53.98	-0.211	4.24e-03	3.90e-04
3273	16/05/2008	08:00	3.30	190.0	1.93	18.10	1275.0	0.42	6.69	6.0	123.56	-51.60	-0.250	4.74e-03	3.99e-04
3274	16/05/2008	09:00	4.10	190.0	2.34	19.40	1435.7	0.49	6.07	6.0	155.59	-67.46	-0.267	5.58e-03	4.06e-04
3275	16/05/2008	10:00	5.40	190.0	3.05	20.50	1796.0	0.62	5.31	4.0	227.43	-93.41	-0.310	7.92e-03	4.12e-04
3276	16/05/2008	11:00	9.00	200.0	4.96	21.70	2742.0	0.95	4.14	3.0	254.94	-296.51	-0.229	8.70e-03	4.18e-04
3277	16/05/2008	12:00	4.80	190.0	2.68	22.30	2815.3	0.54	5.67	7.0	147.12	-96.93	-0.230	4.75e-03	4.22e-04
3278	16/05/2008	13:00	6.70	180.0	3.70	22.30	2912.0	0.73	4.81	6.0	193.36	-174.37	-0.227	6.42e-03	4.22e-04
3279	16/05/2008	14:00	7.20	190.0	3.97	22.40	2979.6	0.76	4.63	7.0	132.07	-294.18	-0.148	4.47e-03	4.22e-04
3280	16/05/2008	15:00	10.00	190.0	5.52	20.80	3049.7	1.03	3.92	7.0	114.76	-845.75	-0.094	4.07e-03	4.13e-04
3281	16/05/2008	16:00	9.40	200.0	5.20	19.10	3104.4	0.97	4.04	7.0	91.50	-881.95	-0.080	3.46e-03	4.04e-04
3282	16/05/2008	17:00	8.80	190.0	4.87	18.60	3143.4	0.91	4.17	7.0	63.67	-1038.30	-0.059	2.62e-03	4.02e-04
3283	16/05/2008	18:00	6.50	190.0	3.61	17.90	3162.2	0.67	4.85	7.0	33.46	-809.87	-0.042	1.56e-03	3.98e-04
3284	16/05/2008	19:00	3.70	200.0	2.07	17.20	3164.4	0.38	6.40	7.0	2.88	-1735.85	-0.006	3.16e-04	3.94e-04
3285	16/05/2008	20:00	2.50	190.0	1.37	17.50	148.8	0.21	7.72	7.0	-14.12	90.00	0.056	0.00e+00	3.96e-04
3286	16/05/2008	21:00	5.20	200.0	2.92	17.70	439.3	0.51	5.36	7.0	-33.95	351.66	0.056	0.00e+00	3.97e-04
3287	16/05/2008	22:00	2.80	170.0	1.52	16.80	158.3	0.24	7.31	7.0	-15.79	90.00	0.056	0.00e+00	3.92e-04
3288	16/05/2008	23:00	2.40	220.0	1.31	15.50	145.5	0.21	7.88	8.0	-11.08	90.00	0.045	0.00e+00	3.85e-04
3289	17/05/2008	00:00	3.90	200.0	2.19	14.80	307.5	0.38	6.17	8.0	-20.36	230.78	0.045	0.00e+00	3.81e-04
3290	17/05/2008	01:00	2.30	190.0	1.26	14.00	142.1	0.20	8.04	8.0	-10.69	90.00	0.045	0.00e+00	3.77e-04
3291	17/05/2008	02:00	1.00	160.0	1.00	13.40	88.9	0.09	11.99	8.0	-1.69	90.00	0.016	0.00e+00	3.74e-04
3292	17/05/2008	03:00	1.00	260.0	1.00	13.50	88.9	0.09	11.99	8.0	-1.69	90.00	0.016	0.00e+00	3.75e-04
3293	17/05/2008	04:00	1.50	140.0	1.00	13.40	112.0	0.13	9.88	8.0	-4.67	90.00	0.030	0.00e+00	3.74e-04
3294	17/05/2008	05:00	1.20	130.0	1.00	13.30	376.1	0.13	11.27	8.0	0.90	-217.37	-0.006	1.62e-04	3.74e-04
3295	17/05/2008	06:00	1.00	110.0	1.00	13.50	430.1	0.15	12.13	8.0	15.99	-17.95	-0.089	7.54e-04	3.75e-04
3296	17/05/2008	07:00	1.10	150.0	1.00	13.80	370.2	0.13	11.97	8.0	3.14	-59.33	-0.020	1.26e-03	3.76e-04
3297	17/05/2008	08:00	2.40	160.0	1.33	13.70	759.7	0.26	8.03	8.0	11.05	-145.46	-0.035	1.66e-03	3.76e-04
3298	17/05/2008	09:00	1.90	150.0	1.04	13.40	792.4	0.22	9.10	8.0	18.08	-54.66	-0.067	1.95e-03	3.74e-04
3299	17/05/2008	10:00	1.70	150.0	1.00	14.60	829.5	0.21	9.61	8.0	22.04	-37.47	-0.087	2.14e-03	3.80e-04
3300	17/05/2008	11:00	1.70	150.0	1.12	16.30	1038.2	0.29	8.81	7.0	147.55	-14.78	-0.423	4.69e-03	3.89e-04
3301	17/05/2008	12:00	1.90	100.0	1.25	17.80	1215.5	0.31	8.33	7.0	150.40	-18.15	-0.403	4.75e-03	3.97e-04
3302	17/05/2008	13:00	1.50	80.0	1.00	18.60	1364.6	0.27	9.38	7.0	145.86	-11.69	-0.458	4.69e-03	4.02e-04
3303	17/05/2008	14:00	1.50	160.0	1.00	15.70	1420.0	0.24	9.37	7.0	58.60	-21.25	-0.202	4.47e-03	3.86e-04
3304	17/05/2008	15:00	3.00	140.0	1.66	17.40	1463.7	0.34	7.21	7.0	45.06	-78.91	-0.110	4.08e-03	3.95e-04
3305	17/05/2008	16:00	2.70	130.0	1.60	17.00	1546.3	0.35	7.36	7.0	92.33	-42.23	-0.219	3.47e-03	3.93e-04
3306	17/05/2008	17:00	1.90	90.0	1.19	17.20	1600.5	0.28	8.56	7.0	64.03	-28.92	-0.195	2.63e-03	3.94e-04
3307	17/05/2008	18:00	1.50	100.0	1.00	16.60	1628.1	0.21	9.85	7.0	33.53	-25.19	-0.132	1.58e-03	3.91e-04
3308	17/05/2008	19:00	1.00	80.0	1.00	15.90	1630.2	0.12	12.57	7.0	2.64	-54.13	-0.019	3.39e-04	3.87e-04
3309	17/05/2008	20:00	1.00	0.0	1.00	15.20	88.9	0.09	11.99	7.0	-1.69	90.00	0.016	0.00e+00	3.84e-04
3310	17/05/2008	21:00	1.40	10.0	1.00	15.20	107.7	0.12	10.21	7.0	-3.92	90.00	0.027	0.00e+00	3.84e-04
3311	17/05/2008	22:00	1.30	360.0	1.00	15.20	103.3	0.11	10.58	7.0	-3.25	90.00	0.024	0.00e+00	3.84e-04
3312	17/05/2008	23:00	1.00	110.0	1.00	14.60	88.9	0.09	11.99	7.0	-1.69	90.00	0.016	0.00e+00	3.80e-04
3313	18/05/2008	00:00	2.30	310.0	1.26	14.20	142.1	0.20	8.04	7.0	-13.18	90.00	0.056	0.00e+00	3.78e-04
3314	18/05/2008	01:00	1.00	360.0	1.00	13.80	88.9	0.09	11.99	7.0	-1.69	90.00	0.016	0.00e+00	3.76e-04
3315	18/05/2008	02:00	1.00	300.0	1.00	13.90	88.9	0.09	11.99	7.0	-1.69	90.00	0.016	0.00e+00	3.77e-04
3316	18/05/2008	03:00	1.80	350.0	1.00	14.00	124.1	0.16	9.05	7.0	-7.43	90.00	0.040	0.00e+00	3.77e-04
3317	18/05/2008	04:00	1.70	40.0	1.00	13.30	120.2	0.15	9.30	7.0	-6.42	90.00	0.036	0.00e+00	3.74e-04
3318	18/05/2008	05:00	2.10	30.0	1.18	13.10	639.2	0.22	8.49	7.0	1.63	-586.16	-0.006	3.61e-04	3.73e-04
3319	18/05/2008	06:00	1.90	330.0	1.06	13.70	707.4	0.24	9.02	7.0	33.23	-36.58	-0.115	1.60e-03	3.76e-04
3320	18/05/2008	07:00	2.40	350.0	1.38	14.50	890.0	0.31	7.91	7.0	64.48	-40.09	-0.174	2.65e-03	3.80e-04
3321	18/05/2008	08:00	3.80	310.0	2.11	14.90	1263.8	0.44	6.38	7.0	93.29	-79.33	-0.177	3.48e-03	3.82e-04
3322	18/05/2008	09:00	4.80	320.0	2.65	13.40	1482.8	0.51	5.67	7.0	53.34	-224.13	-0.086	4.08e-03	3.74e-04
3323	18/05/2008	10:00	2.80	320.0	1.76	14.80	1601.2	0.39	7.01	7.0	137.11	-39.13	-0.290	4.48e-03	3.81e-04
3324	18/05/2008	11:00	1.50	310.0	1.00	16.10	1717.4	0.27	9.38	7.0	148.01	-11.58	-0.460	4.69e-03	3.88e-04
3325	18/05/2008	12:00	2.20	350.0	1.44	17.90	1867.8	0.36	7.76	6.0	204.39	-19.60	-0.482	6.52e-03	3.98e-04
3326	18/05/2008	13:00	3.50	320.0	2.18	17.50	2006.0	0.48	6.29	6.0	199.45	-47.74	-0.352	6.43e-03	3.96e-04
3327	18/05/2008	14:00	2.90	310.0	1.88	18.60	2123.9	0.42	6.79	6.0	182.32	-36.70	-0.363	6.14e-03	4.02e-04
3328	18/05/2008	15:00	3.10	360.0	1.98	19.00	2236.5	0.44	6.61	5.0	183.13	-40.86	-0.352	6.62e-03	4.04e-04
3329	18/05/2008	16:00	3.50	360.0	2.06	20.30	2321.9	0.44	6.48	5.0	143.71	-53.46	-0.275	5.63e-03	4.11e-04
3330	18/05/2008	17:00	3.70	10.0	2.07	18.90	2379.5	0.43	6.45	5.0	99.61	-71.62	-0.194	4.29e-03	4.03e-04
3331	18/05/2008	18:00	4.00	40.0	2.21	17.90	2409.5	0.44	6.23	5.0	51.15	-144.23	-0.098	2.59e-03	3.98e-04
3332	18/05/2008	19:00	2.20	30.0	1.24	15.80	388.4	0.22	8.25	4.0	-0.91	1098.90	0.003	6.41e-04	3.87e-04
3333	18/05/2008	20:00	1.20	340.0	1.00	14.50	98.7	0.11	10.99	4.0	-2.66	90.00	0.021	0.00e+00	3.80e-04
3334	18/05/2008	21:00	2.70	350.0	1.47	14.20	155.2	0.23	7.44	4.0	-21.10	90.00	0.076	0.00e+00	3.78e-04
3335	18/05/2008	22:00	1.20	320.0	1.00	12.80	98.7	0.11	10.99	3.0	-2.66	90.00	0.021	0.00e+00	3.71e-04
3336	18/05/2008	23:00	3.50	340.0	1.89	13.00	178.6	0.30	6.57	3.0	-29.89	90.00	0.084	0.00e+00	3.72e-04
3337	19/05/2008	00:00	3.00	340.0	1.63	13.00	164.3	0.25	7.07	3.0	-25.76	90.00	0.084	0.00e+00	3.72e-04
3338	19/05/2008	01:00	1.50	360.0	1.00	12.30	112.0	0.13	9.88	2.0	-4.67	90.00	0.029	0.00e+00	3.68e-04
3339	19/05/2008	02:00	2.00	330.0	1.10	11.50	131.6	0.17	8.60	2.0	-9.73	90.00	0.046	0.00e+00	3.64e-04
3340	19/05/2008	03:00	2.50	330.0	1.37	11.20	148.8	0.21	7.72	2.0	-17.29	90.00	0.067	0.00e+00	3.63e-04
3341	19/05/2008	04:00	1.10	10.0	1.00	10.90	93.9	0.10	11.46	2.0	-2.14	90.00	0.018	0.00e+00	3.61e-04
3342	19/05/2008	05:00	2.30	20.0	1.29	10.80	450.1	0.24	8.07	5.0	-0.70	1662.53	0.002	6.20e-04	3.61e-04
3343	19/05/2008	06:00	3.50	350.0	1.93	11.50	1103.5	0.38	6.66	7.0	33.23	-148.27	-0.071	1.61e-03	3.64e-04
3344	19/05/2008	07:00	3.70	360.0	2.05	11.70	1154.9	0.40	6.46	8.0	30.96	-182.43	-0.064	1.27e-03	3.65e-04
3345	19/05/2008	08:00	5.20	350.0	2.88	12.10	1586.7	0.55	5.44	8.0	45.16	-324.34	-0.068	1.67e-03	3.67e-04
3346	19/05/2008	09:00	4.30	10.0	2.37	12.80	1638.3	0.47	6.00	8.0	57.26	-157.65	-0.101	1.95e-03	3.71e-04
3347	19/05/2008	10:00	4.00	360.0	2.21	14.00	1694.5	0.44	6.23	8.0	66.40	-116.00	-0.124	2.14e-03	3.77e-04
3348	19/05/2008	11:00	5.40	350.0	2.98	15.20	1758.7	0.58	5.35	8.0	72.01	-234.52	-0.104	2.24e-03	3.84e-04
3349	19/05/2008	12:00	4.10	360.0	2.33	16.70	1872.7	0.49	6.08	7.0	151.84	-68.35	-0.259	4.76e-03	3.91e-04
3350	19/05/2008	13:00	5.50	360.0	3.05	18.30	1981.6	0.61	5.31	7.0	146.67	-133.78	-0.204	4.70e-03	4.00e-04
3351	19/05/2008	14:00	7.50	350.0	4.14	19.50	2302.9	0.80	4.54	6.0	181.84	-246.27	-0.193	6.15e-03	4.06e-04
3352	19/05/2008	15:00	6.90	10.0	3.81	19.70	2402.0	0.74	4.74	6.0	156.77	-225.17	-0.180	5.61e-03	4.08e-04
3353	19/05/2008	16:00	7.90	340.0	4.36	19.70	2484.0	0.83	4.42	6.0	124.35	-401.37	-0.127	4.78e-03	4.08e-04
3354	19/05/2008	17:00	7.90	350.0	4.37	19.30	2543.3	0.82	4.41	6.0	86.64	-565.17	-0.089	3.65e-03	4.05e-04
3355	19/05/2008	18:00	5.70	350.0	3.16	18.80	2572.1	0.60	5.19	6.0	45.86	-412.48	-0.065	2.21e-03	4.03e-04
3356	19/05/2008	19:00	5.20	350.0	2.90	17.70	2578.2	0.54	5.40	6.0	4.35	-3134.80	-0.007	5.25e-04	3.97e-04
3357	19/05/2008	20:00	5.90	350.0	3.30	16.80	494.3	0.58	5.04	6.0	-45.11	389.55	0.065	0.00e+00	3.92e-04
3358	19/05/2008	21:00	6.00	350.0	3.36	16.00	506.7	0.59	4.99	6.0	-46.07	403.01	0.065	0.00e+00	3.88e-04
3359	19/05/2008	22:00	5.90	340.0	3.30	15.00	492.7	0.58	5.04	6.0	-45.37	386.78	0.065	0.00e+00	3.82e-04
3360	19/05/2008	23:00	5.30	350.0	2.96	14.10	414.9	0.52	5.31	6.0	-40.35	303.07	0.065	0.00e+00	3.78e-04
3361	20/05/2008	00:00	4.90	350.0	2.73	13.50	364.7	0.47	5.52	6.0	-36.95	252.52	0.065	0.00e+00	3.75e-04
3362	20/05/2008	01:00	6.80	350.0	3.81	13.00	611.2	0.68	4.69	6.0	-53.33	523.42	0.065	0.00e+00	3.72e-04
3363	20/05/2008	02:00	5.70	340.0	3.19	12.40	464.5	0.56	5.12	6.0	-44.03	354.53	0.065	0.00e+00	3.69e-04
3364	20/05/2008	03:00	4.90	350.0	2.73	11.90	363.5	0.47	5.52	6.0	-37.14	250.84	0.065	0.00e+00	3.66e-04
3365	20/05/2008	04:00	4.90	350.0	2.73	11.70	363.4	0.47	5.52	6.0	-37.16	250.62	0.065	0.00e+00	3.65e-04
3366	20/05/2008	05:00	5.00	350.0	2.79	11.80	1488.2	0.52	5.50	7.0	1.99	-6086.45	-0.003	4.04e-04	3.66e-04
3367	20/05/2008	06:00	6.00	350.0	3.33	12.30	1804.7	0.63	5.05	7.0	33.85	-636.75	-0.045	1.63e-03	3.68e-04
3368	20/05/2008	07:00	6.80	360.0	3.76	13.20	2050.9	0.71	4.75	7.0	65.39	-483.75	-0.076	2.67e-03	3.73e-04
3369	20/05/2008	08:00	6.50	350.0	3.59	14.40	2121.0	0.69	4.87	7.0	94.19	-303.35	-0.114	3.50e-03	3.79e-04
3370	20/05/2008	09:00	6.20	360.0	3.42	15.70	2201.8	0.66	5.00	7.0	118.30	-217.59	-0.149	4.10e-03	3.86e-04
3371	20/05/2008	10:00	6.80	360.0	3.75	16.40	2292.6	0.72	4.77	7.0	136.62	-244.67	-0.158	4.49e-03	3.90e-04
3372	20/05/2008	11:00	8.20	350.0	4.52	17.10	2480.8	0.86	4.34	7.0	147.83	-378.74	-0.144	4.70e-03	3.94e-04
3373	20/05/2008	12:00	7.20	350.0	3.98	18.00	2597.5	0.77	4.64	6.0	205.05	-199.40	-0.223	6.53e-03	3.98e-04
3374	20/05/2008	13:00	8.90	350.0	4.91	18.90	2688.6	0.93	4.16	7.0	146.54	-479.84	-0.133	4.70e-03	4.03e-04
3375	20/05/2008	14:00	6.70	360.0	3.70	18.90	2761.4	0.71	4.80	7.0	135.06	-237.63	-0.160	4.49e-03	4.03e-04
3376	20/05/2008	15:00	7.90	10.0	4.36	19.30	2827.8	0.83	4.42	7.0	116.65	-426.18	-0.119	4.10e-03	4.05e-04
3377	20/05/2008	16:00	7.70	350.0	4.26	18.70	2880.7	0.80	4.47	7.0	93.06	-491.02	-0.098	3.50e-03	4.02e-04
3378	20/05/2008	17:00	5.60	10.0	3.10	18.30	2914.2	0.59	5.25	7.0	65.29	-282.80	-0.093	2.67e-03	4.00e-04
3379	20/05/2008	18:00	4.70	360.0	2.60	17.80	2932.3	0.50	5.72	7.0	35.24	-309.08	-0.059	1.63e-03	3.97e-04
3380	20/05/2008	19:00	2.50	360.0	1.40	17.20	2934.7	0.27	7.81	6.0	4.71	-351.90	-0.015	5.54e-04	3.94e-04
3381	20/05/2008	20:00	4.20	10.0	2.33	16.40	282.4	0.39	5.96	6.0	-30.48	177.16	0.065	0.00e+00	3.90e-04
3382	20/05/2008	21:00	4.80	350.0	2.68	16.00	354.2	0.46	5.58	6.0	-35.79	243.22	0.065	0.00e+00	3.88e-04
3383	20/05/2008	22:00	4.60	350.0	2.56	15.30	329.4	0.44	5.70	6.0	-34.12	219.45	0.065	0.00e+00	3.84e-04
3384	20/05/2008	23:00	5.70	350.0	3.19	14.50	466.3	0.56	5.12	6.0	-43.74	357.54	0.065	0.00e+00	3.80e-04
3385	21/05/2008	00:00	4.90	340.0	2.72	13.90	342.1	0.47	5.53	5.0	-40.83	220.67	0.072	0.00e+00	3.77e-04
3386	21/05/2008	01:00	4.30	340.0	2.38	13.60	272.6	0.40	5.89	5.0	-34.89	160.59	0.072	0.00e+00	3.75e-04
3387	21/05/2008	02:00	3.60	360.0	1.95	13.00	187.0	0.31	6.47	5.0	-26.91	94.94	0.072	0.00e+00	3.72e-04
3388	21/05/2008	03:00	2.20	350.0	1.21	12.70	138.7	0.19	8.21	5.0	-12.43	90.00	0.054	0.00e+00	3.70e-04
3389	21/05/2008	04:00	3.00	340.0	1.63	12.40	164.3	0.25	7.07	5.0	-22.34	90.00	0.072	0.00e+00	3.69e-04
3390	21/05/2008	05:00	4.60	340.0	2.57	12.70	1368.2	0.47	5.73	4.0	-0.06	168336.50	0.000	7.53e-04	3.70e-04
3391	21/05/2008	06:00	5.00	340.0	2.77	13.20	1537.6	0.53	5.55	5.0	52.83	-252.28	-0.082	2.67e-03	3.73e-04
3392	21/05/2008	07:00	5.90	350.0	3.26	14.70	1823.0	0.63	5.12	5.0	102.92	-215.85	-0.136	4.35e-03	3.81e-04
3393	21/05/2008	08:00	4.50	10.0	2.54	15.10	1939.8	0.53	5.82	4.0	161.19	-79.36	-0.255	6.22e-03	3.83e-04
3394	21/05/2008	09:00	4.70	20.0	2.69	16.40	2077.5	0.56	5.66	4.0	203.13	-75.71	-0.304	7.29e-03	3.90e-04
3395	21/05/2008	10:00	5.40	20.0	3.06	16.60	2227.9	0.62	5.30	4.0	235.90	-91.32	-0.316	7.98e-03	3.91e-04
3396	21/05/2008	11:00	4.10	20.0	2.43	17.20	2346.1	0.52	5.96	6.0	200.99	-60.50	-0.326	6.45e-03	3.94e-04
3397	21/05/2008	12:00	3.10	360.0	1.92	16.90	2430.8	0.42	6.71	7.0	152.24	-43.87	-0.301	4.77e-03	3.93e-04
3398	21/05/2008	13:00	2.40	350.0	1.58	17.40	2509.6	0.37	7.41	7.0	147.88	-29.38	-0.339	4.71e-03	3.95e-04
3399	21/05/2008	14:00	3.10	10.0	1.88	17.60	2580.9	0.41	6.78	7.0	136.13	-45.58	-0.277	4.50e-03	3.96e-04
3400	21/05/2008	15:00	4.30	10.0	2.39	17.90	2642.2	0.49	5.99	7.0	117.55	-88.79	-0.201	4.11e-03	3.98e-04
3401	21/05/2008	16:00	2.80	20.0	1.74	17.30	2705.0	0.39	7.06	6.0	126.51	-40.26	-0.275	4.81e-03	3.95e-04
3402	21/05/2008	17:00	2.70	10.0	1.58	17.30	2747.7	0.35	7.39	6.0	88.02	-42.91	-0.211	3.68e-03	3.95e-04
3403	21/05/2008	18:00	3.50	10.0	1.93	16.90	2773.8	0.39	6.67	5.0	53.13	-100.17	-0.113	2.67e-03	3.93e-04
3404	21/05/2008	19:00	2.50	360.0	1.40	16.50	2776.0	0.26	7.80	5.0	3.92	-418.51	-0.012	6.87e-04	3.90e-04
3405	21/05/2008	20:00	2.80	350.0	1.52	15.90	158.3	0.24	7.31	4.0	-22.45	90.00	0.079	0.00e+00	3.87e-04
3406	21/05/2008	21:00	2.10	360.0	1.16	15.00	135.2	0.18	8.40	4.0	-11.03	90.00	0.051	0.00e+00	3.82e-04
3407	21/05/2008	22:00	2.10	350.0	1.16	13.70	135.2	0.18	8.40	3.0	-11.03	90.00	0.051	0.00e+00	3.76e-04
3408	21/05/2008	23:00	2.00	350.0	1.10	13.30	131.6	0.17	8.60	3.0	-9.73	90.00	0.047	0.00e+00	3.74e-04
3409	22/05/2008	00:00	1.00	60.0	1.00	12.20	88.9	0.09	11.99	2.0	-1.69	90.00	0.016	0.00e+00	3.68e-04
3410	22/05/2008	01:00	1.00	0.0	1.00	10.30	88.9	0.09	11.99	2.0	-1.69	90.00	0.016	0.00e+00	3.58e-04
3411	22/05/2008	02:00	1.00	0.0	1.00	9.30	88.9	0.09	11.99	1.0	-1.69	90.00	0.016	0.00e+00	3.53e-04
3412	22/05/2008	03:00	1.00	0.0	1.00	8.70	88.9	0.09	11.99	1.0	-1.69	90.00	0.016	0.00e+00	3.50e-04
3413	22/05/2008	04:00	1.20	210.0	1.00	8.40	98.7	0.11	10.99	0.0	-2.66	90.00	0.021	0.00e+00	3.48e-04
3414	22/05/2008	05:00	1.00	180.0	1.00	9.10	88.9	0.09	11.99	0.0	-1.69	90.00	0.016	8.48e-04	3.52e-04
3415	22/05/2008	06:00	1.00	220.0	1.00	11.70	532.3	0.18	11.35	0.0	48.79	-11.34	-0.218	3.17e-03	3.65e-04
3416	22/05/2008	07:00	1.40	10.0	1.00	14.30	754.0	0.25	9.67	0.0	108.07	-12.56	-0.361	5.15e-03	3.79e-04
3417	22/05/2008	08:00	2.10	20.0	1.38	15.60	1004.0	0.34	7.93	1.0	164.99	-20.78	-0.406	6.71e-03	3.86e-04
3418	22/05/2008	09:00	1.70	310.0	1.12	17.20	1248.7	0.30	8.84	1.0	209.50	-11.62	-0.581	7.85e-03	3.94e-04
3419	22/05/2008	10:00	3.30	30.0	2.14	17.70	1490.8	0.48	6.36	2.0	245.49	-39.34	-0.431	8.54e-03	3.97e-04
3420	22/05/2008	11:00	2.70	360.0	1.76	18.00	1712.3	0.42	7.02	2.0	266.89	-24.53	-0.534	8.93e-03	3.98e-04
3421	22/05/2008	12:00	1.70	10.0	1.11	18.40	1908.6	0.31	8.87	3.0	270.86	-9.77	-0.734	8.87e-03	4.01e-04
3422	22/05/2008	13:00	1.60	90.0	1.04	19.20	2081.2	0.30	9.14	3.0	262.18	-8.91	-0.743	8.75e-03	4.05e-04
3423	22/05/2008	14:00	2.30	40.0	1.51	19.90	2223.8	0.37	7.60	4.0	231.44	-19.62	-0.527	7.99e-03	4.09e-04
3424	22/05/2008	15:00	2.00	30.0	1.31	20.00	2339.2	0.33	8.14	4.0	199.32	-16.50	-0.505	7.30e-03	4.09e-04
3425	22/05/2008	16:00	2.70	20.0	1.73	19.90	2421.3	0.39	7.07	5.0	146.19	-36.10	-0.316	5.70e-03	4.09e-04
3426	22/05/2008	17:00	3.70	30.0	2.07	19.60	2477.9	0.43	6.45	5.0	101.91	-70.56	-0.199	4.37e-03	4.07e-04
3427	22/05/2008	18:00	3.30	40.0	1.82	19.10	2509.2	0.38	6.87	4.0	56.92	-82.54	-0.128	2.95e-03	4.04e-04
3428	22/05/2008	19:00	3.00	20.0	1.68	16.70	2511.6	0.31	7.11	4.0	2.98	-911.75	-0.008	7.88e-04	3.91e-04
3429	22/05/2008	20:00	2.20	30.0	1.21	15.70	138.7	0.19	8.21	3.0	-12.43	90.00	0.055	0.00e+00	3.86e-04
3430	22/05/2008	21:00	1.00	40.0	1.00	14.40	88.9	0.09	11.99	3.0	-1.69	90.00	0.016	0.00e+00	3.79e-04
3431	22/05/2008	22:00	1.50	140.0	1.00	12.80	112.0	0.13	9.88	2.0	-4.67	90.00	0.030	0.00e+00	3.71e-04
3432	22/05/2008	23:00	1.20	240.0	1.00	12.50	98.7	0.11	10.99	2.0	-2.66	90.00	0.021	0.00e+00	3.69e-04
3433	23/05/2008	00:00	1.00	0.0	1.00	11.90	88.9	0.09	11.99	2.0	-1.69	90.00	0.016	0.00e+00	3.66e-04
3434	23/05/2008	01:00	1.00	160.0	1.00	10.50	88.9	0.09	11.99	1.0	-1.69	90.00	0.016	0.00e+00	3.59e-04
3435	23/05/2008	02:00	1.10	140.0	1.00	9.70	93.9	0.10	11.46	1.0	-2.14	90.00	0.018	0.00e+00	3.55e-04
3436	23/05/2008	03:00	1.00	0.0	1.00	9.20	88.9	0.09	11.99	1.0	-1.69	90.00	0.016	0.00e+00	3.52e-04
3437	23/05/2008	04:00	1.00	0.0	1.00	8.60	88.9	0.09	11.99	1.0	-1.69	90.00	0.016	0.00e+00	3.49e-04
3438	23/05/2008	05:00	1.00	0.0	1.00	8.70	88.9	0.09	11.99	1.0	-1.69	90.00	0.016	8.84e-04	3.50e-04
3439	23/05/2008	06:00	1.00	0.0	1.00	11.90	537.0	0.19	11.36	1.0	52.87	-10.74	-0.234	3.20e-03	3.66e-04
3440	23/05/2008	07:00	1.00	250.0	1.00	14.40	765.5	0.20	11.46	2.0	114.30	-6.45	-0.468	5.14e-03	3.79e-04
3441	23/05/2008	08:00	1.00	30.0	1.00	16.60	1010.4	0.21	11.51	2.0	166.71	-5.05	-0.658	6.69e-03	3.91e-04
3442	23/05/2008	09:00	1.30	10.0	1.00	19.00	1252.3	0.26	10.12	3.0	208.00	-7.06	-0.688	7.66e-03	4.04e-04
3443	23/05/2008	10:00	1.30	120.0	1.00	19.60	1484.0	0.26	10.14	3.0	240.85	-6.41	-0.784	8.38e-03	4.07e-04
3444	23/05/2008	11:00	1.50	130.0	1.00	20.90	1699.8	0.29	9.44	3.0	259.79	-7.94	-0.771	8.76e-03	4.14e-04
3445	23/05/2008	12:00	1.60	350.0	1.04	22.10	1895.4	0.30	9.14	3.0	264.94	-8.85	-0.757	8.88e-03	4.21e-04
3446	23/05/2008	13:00	1.30	170.0	1.00	22.40	2049.2	0.26	10.13	5.0	228.90	-6.63	-0.757	7.64e-03	4.22e-04
3447	23/05/2008	14:00	2.10	190.0	1.38	23.50	2163.7	0.34	7.93	6.0	179.79	-19.55	-0.451	6.18e-03	4.28e-04
3448	23/05/2008	15:00	4.00	180.0	2.30	24.00	2260.9	0.48	6.13	6.0	155.57	-64.49	-0.276	5.65e-03	4.31e-04
3449	23/05/2008	16:00	3.70	160.0	2.10	23.60	2335.6	0.45	6.40	6.0	124.64	-62.61	-0.240	4.83e-03	4.29e-04
3450	23/05/2008	17:00	3.60	170.0	2.01	22.60	2387.1	0.42	6.55	6.0	88.37	-73.14	-0.180	3.71e-03	4.23e-04
3451	23/05/2008	18:00	5.20	200.0	2.88	22.20	2418.8	0.55	5.44	6.0	48.97	-300.89	-0.076	2.30e-03	4.21e-04
3452	23/05/2008	19:00	3.30	170.0	1.84	20.90	2424.7	0.35	6.80	6.0	8.74	-427.20	-0.021	6.35e-04	4.14e-04
3453	23/05/2008	20:00	3.50	170.0	1.92	20.20	200.4	0.31	6.53	6.0	-23.59	110.32	0.065	0.00e+00	4.10e-04
3454	23/05/2008	21:00	4.90	170.0	2.73	19.10	368.7	0.47	5.52	6.0	-36.31	258.44	0.065	0.00e+00	4.04e-04
3455	23/05/2008	22:00	4.70	170.0	2.63	18.70	374.4	0.46	5.63	7.0	-30.19	280.94	0.056	0.00e+00	4.02e-04
3456	23/05/2008	23:00	3.50	150.0	1.95	17.90	225.2	0.32	6.51	7.0	-21.20	137.44	0.056	0.00e+00	3.98e-04
3457	24/05/2008	00:00	3.70	150.0	2.06	17.30	248.8	0.34	6.34	7.0	-22.79	157.86	0.056	0.00e+00	3.95e-04
3458	24/05/2008	01:00	2.70	150.0	1.47	16.80	155.2	0.23	7.44	7.0	-15.25	90.00	0.056	0.00e+00	3.92e-04
3459	24/05/2008	02:00	3.30	130.0	1.82	16.70	199.0	0.29	6.71	7.0	-19.55	115.45	0.056	0.00e+00	3.91e-04
3460	24/05/2008	03:00	1.70	110.0	1.00	15.70	120.2	0.15	9.30	7.0	-6.42	90.00	0.036	0.00e+00	3.86e-04
3461	24/05/2008	04:00	2.70	110.0	1.47	15.70	155.2	0.23	7.44	7.0	-15.30	90.00	0.056	0.00e+00	3.86e-04
3462	24/05/2008	05:00	1.50	110.0	1.00	15.70	494.7	0.17	10.22	7.0	5.82	-76.34	-0.028	4.81e-04	3.86e-04
3463	24/05/2008	06:00	4.10	170.0	2.27	17.10	1272.3	0.44	6.14	7.0	36.65	-206.06	-0.070	1.69e-03	3.94e-04
3464	24/05/2008	07:00	2.60	180.0	1.48	17.80	1341.9	0.32	7.65	7.0	66.72	-45.22	-0.173	2.72e-03	3.97e-04
3465	24/05/2008	08:00	2.50	150.0	1.39	17.30	1388.5	0.30	7.88	8.0	46.70	-51.39	-0.130	1.69e-03	3.95e-04
3466	24/05/2008	09:00	2.20	170.0	1.28	18.30	1444.0	0.29	8.23	8.0	58.26	-36.39	-0.170	1.97e-03	4.00e-04
3467	24/05/2008	10:00	4.10	170.0	2.31	19.80	1569.7	0.48	6.10	7.0	135.63	-72.94	-0.238	4.51e-03	4.08e-04
3468	24/05/2008	11:00	5.90	160.0	3.26	22.10	1852.8	0.64	5.12	7.0	145.56	-160.21	-0.193	4.72e-03	4.21e-04
3469	24/05/2008	12:00	6.90	180.0	3.81	21.70	2123.3	0.74	4.73	7.0	149.59	-234.67	-0.173	4.78e-03	4.18e-04
3470	24/05/2008	13:00	6.70	190.0	3.70	22.70	2224.5	0.72	4.81	7.0	145.24	-222.84	-0.173	4.72e-03	4.24e-04
3471	24/05/2008	14:00	5.50	180.0	3.06	24.20	2336.5	0.62	5.30	6.0	179.58	-114.46	-0.251	6.19e-03	4.32e-04
3472	24/05/2008	15:00	7.30	200.0	4.03	23.40	2414.9	0.77	4.60	7.0	116.46	-342.88	-0.130	4.13e-03	4.28e-04
3473	24/05/2008	16:00	10.60	200.0	5.86	21.20	3148.2	1.09	3.80	7.0	93.93	-1218.10	-0.073	3.53e-03	4.16e-04
3474	24/05/2008	17:00	8.10	200.0	4.48	18.80	3185.4	0.84	4.35	7.0	66.75	-780.40	-0.067	2.72e-03	4.03e-04
3475	24/05/2008	18:00	6.80	210.0	3.77	19.20	3206.2	0.71	4.74	7.0	37.28	-830.39	-0.045	1.69e-03	4.05e-04
3476	24/05/2008	19:00	5.30	200.0	2.96	18.90	3211.8	0.55	5.35	7.0	7.61	-1908.65	-0.012	4.81e-04	4.03e-04
3477	24/05/2008	20:00	3.30	210.0	1.83	18.70	200.3	0.30	6.71	7.0	-19.47	116.85	0.056	0.00e+00	4.02e-04
3478	24/05/2008	21:00	5.00	220.0	2.80	18.40	413.3	0.49	5.46	7.0	-32.41	322.94	0.056	0.00e+00	4.01e-04
3479	24/05/2008	22:00	2.60	260.0	1.42	15.30	152.0	0.22	7.58	7.0	-14.78	90.00	0.056	0.00e+00	3.84e-04
3480	24/05/2008	23:00	1.00	0.0	1.00	14.80	88.9	0.09	11.99	7.0	-1.69	90.00	0.016	0.00e+00	3.81e-04
3481	25/05/2008	00:00	1.50	130.0	1.00	14.00	112.0	0.13	9.88	7.0	-4.67	90.00	0.030	0.00e+00	3.77e-04
3482	25/05/2008	01:00	1.50	140.0	1.00	14.20	112.0	0.13	9.88	7.0	-4.67	90.00	0.030	0.00e+00	3.78e-04
3483	25/05/2008	02:00	2.20	180.0	1.21	14.20	138.7	0.19	8.21	7.0	-12.43	90.00	0.055	0.00e+00	3.78e-04
3484	25/05/2008	03:00	2.50	140.0	1.37	14.70	148.8	0.21	7.72	7.0	-14.26	90.00	0.056	0.00e+00	3.81e-04
3485	25/05/2008	04:00	2.20	140.0	1.21	15.20	138.7	0.19	8.21	7.0	-12.43	90.00	0.055	0.00e+00	3.84e-04
3486	25/05/2008	05:00	3.40	160.0	1.90	14.50	1027.6	0.36	6.68	7.0	5.60	-710.18	-0.013	4.99e-04	3.80e-04
3487	25/05/2008	06:00	1.00	190.0	1.00	16.40	1073.9	0.18	11.31	7.0	36.83	-13.72	-0.172	1.70e-03	3.90e-04
3488	25/05/2008	07:00	5.00	170.0	2.76	17.00	1550.0	0.54	5.56	7.0	67.05	-203.64	-0.105	2.73e-03	3.93e-04
3489	25/05/2008	08:00	1.30	210.0	1.00	16.60	1558.5	0.16	11.06	8.0	9.80	-36.54	-0.051	1.69e-03	3.91e-04
3490	25/05/2008	09:00	1.00	80.0	1.00	16.10	1572.1	0.15	12.11	8.0	16.31	-17.87	-0.091	1.97e-03	3.88e-04
3491	25/05/2008	10:00	1.00	0.0	1.00	17.20	1626.8	0.19	11.39	8.0	67.08	-9.16	-0.295	2.16e-03	3.94e-04
3492	25/05/2008	11:00	1.40	90.0	1.00	17.10	1645.4	0.19	10.45	8.0	22.84	-25.74	-0.102	2.25e-03	3.94e-04
3493	25/05/2008	12:00	3.00	130.0	1.66	17.10	1666.1	0.33	7.19	8.0	23.82	-132.87	-0.061	2.28e-03	3.94e-04
3494	25/05/2008	13:00	3.00	150.0	1.66	18.00	1685.2	0.33	7.19	8.0	21.80	-143.46	-0.056	2.25e-03	3.98e-04
3495	25/05/2008	14:00	4.30	160.0	2.37	18.70	1742.1	0.47	6.01	8.0	67.11	-137.73	-0.120	2.16e-03	4.02e-04
3496	25/05/2008	15:00	2.00	130.0	1.20	18.30	1786.3	0.28	8.49	8.0	58.39	-31.85	-0.178	1.97e-03	4.00e-04
3497	25/05/2008	16:00	1.90	70.0	1.12	18.50	1821.2	0.26	8.82	8.0	47.09	-31.55	-0.155	1.69e-03	4.01e-04
3498	25/05/2008	17:00	1.30	30.0	1.00	18.20	1845.6	0.20	10.31	8.0	33.80	-20.89	-0.142	1.30e-03	3.99e-04
3499	25/05/2008	18:00	1.00	20.0	1.00	17.90	1859.5	0.16	11.87	8.0	19.47	-17.20	-0.105	8.13e-04	3.98e-04
3500	25/05/2008	19:00	1.60	360.0	1.00	17.30	1863.2	0.18	9.85	8.0	4.89	-103.85	-0.023	2.38e-04	3.95e-04
3501	25/05/2008	20:00	1.00	320.0	1.00	16.80	88.9	0.09	11.99	8.0	-1.69	90.00	0.016	0.00e+00	3.92e-04
3502	25/05/2008	21:00	1.40	200.0	1.00	16.70	107.7	0.12	10.21	8.0	-3.92	90.00	0.027	0.00e+00	3.91e-04
3503	25/05/2008	22:00	2.10	160.0	1.16	16.40	135.2	0.18	8.40	8.0	-9.71	90.00	0.045	0.00e+00	3.90e-04
3504	25/05/2008	23:00	5.10	170.0	2.87	16.80	473.7	0.51	5.40	8.0	-27.40	426.98	0.045	0.00e+00	3.92e-04
3505	26/05/2008	00:00	4.00	170.0	2.24	17.00	322.1	0.39	6.09	8.0	-20.82	247.12	0.045	0.00e+00	3.93e-04
3506	26/05/2008	01:00	1.50	140.0	1.00	16.60	112.0	0.13	9.88	8.0	-4.67	90.00	0.030	0.00e+00	3.91e-04
3507	26/05/2008	02:00	1.50	140.0	1.00	17.30	112.0	0.13	9.88	8.0	-4.67	90.00	0.030	0.00e+00	3.95e-04
3508	26/05/2008	03:00	1.80	170.0	1.00	16.80	124.1	0.16	9.05	8.0	-7.43	90.00	0.040	0.00e+00	3.92e-04
3509	26/05/2008	04:00	5.80	130.0	3.27	17.20	576.3	0.59	5.06	8.0	-31.46	565.28	0.045	0.00e+00	3.94e-04
3510	26/05/2008	05:00	1.90	180.0	1.06	17.20	600.5	0.21	9.00	8.0	5.02	-158.32	-0.020	2.46e-04	3.94e-04
3511	26/05/2008	06:00	1.00	90.0	1.00	16.80	642.0	0.16	11.89	8.0	19.15	-17.26	-0.103	8.20e-04	3.92e-04
3512	26/05/2008	07:00	2.30	110.0	1.27	16.90	788.8	0.27	8.25	8.0	33.54	-53.66	-0.103	1.31e-03	3.93e-04
3513	26/05/2008	08:00	2.10	350.0	1.20	17.60	867.3	0.27	8.50	8.0	47.04	-36.79	-0.146	1.69e-03	3.96e-04
3514	26/05/2008	09:00	1.50	280.0	1.00	19.80	954.5	0.24	9.36	8.0	58.70	-21.23	-0.205	1.98e-03	4.08e-04
3515	26/05/2008	10:00	1.60	240.0	1.00	19.60	979.4	0.20	9.93	8.0	17.41	-38.48	-0.075	2.16e-03	4.07e-04
3516	26/05/2008	11:00	2.00	140.0	1.10	17.20	1011.4	0.24	8.86	8.0	22.78	-51.81	-0.080	2.26e-03	3.94e-04
3517	26/05/2008	12:00	1.20	150.0	1.00	19.00	1039.7	0.17	11.09	8.0	21.62	-21.04	-0.106	2.29e-03	4.04e-04
3518	26/05/2008	13:00	2.10	170.0	1.30	20.00	1131.0	0.30	8.18	8.0	72.67	-31.95	-0.207	2.26e-03	4.09e-04
3519	26/05/2008	14:00	2.60	180.0	1.44	19.20	1154.4	0.29	7.73	8.0	17.83	-118.17	-0.052	2.16e-03	4.05e-04
3520	26/05/2008	15:00	1.00	140.0	1.00	19.40	1219.6	0.19	11.37	8.0	58.64	-10.02	-0.263	1.98e-03	4.06e-04
3521	26/05/2008	16:00	1.00	170.0	1.00	19.40	1228.4	0.13	12.64	8.0	7.96	-24.27	-0.052	1.69e-03	4.06e-04
3522	26/05/2008	17:00	3.50	350.0	1.93	19.10	1270.1	0.38	6.66	8.0	34.25	-144.44	-0.076	1.31e-03	4.04e-04
3523	26/05/2008	18:00	1.50	80.0	1.00	19.20	112.0	0.13	9.88	8.0	-4.67	90.00	0.030	8.20e-04	4.05e-04
3524	26/05/2008	19:00	1.00	70.0	1.00	18.80	362.5	0.13	12.66	8.0	5.95	-29.35	-0.040	2.46e-04	4.03e-04
3525	26/05/2008	20:00	1.00	0.0	1.00	18.10	88.9	0.09	11.99	8.0	-1.69	90.00	0.016	0.00e+00	3.99e-04
3526	26/05/2008	21:00	1.50	30.0	1.00	17.50	112.0	0.13	9.88	8.0	-4.67	90.00	0.030	0.00e+00	3.96e-04
3527	26/05/2008	22:00	1.00	0.0	1.00	17.20	88.9	0.09	11.99	8.0	-1.69	90.00	0.016	0.00e+00	3.94e-04
3528	26/05/2008	23:00	1.50	360.0	1.00	17.20	112.0	0.13	9.88	8.0	-4.67	90.00	0.030	0.00e+00	3.94e-04
3529	27/05/2008	00:00	1.30	60.0	1.00	16.90	103.3	0.11	10.58	8.0	-3.25	90.00	0.024	0.00e+00	3.93e-04
3530	27/05/2008	01:00	2.20	40.0	1.21	16.60	138.7	0.19	8.21	8.0	-10.15	90.00	0.045	0.00e+00	3.91e-04
3531	27/05/2008	02:00	3.10	20.0	1.73	16.50	206.4	0.28	6.90	8.0	-15.26	132.06	0.045	0.00e+00	3.90e-04
3532	27/05/2008	03:00	2.70	280.0	1.47	16.50	155.2	0.23	7.44	8.0	-12.36	90.00	0.045	0.00e+00	3.90e-04
3533	27/05/2008	04:00	1.00	10.0	1.00	16.40	88.9	0.09	11.99	8.0	-1.69	90.00	0.016	0.00e+00	3.90e-04
3534	27/05/2008	05:00	1.70	360.0	1.00	16.20	120.2	0.15	9.30	7.0	-6.42	90.00	0.036	5.33e-04	3.89e-04
3535	27/05/2008	06:00	1.30	290.0	1.00	16.30	437.3	0.15	11.01	7.0	5.16	-59.39	-0.028	1.73e-03	3.89e-04
3536	27/05/2008	07:00	3.30	330.0	1.83	17.10	1028.1	0.36	6.84	7.0	20.29	-196.39	-0.048	2.75e-03	3.94e-04
3537	27/05/2008	08:00	1.00	230.0	1.00	17.20	1071.7	0.18	11.32	7.0	34.61	-14.22	-0.164	3.56e-03	3.94e-04
3538	27/05/2008	09:00	2.80	310.0	1.72	18.70	1214.0	0.38	7.10	7.0	118.85	-41.11	-0.263	4.14e-03	4.02e-04
3539	27/05/2008	10:00	3.60	360.0	2.08	20.50	1361.2	0.44	6.44	7.0	135.95	-57.14	-0.259	4.53e-03	4.12e-04
3540	27/05/2008	11:00	2.90	340.0	1.82	21.00	1501.3	0.41	6.89	7.0	146.86	-40.22	-0.307	4.73e-03	4.15e-04
3541	27/05/2008	12:00	2.30	340.0	1.31	20.90	1550.4	0.29	8.12	7.0	54.96	-40.02	-0.160	4.79e-03	4.14e-04
3542	27/05/2008	13:00	3.40	350.0	1.91	21.90	1628.5	0.40	6.73	5.0	89.10	-64.45	-0.189	7.66e-03	4.19e-04
3543	27/05/2008	14:00	1.50	60.0	1.00	23.30	1793.3	0.28	9.42	5.0	211.48	-9.11	-0.648	7.33e-03	4.27e-04
3544	27/05/2008	15:00	1.10	300.0	1.00	24.80	1934.4	0.23	10.99	4.0	196.83	-5.39	-0.739	7.35e-03	4.35e-04
3545	27/05/2008	16:00	2.50	250.0	1.64	25.30	2041.9	0.38	7.27	4.0	156.85	-30.60	-0.357	6.31e-03	4.38e-04
3546	27/05/2008	17:00	1.00	230.0	1.00	25.50	2113.2	0.20	11.46	4.0	110.76	-6.58	-0.473	4.88e-03	4.39e-04
3547	27/05/2008	18:00	1.70	170.0	1.09	24.20	2151.7	0.26	8.92	4.0	61.07	-25.14	-0.202	3.07e-03	4.32e-04
3548	27/05/2008	19:00	1.00	20.0	1.00	22.70	2158.1	0.13	12.56	4.0	10.19	-21.12	-0.065	9.45e-04	4.24e-04
3549	27/05/2008	20:00	1.00	220.0	1.00	21.10	88.9	0.09	11.99	4.0	-1.69	90.00	0.016	0.00e+00	4.15e-04
3550	27/05/2008	21:00	3.30	230.0	1.79	21.00	173.0	0.28	6.76	4.0	-25.85	90.00	0.079	0.00e+00	4.15e-04
3551	27/05/2008	22:00	1.90	200.0	1.05	20.30	127.9	0.16	8.82	4.0	-8.53	90.00	0.044	0.00e+00	4.11e-04
3552	27/05/2008	23:00	11.20	190.0	6.30	19.30	1178.1	1.14	3.66	4.0	-106.72	1240.02	0.079	0.00e+00	4.05e-04
3553	28/05/2008	00:00	7.90	200.0	4.42	17.80	702.8	0.79	4.36	4.0	-74.30	591.75	0.079	0.00e+00	3.97e-04
3554	28/05/2008	01:00	5.80	170.0	3.23	16.40	433.0	0.56	5.09	4.0	-53.11	298.06	0.079	0.00e+00	3.90e-04
3555	28/05/2008	02:00	5.60	180.0	3.11	16.00	408.7	0.54	5.18	4.0	-51.09	274.66	0.079	0.00e+00	3.88e-04
3556	28/05/2008	03:00	3.20	200.0	1.73	16.10	170.2	0.27	6.86	4.0	-25.52	90.00	0.079	0.00e+00	3.88e-04
3557	28/05/2008	04:00	4.30	190.0	2.38	15.90	259.5	0.39	5.89	4.0	-37.21	145.55	0.079	0.00e+00	3.87e-04
3558	28/05/2008	05:00	1.50	110.0	1.00	15.80	502.3	0.17	10.24	7.0	7.43	-62.55	-0.036	5.48e-04	3.87e-04
3559	28/05/2008	06:00	2.70	160.0	1.49	17.40	899.9	0.31	7.61	7.0	38.13	-70.08	-0.103	1.74e-03	3.95e-04
3560	28/05/2008	07:00	2.60	140.0	1.48	18.90	999.6	0.33	7.64	7.0	68.00	-44.80	-0.176	2.76e-03	4.03e-04
3561	28/05/2008	08:00	3.80	190.0	2.16	19.60	1313.7	0.46	6.32	6.0	128.17	-64.87	-0.238	4.89e-03	4.07e-04
3562	28/05/2008	09:00	6.20	180.0	3.44	21.10	1975.0	0.68	4.99	3.0	207.86	-135.90	-0.258	7.71e-03	4.15e-04
3563	28/05/2008	10:00	7.60	190.0	4.20	21.20	2358.8	0.82	4.51	3.0	240.65	-199.99	-0.250	8.42e-03	4.16e-04
3564	28/05/2008	11:00	6.70	190.0	3.73	22.80	2510.6	0.74	4.79	3.0	258.83	-138.17	-0.299	8.80e-03	4.24e-04
3565	28/05/2008	12:00	5.90	200.0	3.28	23.70	2621.7	0.66	5.11	6.0	201.21	-123.86	-0.263	6.57e-03	4.29e-04
3566	28/05/2008	13:00	5.40	170.0	3.02	24.10	2724.2	0.61	5.33	6.0	195.75	-103.18	-0.275	6.49e-03	4.32e-04
3567	28/05/2008	14:00	3.70	190.0	2.12	22.50	2790.9	0.45	6.37	7.0	135.19	-60.07	-0.256	4.53e-03	4.23e-04
3568	28/05/2008	15:00	3.20	160.0	1.87	22.30	2847.3	0.41	6.79	7.0	117.74	-50.08	-0.248	4.15e-03	4.22e-04
3569	28/05/2008	16:00	2.20	190.0	1.40	22.90	2891.7	0.32	7.86	7.0	94.83	-31.28	-0.251	3.56e-03	4.25e-04
3570	28/05/2008	17:00	1.90	150.0	1.20	22.40	2923.2	0.28	8.50	7.0	68.29	-28.34	-0.208	2.76e-03	4.22e-04
3571	28/05/2008	18:00	1.10	160.0	1.00	21.70	2941.0	0.19	10.82	7.0	39.50	-15.57	-0.176	1.74e-03	4.18e-04
3572	28/05/2008	19:00	1.20	100.0	1.00	21.00	2945.7	0.15	11.51	7.0	10.36	-29.72	-0.058	5.48e-04	4.15e-04
3573	28/05/2008	20:00	1.00	290.0	1.00	20.10	88.9	0.09	11.99	7.0	-1.69	90.00	0.016	0.00e+00	4.10e-04
3574	28/05/2008	21:00	2.70	290.0	1.47	20.00	155.2	0.23	7.44	7.0	-15.08	90.00	0.056	0.00e+00	4.09e-04
3575	28/05/2008	22:00	2.10	250.0	1.16	15.80	135.2	0.18	8.40	8.0	-9.73	90.00	0.045	0.00e+00	3.87e-04
3576	28/05/2008	23:00	1.70	240.0	1.00	15.10	120.2	0.15	9.30	8.0	-6.42	90.00	0.036	0.00e+00	3.83e-04
3577	29/05/2008	00:00	5.20	220.0	2.93	15.10	486.6	0.52	5.35	8.0	-28.15	442.58	0.045	0.00e+00	3.83e-04
3578	29/05/2008	01:00	2.40	310.0	1.31	15.60	145.5	0.21	7.88	8.0	-11.07	90.00	0.045	0.00e+00	3.86e-04
3579	29/05/2008	02:00	2.00	280.0	1.10	15.10	131.6	0.17	8.60	8.0	-9.31	90.00	0.045	0.00e+00	3.83e-04
3580	29/05/2008	03:00	1.40	250.0	1.00	14.20	107.7	0.12	10.21	8.0	-3.92	90.00	0.027	0.00e+00	3.78e-04
3581	29/05/2008	04:00	3.20	60.0	1.79	14.10	217.6	0.30	6.80	8.0	-16.01	141.78	0.045	0.00e+00	3.78e-04
3582	29/05/2008	05:00	3.00	190.0	1.74	14.10	242.9	0.29	6.90	8.0	-12.25	184.44	0.034	2.69e-04	3.78e-04
3583	29/05/2008	06:00	2.50	230.0	1.43	13.90	287.3	0.25	7.64	8.0	-4.00	354.95	0.013	8.37e-04	3.77e-04
3584	29/05/2008	07:00	1.00	250.0	1.00	14.60	349.3	0.12	12.63	8.0	3.95	-39.51	-0.027	1.32e-03	3.80e-04
3585	29/05/2008	08:00	1.30	240.0	1.00	14.80	596.5	0.21	10.18	7.0	38.77	-20.08	-0.156	3.57e-03	3.81e-04
3586	29/05/2008	09:00	3.00	270.0	1.94	16.50	1255.4	0.43	6.68	5.0	190.89	-38.00	-0.367	6.73e-03	3.90e-04
3587	29/05/2008	10:00	1.20	50.0	1.00	18.20	1391.7	0.23	10.48	7.0	137.71	-7.98	-0.500	4.53e-03	3.99e-04
3588	29/05/2008	11:00	1.50	80.0	1.00	18.40	1526.2	0.27	9.38	7.0	148.99	-11.53	-0.466	4.74e-03	4.01e-04
3589	29/05/2008	12:00	1.30	80.0	1.00	19.60	1652.2	0.25	10.08	7.0	152.00	-8.68	-0.522	4.80e-03	4.07e-04
3590	29/05/2008	13:00	1.40	60.0	1.00	19.50	1709.6	0.24	9.63	8.0	72.96	-16.47	-0.258	2.26e-03	4.06e-04
3591	29/05/2008	14:00	1.30	110.0	1.00	19.10	1761.1	0.23	9.99	8.0	67.55	-15.03	-0.253	2.16e-03	4.04e-04
3592	29/05/2008	15:00	1.00	60.0	1.00	18.90	1771.6	0.14	12.30	8.0	14.04	-18.52	-0.083	1.98e-03	4.03e-04
3593	29/05/2008	16:00	1.00	40.0	1.00	19.00	1778.0	0.13	12.63	8.0	8.42	-23.47	-0.054	1.70e-03	4.04e-04
3594	29/05/2008	17:00	1.40	70.0	1.00	18.80	1779.7	0.15	10.47	8.0	2.07	-155.09	-0.011	1.32e-03	4.03e-04
3595	29/05/2008	18:00	2.10	90.0	1.20	18.00	174.2	0.20	8.31	8.0	-4.74	144.88	0.020	8.37e-04	3.98e-04
3596	29/05/2008	19:00	1.00	80.0	1.00	17.50	88.9	0.09	11.99	8.0	-1.69	90.00	0.016	2.69e-04	3.96e-04
3597	29/05/2008	20:00	1.00	0.0	1.00	17.20	88.9	0.09	11.99	8.0	-1.69	90.00	0.016	0.00e+00	3.94e-04
3598	29/05/2008	21:00	2.00	150.0	1.10	17.10	131.6	0.17	8.60	8.0	-9.24	90.00	0.045	0.00e+00	3.94e-04
3599	29/05/2008	22:00	1.50	150.0	1.00	16.20	112.0	0.13	9.88	8.0	-4.67	90.00	0.030	0.00e+00	3.89e-04
3600	29/05/2008	23:00	1.20	100.0	1.00	16.20	98.7	0.11	10.99	8.0	-2.66	90.00	0.021	0.00e+00	3.89e-04
3601	30/05/2008	00:00	1.50	100.0	1.00	16.00	112.0	0.13	9.88	8.0	-4.67	90.00	0.030	0.00e+00	3.88e-04
3602	30/05/2008	01:00	1.00	0.0	1.00	15.90	88.9	0.09	11.99	8.0	-1.69	90.00	0.016	0.00e+00	3.87e-04
3603	30/05/2008	02:00	1.00	170.0	1.00	15.70	88.9	0.09	11.99	8.0	-1.69	90.00	0.016	0.00e+00	3.86e-04
3604	30/05/2008	03:00	1.00	170.0	1.00	15.10	88.9	0.09	11.99	8.0	-1.69	90.00	0.016	0.00e+00	3.83e-04
3605	30/05/2008	04:00	1.00	180.0	1.00	15.20	88.9	0.09	11.99	8.0	-1.69	90.00	0.016	0.00e+00	3.84e-04
3606	30/05/2008	05:00	1.20	190.0	1.00	15.20	407.1	0.14	11.48	8.0	4.59	-53.83	-0.027	2.76e-04	3.84e-04
3607	30/05/2008	06:00	1.00	250.0	1.00	15.40	466.9	0.16	11.89	8.0	19.19	-17.26	-0.103	8.42e-04	3.85e-04
3608	30/05/2008	07:00	1.00	280.0	1.00	16.20	556.0	0.18	11.33	8.0	33.89	-14.39	-0.160	1.33e-03	3.89e-04
3609	30/05/2008	08:00	1.00	190.0	1.00	17.00	659.8	0.18	11.35	8.0	47.43	-11.55	-0.216	1.71e-03	3.93e-04
3610	30/05/2008	09:00	1.20	150.0	1.00	17.80	769.9	0.21	10.38	8.0	58.91	-14.14	-0.234	1.99e-03	3.97e-04
3611	30/05/2008	10:00	1.00	130.0	1.00	19.10	878.5	0.19	11.39	8.0	67.64	-9.11	-0.299	2.17e-03	4.04e-04
3612	30/05/2008	11:00	1.10	220.0	1.00	20.10	1078.5	0.22	10.96	7.0	148.00	-6.49	-0.566	4.74e-03	4.10e-04
3613	30/05/2008	12:00	1.80	100.0	1.19	20.70	1252.3	0.30	8.56	7.0	151.42	-16.23	-0.424	4.80e-03	4.13e-04
3614	30/05/2008	13:00	2.50	110.0	1.63	21.70	1403.0	0.38	7.28	7.0	147.01	-31.73	-0.334	4.74e-03	4.18e-04
3615	30/05/2008	14:00	5.10	180.0	2.84	17.40	1536.0	0.53	5.47	8.0	19.93	-666.83	-0.031	2.17e-03	3.95e-04
3616	30/05/2008	15:00	3.30	240.0	1.83	16.90	1552.4	0.35	6.82	8.0	15.89	-245.04	-0.038	1.99e-03	3.93e-04
3617	30/05/2008	16:00	3.30	220.0	1.84	16.40	1563.8	0.35	6.80	8.0	10.28	-366.68	-0.025	1.71e-03	3.90e-04
3618	30/05/2008	17:00	3.10	200.0	1.74	16.40	1568.7	0.32	6.99	8.0	3.22	-931.50	-0.008	1.33e-03	3.90e-04
3619	30/05/2008	18:00	1.00	140.0	1.00	16.70	88.9	0.09	11.99	8.0	-1.69	90.00	0.016	8.42e-04	3.91e-04
3620	30/05/2008	19:00	1.10	120.0	1.00	16.90	93.9	0.10	11.46	8.0	-2.14	90.00	0.018	2.76e-04	3.93e-04
3621	30/05/2008	20:00	1.40	130.0	1.00	16.30	107.7	0.12	10.21	8.0	-3.92	90.00	0.027	0.00e+00	3.89e-04
3622	30/05/2008	21:00	1.10	240.0	1.00	16.10	93.9	0.10	11.46	8.0	-2.14	90.00	0.018	0.00e+00	3.88e-04
3623	30/05/2008	22:00	3.10	190.0	1.73	16.10	206.2	0.28	6.90	8.0	-15.28	131.82	0.045	0.00e+00	3.88e-04
3624	30/05/2008	23:00	1.90	200.0	1.05	16.00	127.9	0.16	8.82	8.0	-8.53	90.00	0.043	0.00e+00	3.88e-04
3625	31/05/2008	00:00	1.00	220.0	1.00	15.80	88.9	0.09	11.99	8.0	-1.69	90.00	0.016	0.00e+00	3.87e-04
3626	31/05/2008	01:00	1.00	230.0	1.00	15.70	88.9	0.09	11.99	8.0	-1.69	90.00	0.016	0.00e+00	3.86e-04
3627	31/05/2008	02:00	1.20	140.0	1.00	15.50	98.7	0.11	10.99	8.0	-2.66	90.00	0.021	0.00e+00	3.85e-04
3628	31/05/2008	03:00	1.00	210.0	1.00	15.30	88.9	0.09	11.99	8.0	-1.69	90.00	0.016	0.00e+00	3.84e-04
3629	31/05/2008	04:00	1.00	150.0	1.00	15.00	88.9	0.09	11.99	8.0	-1.69	90.00	0.016	0.00e+00	3.82e-04
3630	31/05/2008	05:00	1.00	180.0	1.00	15.20	376.0	0.13	12.63	7.0	8.14	-23.95	-0.052	5.91e-04	3.84e-04
3631	31/05/2008	06:00	1.00	220.0	1.00	16.40	451.9	0.16	11.85	8.0	19.74	-17.14	-0.105	8.47e-04	3.90e-04
3632	31/05/2008	07:00	2.60	200.0	1.48	17.30	942.0	0.33	7.63	7.0	68.80	-44.55	-0.177	2.78e-03	3.95e-04
3633	31/05/2008	08:00	3.40	190.0	1.88	18.00	1098.1	0.38	6.77	8.0	47.72	-101.75	-0.106	1.71e-03	3.98e-04
3634	31/05/2008	09:00	3.40	200.0	1.88	18.30	1173.2	0.39	6.77	8.0	59.06	-86.06	-0.129	1.99e-03	4.00e-04
3635	31/05/2008	10:00	2.70	190.0	1.72	19.50	1323.1	0.39	7.10	7.0	137.31	-37.02	-0.301	4.54e-03	4.06e-04
3636	31/05/2008	11:00	2.60	180.0	1.71	21.50	1513.1	0.40	7.13	6.0	199.03	-28.08	-0.425	6.50e-03	4.17e-04
3637	31/05/2008	12:00	4.50	170.0	2.53	23.00	1648.1	0.52	5.84	7.0	150.19	-82.99	-0.247	4.80e-03	4.26e-04
3638	31/05/2008	13:00	6.80	190.0	3.77	23.60	2143.5	0.74	4.77	5.0	230.01	-157.01	-0.266	7.68e-03	4.29e-04
3639	31/05/2008	14:00	4.30	190.0	2.41	24.30	2229.9	0.50	5.98	7.0	135.01	-80.77	-0.233	4.54e-03	4.33e-04
3640	31/05/2008	15:00	2.30	310.0	1.50	24.00	2300.2	0.34	7.62	7.0	117.90	-30.70	-0.293	4.16e-03	4.31e-04
3641	31/05/2008	16:00	3.20	30.0	1.82	22.30	2356.1	0.39	6.89	7.0	95.59	-54.94	-0.209	3.58e-03	4.22e-04
3642	31/05/2008	17:00	3.30	180.0	1.83	23.00	2396.1	0.38	6.86	7.0	69.15	-71.59	-0.155	2.78e-03	4.26e-04
3643	31/05/2008	18:00	5.10	350.0	2.83	21.00	2422.5	0.54	5.49	7.0	40.13	-343.14	-0.063	1.78e-03	4.15e-04
3644	31/05/2008	19:00	1.50	320.0	1.00	19.80	2428.3	0.18	10.27	7.0	10.62	-47.41	-0.050	5.91e-04	4.08e-04
3645	31/05/2008	20:00	3.50	200.0	1.95	17.70	225.1	0.32	6.51	7.0	-21.21	137.31	0.056	0.00e+00	3.97e-04
3646	31/05/2008	21:00	3.10	190.0	1.69	16.40	170.3	0.26	6.96	7.0	-17.57	92.90	0.056	0.00e+00	3.90e-04
3647	31/05/2008	22:00	1.00	210.0	1.00	16.10	88.9	0.09	11.99	8.0	-1.69	90.00	0.016	0.00e+00	3.88e-04
3648	31/05/2008	23:00	1.00	170.0	1.00	16.10	88.9	0.09	11.99	8.0	-1.69	90.00	0.016	0.00e+00	3.88e-04
