i	Date	Heure	Uext	Direct	Uh	To	h	us	sigmatheta	Cld	Fo	Lmo	thetas	k1	k3
8041	01/12/2008	00:00	1.00	0.0	1.00	4.60	88.9	0.09	11.99	7.0	-1.70	90.00	0.015	0.00e+00	3.31e-04
8042	01/12/2008	01:00	1.50	200.0	1.00	3.40	112.0	0.13	9.88	7.0	-4.70	90.00	0.029	0.00e+00	3.25e-04
8043	01/12/2008	02:00	2.00	190.0	1.10	5.40	131.6	0.17	8.60	7.0	-9.78	90.00	0.045	0.00e+00	3.35e-04
8044	01/12/2008	03:00	1.70	360.0	1.00	5.50	120.2	0.15	9.30	8.0	-6.46	90.00	0.035	0.00e+00	3.36e-04
8045	01/12/2008	04:00	1.20	130.0	1.00	4.90	98.7	0.11	10.99	8.0	-2.67	90.00	0.020	0.00e+00	3.33e-04
8046	01/12/2008	05:00	1.20	170.0	1.00	4.30	98.7	0.11	10.99	8.0	-2.67	90.00	0.020	0.00e+00	3.30e-04
8047	01/12/2008	06:00	1.00	0.0	1.00	4.20	88.9	0.09	11.99	7.0	-1.70	90.00	0.015	0.00e+00	3.29e-04
8048	01/12/2008	07:00	1.60	250.0	1.00	5.00	116.2	0.14	9.57	7.0	-5.53	90.00	0.032	0.00e+00	3.33e-04
8049	01/12/2008	08:00	3.40	320.0	1.92	6.00	453.6	0.35	6.62	7.0	-5.08	719.62	0.012	2.26e-04	3.38e-04
8050	01/12/2008	09:00	1.10	310.0	1.00	6.10	479.2	0.17	11.41	7.0	21.40	-18.96	-0.103	1.23e-03	3.39e-04
8051	01/12/2008	10:00	1.00	90.0	1.00	6.30	580.2	0.18	11.33	7.0	41.68	-12.66	-0.185	1.92e-03	3.40e-04
8052	01/12/2008	11:00	1.00	130.0	1.00	6.00	689.1	0.19	11.36	7.0	54.44	-10.57	-0.234	2.32e-03	3.38e-04
8053	01/12/2008	12:00	1.80	110.0	1.12	6.10	792.6	0.26	8.78	7.0	58.78	-27.59	-0.179	2.45e-03	3.39e-04
8054	01/12/2008	13:00	2.30	100.0	1.26	6.10	834.4	0.27	8.26	8.0	24.48	-67.88	-0.074	1.11e-03	3.39e-04
8055	01/12/2008	14:00	1.10	100.0	1.00	6.10	862.2	0.16	11.60	8.0	18.39	-19.60	-0.092	9.16e-04	3.39e-04
8056	01/12/2008	15:00	1.00	100.0	1.00	6.10	875.1	0.13	12.62	8.0	8.71	-23.08	-0.053	5.87e-04	3.39e-04
8057	01/12/2008	16:00	1.10	130.0	1.00	5.90	93.9	0.10	11.46	8.0	-2.15	90.00	0.018	1.08e-04	3.38e-04
8058	01/12/2008	17:00	1.20	180.0	1.00	5.70	98.7	0.11	10.99	7.0	-2.67	90.00	0.020	0.00e+00	3.37e-04
8059	01/12/2008	18:00	1.00	0.0	1.00	5.60	88.9	0.09	11.99	7.0	-1.70	90.00	0.015	0.00e+00	3.36e-04
8060	01/12/2008	19:00	1.70	310.0	1.00	5.70	120.2	0.15	9.30	7.0	-6.46	90.00	0.035	0.00e+00	3.37e-04
8061	01/12/2008	20:00	1.00	170.0	1.00	5.10	88.9	0.09	11.99	8.0	-1.70	90.00	0.015	0.00e+00	3.34e-04
8062	01/12/2008	21:00	1.70	300.0	1.00	4.80	120.2	0.15	9.30	8.0	-6.46	90.00	0.035	0.00e+00	3.32e-04
8063	01/12/2008	22:00	1.00	0.0	1.00	4.10	88.9	0.09	11.99	7.0	-1.70	90.00	0.015	0.00e+00	3.29e-04
8064	01/12/2008	23:00	1.00	0.0	1.00	4.30	88.9	0.09	11.99	7.0	-1.70	90.00	0.015	0.00e+00	3.30e-04
8065	02/12/2008	00:00	1.00	0.0	1.00	4.40	88.9	0.09	11.99	6.0	-1.70	90.00	0.015	0.00e+00	3.30e-04
8066	02/12/2008	01:00	1.00	0.0	1.00	4.30	88.9	0.09	11.99	7.0	-1.70	90.00	0.015	0.00e+00	3.30e-04
8067	02/12/2008	02:00	1.00	0.0	1.00	4.10	88.9	0.09	11.99	8.0	-1.70	90.00	0.015	0.00e+00	3.29e-04
8068	02/12/2008	03:00	1.00	0.0	1.00	4.10	88.9	0.09	11.99	8.0	-1.70	90.00	0.015	0.00e+00	3.29e-04
8069	02/12/2008	04:00	1.30	250.0	1.00	4.40	103.3	0.11	10.58	8.0	-3.27	90.00	0.023	0.00e+00	3.30e-04
8070	02/12/2008	05:00	1.00	230.0	1.00	4.30	88.9	0.09	11.99	8.0	-1.70	90.00	0.015	0.00e+00	3.30e-04
8071	02/12/2008	06:00	1.00	0.0	1.00	4.70	88.9	0.09	11.99	8.0	-1.70	90.00	0.015	0.00e+00	3.32e-04
8072	02/12/2008	07:00	2.10	360.0	1.16	4.60	135.2	0.18	8.40	8.0	-10.18	90.00	0.045	0.00e+00	3.31e-04
8073	02/12/2008	08:00	2.20	90.0	1.21	4.00	138.7	0.19	8.21	4.0	-12.50	90.00	0.053	3.77e-04	3.28e-04
8074	02/12/2008	09:00	1.00	240.0	1.00	4.00	507.2	0.18	11.35	5.0	32.81	-14.66	-0.149	1.97e-03	3.28e-04
8075	02/12/2008	10:00	4.10	320.0	2.26	6.10	1311.9	0.45	6.16	3.0	70.95	-117.33	-0.125	3.54e-03	3.39e-04
8076	02/12/2008	11:00	3.30	350.0	1.82	6.20	1366.6	0.37	6.87	7.0	54.03	-86.25	-0.116	2.31e-03	3.39e-04
8077	02/12/2008	12:00	3.50	350.0	1.93	6.10	1423.5	0.39	6.67	7.0	58.38	-93.39	-0.119	2.44e-03	3.39e-04
8078	02/12/2008	13:00	4.90	340.0	2.71	6.00	1528.7	0.53	5.62	6.0	74.16	-177.63	-0.112	3.16e-03	3.38e-04
8079	02/12/2008	14:00	4.20	310.0	2.32	6.70	1587.5	0.46	6.08	5.0	65.70	-132.73	-0.114	3.09e-03	3.42e-04
8080	02/12/2008	15:00	2.90	350.0	1.60	5.80	1615.4	0.33	7.33	3.0	33.26	-92.77	-0.082	2.26e-03	3.37e-04
8081	02/12/2008	16:00	1.00	20.0	1.00	4.30	88.9	0.09	11.99	7.0	-1.70	90.00	0.015	2.12e-04	3.30e-04
8082	02/12/2008	17:00	1.00	170.0	1.00	4.20	88.9	0.09	11.99	7.0	-1.70	90.00	0.015	0.00e+00	3.29e-04
8083	02/12/2008	18:00	1.00	0.0	1.00	3.50	88.9	0.09	11.99	7.0	-1.70	90.00	0.015	0.00e+00	3.26e-04
8084	02/12/2008	19:00	2.50	150.0	1.37	2.70	148.8	0.21	7.72	7.0	-14.96	90.00	0.056	0.00e+00	3.22e-04
8085	02/12/2008	20:00	1.60	160.0	1.00	1.30	116.2	0.14	9.57	7.0	-5.53	90.00	0.031	0.00e+00	3.15e-04
8086	02/12/2008	21:00	1.00	200.0	1.00	1.10	88.9	0.09	11.99	7.0	-1.70	90.00	0.015	0.00e+00	3.14e-04
8087	02/12/2008	22:00	1.70	140.0	1.00	0.90	120.2	0.15	9.30	7.0	-6.46	90.00	0.035	0.00e+00	3.13e-04
8088	02/12/2008	23:00	1.30	140.0	1.00	-0.20	103.3	0.11	10.58	7.0	-3.27	90.00	0.023	0.00e+00	3.08e-04
8089	03/12/2008	00:00	2.00	130.0	1.10	0.00	131.6	0.17	8.60	7.0	-9.78	90.00	0.045	0.00e+00	3.09e-04
8090	03/12/2008	01:00	1.90	120.0	1.05	-0.80	127.9	0.16	8.82	7.0	-8.58	90.00	0.041	0.00e+00	3.05e-04
8091	03/12/2008	02:00	2.50	170.0	1.37	0.60	148.8	0.21	7.72	7.0	-15.08	90.00	0.056	0.00e+00	3.12e-04
8092	03/12/2008	03:00	3.60	170.0	2.00	0.40	227.6	0.33	6.42	7.0	-23.28	136.10	0.056	0.00e+00	3.11e-04
8093	03/12/2008	04:00	3.00	160.0	1.63	0.80	164.3	0.25	7.07	7.0	-17.96	90.00	0.056	0.00e+00	3.13e-04
8094	03/12/2008	05:00	4.00	170.0	2.23	1.40	275.6	0.38	6.10	7.0	-26.49	178.18	0.056	0.00e+00	3.16e-04
8095	03/12/2008	06:00	6.00	170.0	3.37	1.90	533.6	0.60	4.99	7.0	-42.11	452.58	0.056	0.00e+00	3.18e-04
8096	03/12/2008	07:00	6.40	180.0	3.60	2.40	589.5	0.64	4.83	7.0	-45.09	521.76	0.056	0.00e+00	3.21e-04
8097	03/12/2008	08:00	6.90	170.0	3.86	2.70	1389.1	0.71	4.68	8.0	-5.65	5585.65	0.006	9.51e-05	3.22e-04
8098	03/12/2008	09:00	9.60	170.0	5.34	2.60	2839.9	0.98	3.98	8.0	7.31	-11552.13	-0.006	5.75e-04	3.21e-04
8099	03/12/2008	10:00	8.50	180.0	4.72	2.20	2860.0	0.87	4.23	8.0	17.21	-3432.06	-0.016	9.05e-04	3.20e-04
8100	03/12/2008	11:00	9.80	180.0	5.43	3.30	2908.5	1.01	3.95	7.0	53.96	-1681.11	-0.043	2.30e-03	3.25e-04
8101	03/12/2008	12:00	12.20	180.0	6.75	4.30	3606.3	1.25	3.54	7.0	58.25	-2968.45	-0.037	2.43e-03	3.30e-04
8102	03/12/2008	13:00	11.60	180.0	6.43	3.90	3634.2	1.19	3.63	8.0	23.74	-6251.45	-0.016	1.10e-03	3.28e-04
8103	03/12/2008	14:00	10.30	180.0	5.72	4.40	3653.9	1.06	3.85	8.0	17.65	-5907.29	-0.013	9.05e-04	3.30e-04
8104	03/12/2008	15:00	9.70	190.0	5.39	4.60	3668.1	0.99	3.96	8.0	7.90	-11030.05	-0.006	5.75e-04	3.31e-04
8105	03/12/2008	16:00	7.80	180.0	4.35	4.70	1716.4	0.80	4.41	8.0	-4.83	9418.52	0.005	9.51e-05	3.32e-04
8106	03/12/2008	17:00	8.30	180.0	4.63	5.00	935.7	0.84	4.26	8.0	-47.38	1114.48	0.045	0.00e+00	3.33e-04
8107	03/12/2008	18:00	7.30	180.0	4.12	5.00	790.3	0.74	4.52	8.0	-41.93	873.08	0.045	0.00e+00	3.33e-04
8108	03/12/2008	19:00	7.00	180.0	3.94	5.20	677.9	0.71	4.62	7.0	-49.17	639.52	0.056	0.00e+00	3.34e-04
8109	03/12/2008	20:00	8.00	190.0	4.51	5.40	826.0	0.82	4.32	7.0	-56.59	848.95	0.056	0.00e+00	3.35e-04
8110	03/12/2008	21:00	6.70	190.0	3.77	4.90	634.5	0.68	4.72	7.0	-46.96	581.65	0.056	0.00e+00	3.33e-04
8111	03/12/2008	22:00	4.80	180.0	2.68	4.40	376.9	0.47	5.58	7.0	-32.54	277.81	0.056	0.00e+00	3.30e-04
8112	03/12/2008	23:00	3.10	220.0	1.73	3.70	200.1	0.28	6.90	8.0	-15.93	124.23	0.045	0.00e+00	3.27e-04
8113	04/12/2008	00:00	1.60	320.0	1.00	2.70	116.2	0.14	9.57	8.0	-5.53	90.00	0.032	0.00e+00	3.22e-04
8114	04/12/2008	01:00	1.00	0.0	1.00	2.40	88.9	0.09	11.99	8.0	-1.70	90.00	0.015	0.00e+00	3.21e-04
8115	04/12/2008	02:00	3.00	190.0	1.66	3.10	184.6	0.27	7.04	8.0	-15.10	110.89	0.045	0.00e+00	3.24e-04
8116	04/12/2008	03:00	4.50	180.0	2.49	3.30	288.7	0.42	5.76	5.0	-38.30	171.52	0.072	0.00e+00	3.25e-04
8117	04/12/2008	04:00	3.60	220.0	1.94	3.00	181.4	0.30	6.48	3.0	-32.00	90.00	0.084	0.00e+00	3.23e-04
8118	04/12/2008	05:00	5.80	180.0	3.21	3.20	393.1	0.55	5.09	1.0	-62.43	242.86	0.089	0.00e+00	3.24e-04
8119	04/12/2008	06:00	4.40	200.0	2.43	2.90	245.1	0.40	5.82	2.0	-43.61	126.90	0.087	0.00e+00	3.23e-04
8120	04/12/2008	07:00	4.70	190.0	2.61	2.60	311.0	0.44	5.64	5.0	-40.47	190.10	0.072	0.00e+00	3.21e-04
8121	04/12/2008	08:00	4.10	210.0	2.31	3.50	556.9	0.42	6.04	7.0	-7.15	906.58	0.014	1.87e-04	3.26e-04
8122	04/12/2008	09:00	4.00	200.0	2.22	4.10	1222.9	0.42	6.19	7.0	19.96	-337.93	-0.038	1.19e-03	3.29e-04
8123	04/12/2008	10:00	6.90	190.0	3.84	5.00	2054.7	0.71	4.70	8.0	17.62	-1815.41	-0.020	8.99e-04	3.33e-04
8124	04/12/2008	11:00	7.70	180.0	4.27	6.50	2301.9	0.80	4.46	7.0	53.28	-844.14	-0.054	2.28e-03	3.41e-04
8125	04/12/2008	12:00	8.90	170.0	4.94	6.00	2640.1	0.91	4.14	8.0	26.00	-2609.51	-0.023	1.15e-03	3.38e-04
8126	04/12/2008	13:00	9.40	180.0	5.23	6.20	2780.3	0.96	4.02	8.0	2.50	-31727.40	-0.002	1.09e-03	3.39e-04
8127	04/12/2008	14:00	11.20	190.0	6.23	6.10	3312.0	1.15	3.68	8.0	-1.50	89203.39	0.001	8.99e-04	3.39e-04
8128	04/12/2008	15:00	10.50	190.0	5.84	6.10	3329.7	1.07	3.81	7.0	0.15	-735940.45	-0.000	1.19e-03	3.39e-04
8129	04/12/2008	16:00	11.40	180.0	6.36	6.40	3378.8	1.17	3.65	8.0	-4.23	33603.05	0.003	8.92e-05	3.40e-04
8130	04/12/2008	17:00	13.30	180.0	7.39	6.40	1660.8	1.35	3.38	7.0	-93.45	2340.47	0.056	0.00e+00	3.40e-04
8131	04/12/2008	18:00	11.80	180.0	6.56	6.20	1407.9	1.20	3.59	7.0	-82.90	1837.89	0.056	0.00e+00	3.39e-04
8132	04/12/2008	19:00	12.80	180.0	7.11	6.70	1487.0	1.30	3.44	6.0	-104.47	1858.05	0.065	0.00e+00	3.42e-04
8133	04/12/2008	20:00	13.10	180.0	7.28	7.70	1760.4	1.33	3.41	8.0	-74.32	2823.03	0.045	0.00e+00	3.47e-04
8134	04/12/2008	21:00	9.30	180.0	5.18	7.80	1099.8	0.94	4.03	8.0	-52.60	1415.64	0.045	0.00e+00	3.47e-04
8135	04/12/2008	22:00	10.40	190.0	5.79	8.20	1284.9	1.06	3.82	8.0	-58.82	1777.64	0.045	0.00e+00	3.49e-04
8136	04/12/2008	23:00	7.70	180.0	4.32	8.00	850.6	0.78	4.41	8.0	-43.62	975.54	0.045	0.00e+00	3.48e-04
8137	05/12/2008	00:00	6.60	180.0	3.73	8.10	688.1	0.67	4.75	8.0	-37.42	718.90	0.045	0.00e+00	3.49e-04
8138	05/12/2008	01:00	7.80	190.0	4.37	8.10	865.3	0.79	4.39	8.0	-44.14	1000.09	0.045	0.00e+00	3.49e-04
8139	05/12/2008	02:00	6.80	180.0	3.80	7.70	572.5	0.68	4.70	5.0	-60.68	451.56	0.072	0.00e+00	3.47e-04
8140	05/12/2008	03:00	6.70	200.0	3.73	7.70	519.3	0.66	4.74	3.0	-68.29	370.81	0.084	0.00e+00	3.47e-04
8141	05/12/2008	04:00	5.90	180.0	3.28	7.40	423.1	0.57	5.05	3.0	-59.22	278.00	0.084	0.00e+00	3.45e-04
8142	05/12/2008	05:00	6.30	180.0	3.50	7.50	470.6	0.61	4.88	3.0	-63.79	322.81	0.084	0.00e+00	3.46e-04
8143	05/12/2008	06:00	5.60	190.0	3.13	7.70	447.7	0.55	5.17	6.0	-44.08	334.28	0.065	0.00e+00	3.47e-04
8144	05/12/2008	07:00	4.20	200.0	2.36	8.10	342.9	0.41	5.95	8.0	-22.79	266.56	0.045	0.00e+00	3.49e-04
8145	05/12/2008	08:00	3.60	200.0	2.03	7.90	490.1	0.37	6.44	7.0	-5.43	803.83	0.012	1.75e-04	3.48e-04
8146	05/12/2008	09:00	4.50	200.0	2.50	9.40	1373.7	0.48	5.84	6.0	28.13	-339.76	-0.048	1.62e-03	3.55e-04
8147	05/12/2008	10:00	5.50	210.0	3.04	10.30	1678.2	0.58	5.29	6.0	54.97	-317.00	-0.077	2.57e-03	3.60e-04
8148	05/12/2008	11:00	6.30	190.0	3.49	10.90	1902.0	0.66	4.94	7.0	52.77	-480.73	-0.065	2.27e-03	3.63e-04
8149	05/12/2008	12:00	6.30	190.0	3.49	11.30	1951.5	0.66	4.94	7.0	56.90	-447.59	-0.070	2.41e-03	3.65e-04
8150	05/12/2008	13:00	6.50	250.0	3.60	11.80	1998.2	0.68	4.86	7.0	52.78	-525.02	-0.064	2.27e-03	3.68e-04
8151	05/12/2008	14:00	5.50	230.0	3.05	11.50	2031.4	0.58	5.28	7.0	40.69	-419.99	-0.058	1.87e-03	3.66e-04
8152	05/12/2008	15:00	6.50	260.0	3.61	10.30	2056.0	0.67	4.84	7.0	21.12	-1275.80	-0.026	1.18e-03	3.60e-04
8153	05/12/2008	16:00	3.30	200.0	1.91	8.30	258.4	0.32	6.58	3.0	-16.20	186.98	0.040	3.26e-04	3.50e-04
8154	05/12/2008	17:00	5.00	200.0	2.77	8.30	321.0	0.47	5.47	3.0	-48.62	189.14	0.084	0.00e+00	3.50e-04
8155	05/12/2008	18:00	5.30	210.0	2.94	8.50	367.6	0.51	5.32	4.0	-49.35	234.26	0.079	0.00e+00	3.51e-04
8156	05/12/2008	19:00	5.20	220.0	2.89	9.00	356.4	0.50	5.37	4.0	-48.18	224.50	0.079	0.00e+00	3.53e-04
8157	05/12/2008	20:00	3.40	200.0	1.84	8.40	175.9	0.29	6.66	5.0	-25.71	90.00	0.072	0.00e+00	3.50e-04
8158	05/12/2008	21:00	4.80	230.0	2.67	8.10	326.3	0.46	5.58	5.0	-40.79	204.93	0.072	0.00e+00	3.49e-04
8159	05/12/2008	22:00	2.90	220.0	1.58	7.50	161.3	0.25	7.19	6.0	-19.76	90.00	0.065	0.00e+00	3.46e-04
8160	05/12/2008	23:00	4.50	220.0	2.50	7.00	311.9	0.43	5.76	6.0	-34.30	200.92	0.065	0.00e+00	3.43e-04
8161	06/12/2008	00:00	4.80	220.0	2.67	6.50	347.5	0.46	5.58	6.0	-37.08	233.61	0.065	0.00e+00	3.41e-04
8162	06/12/2008	01:00	4.50	210.0	2.50	6.60	311.6	0.43	5.76	6.0	-34.34	200.56	0.065	0.00e+00	3.41e-04
8163	06/12/2008	02:00	3.70	240.0	2.05	6.50	219.2	0.33	6.33	6.0	-26.87	122.68	0.065	0.00e+00	3.41e-04
8164	06/12/2008	03:00	2.10	170.0	1.16	4.60	135.2	0.18	8.40	6.0	-11.09	90.00	0.049	0.00e+00	3.31e-04
8165	06/12/2008	04:00	1.50	170.0	1.00	4.60	112.0	0.13	9.88	6.0	-4.70	90.00	0.029	0.00e+00	3.31e-04
8166	06/12/2008	05:00	2.70	230.0	1.47	5.30	155.2	0.23	7.44	7.0	-15.96	90.00	0.056	0.00e+00	3.35e-04
8167	06/12/2008	06:00	4.10	190.0	2.29	5.90	290.6	0.39	6.03	7.0	-26.91	193.10	0.056	0.00e+00	3.38e-04
8168	06/12/2008	07:00	3.80	170.0	2.11	5.60	254.2	0.35	6.25	7.0	-24.54	160.03	0.056	0.00e+00	3.36e-04
8169	06/12/2008	08:00	4.10	190.0	2.36	5.70	471.7	0.42	5.96	5.0	-11.89	564.35	0.023	2.66e-04	3.37e-04
8170	06/12/2008	09:00	5.00	180.0	2.78	7.20	1507.3	0.52	5.53	7.0	20.03	-630.52	-0.031	1.17e-03	3.44e-04
8171	06/12/2008	10:00	5.00	220.0	2.77	9.20	1550.2	0.53	5.55	7.0	40.16	-326.27	-0.062	1.86e-03	3.54e-04
8172	06/12/2008	11:00	4.40	320.0	2.45	8.20	1572.4	0.46	5.90	7.0	19.86	-442.71	-0.035	2.27e-03	3.49e-04
8173	06/12/2008	12:00	6.30	330.0	3.50	7.20	1892.5	0.66	4.93	6.0	37.11	-673.50	-0.046	3.29e-03	3.44e-04
8174	06/12/2008	13:00	2.90	260.0	1.60	7.30	1923.2	0.33	7.33	4.0	44.76	-73.60	-0.108	4.02e-03	3.45e-04
8175	06/12/2008	14:00	2.70	190.0	1.52	9.80	1965.5	0.33	7.54	5.0	63.12	-50.13	-0.156	3.02e-03	3.58e-04
8176	06/12/2008	15:00	2.60	10.0	1.43	7.80	1979.1	0.29	7.74	7.0	20.17	-106.93	-0.056	1.17e-03	3.47e-04
8177	06/12/2008	16:00	2.10	330.0	1.16	6.70	135.2	0.18	8.40	5.0	-11.09	90.00	0.049	2.66e-04	3.42e-04
8178	06/12/2008	17:00	2.00	300.0	1.10	6.80	131.6	0.17	8.60	6.0	-9.78	90.00	0.046	0.00e+00	3.42e-04
8179	06/12/2008	18:00	1.00	0.0	1.00	5.80	88.9	0.09	11.99	7.0	-1.70	90.00	0.015	0.00e+00	3.37e-04
8180	06/12/2008	19:00	1.00	0.0	1.00	4.90	88.9	0.09	11.99	8.0	-1.70	90.00	0.015	0.00e+00	3.33e-04
8181	06/12/2008	20:00	1.00	0.0	1.00	5.10	88.9	0.09	11.99	8.0	-1.70	90.00	0.015	0.00e+00	3.34e-04
8182	06/12/2008	21:00	1.30	120.0	1.00	4.90	103.3	0.11	10.58	7.0	-3.27	90.00	0.023	0.00e+00	3.33e-04
8183	06/12/2008	22:00	1.00	0.0	1.00	4.60	88.9	0.09	11.99	8.0	-1.70	90.00	0.015	0.00e+00	3.31e-04
8184	06/12/2008	23:00	1.00	10.0	1.00	4.30	88.9	0.09	11.99	8.0	-1.70	90.00	0.015	0.00e+00	3.30e-04
8185	07/12/2008	00:00	1.00	0.0	1.00	4.10	88.9	0.09	11.99	7.0	-1.70	90.00	0.015	0.00e+00	3.29e-04
8186	07/12/2008	01:00	1.00	0.0	1.00	3.70	88.9	0.09	11.99	8.0	-1.70	90.00	0.015	0.00e+00	3.27e-04
8187	07/12/2008	02:00	1.00	0.0	1.00	3.20	88.9	0.09	11.99	8.0	-1.70	90.00	0.015	0.00e+00	3.24e-04
8188	07/12/2008	03:00	1.20	120.0	1.00	1.90	98.7	0.11	10.99	5.0	-2.67	90.00	0.020	0.00e+00	3.18e-04
8189	07/12/2008	04:00	1.00	0.0	1.00	0.60	88.9	0.09	11.99	3.0	-1.70	90.00	0.015	0.00e+00	3.12e-04
8190	07/12/2008	05:00	1.00	100.0	1.00	0.30	88.9	0.09	11.99	0.0	-1.70	90.00	0.015	0.00e+00	3.10e-04
8191	07/12/2008	06:00	1.00	0.0	1.00	-0.40	88.9	0.09	11.99	1.0	-1.70	90.00	0.015	0.00e+00	3.07e-04
8192	07/12/2008	07:00	1.00	120.0	1.00	-0.60	88.9	0.09	11.99	2.0	-1.70	90.00	0.015	0.00e+00	3.06e-04
8193	07/12/2008	08:00	1.00	70.0	1.00	-0.60	88.9	0.09	11.99	3.0	-1.70	90.00	0.015	2.87e-04	3.06e-04
8194	07/12/2008	09:00	2.20	100.0	1.21	0.30	754.6	0.26	8.44	3.0	29.95	-52.89	-0.090	2.16e-03	3.10e-04
8195	07/12/2008	10:00	1.00	30.0	1.00	2.90	853.9	0.19	11.38	1.0	64.04	-9.48	-0.267	3.54e-03	3.23e-04
8196	07/12/2008	11:00	1.80	80.0	1.20	6.30	982.1	0.29	8.52	3.0	91.46	-23.12	-0.255	4.19e-03	3.40e-04
8197	07/12/2008	12:00	2.10	120.0	1.37	6.60	1104.9	0.32	7.97	3.0	99.34	-28.70	-0.251	4.44e-03	3.41e-04
8198	07/12/2008	13:00	2.10	110.0	1.34	7.30	1204.7	0.31	8.03	4.0	89.32	-29.91	-0.231	4.00e-03	3.45e-04
8199	07/12/2008	14:00	4.70	360.0	2.60	8.10	1467.9	0.51	5.74	4.0	66.91	-174.31	-0.106	3.29e-03	3.49e-04
8200	07/12/2008	15:00	5.50	350.0	3.05	7.20	1660.3	0.58	5.28	4.0	31.63	-533.45	-0.044	2.06e-03	3.44e-04
8201	07/12/2008	16:00	3.80	350.0	2.21	6.10	303.6	0.38	6.14	2.0	-21.84	221.35	0.046	2.92e-04	3.39e-04
8202	07/12/2008	17:00	3.10	350.0	1.68	5.00	167.3	0.26	6.96	3.0	-27.50	90.00	0.084	0.00e+00	3.33e-04
8203	07/12/2008	18:00	3.30	360.0	1.79	4.50	173.0	0.28	6.76	3.0	-29.26	90.00	0.084	0.00e+00	3.31e-04
8204	07/12/2008	19:00	1.10	360.0	1.00	3.70	93.9	0.10	11.46	4.0	-2.15	90.00	0.018	0.00e+00	3.27e-04
8205	07/12/2008	20:00	1.00	0.0	1.00	2.30	88.9	0.09	11.99	4.0	-1.70	90.00	0.015	0.00e+00	3.20e-04
8206	07/12/2008	21:00	1.00	0.0	1.00	0.90	88.9	0.09	11.99	5.0	-1.70	90.00	0.015	0.00e+00	3.13e-04
8207	07/12/2008	22:00	1.20	340.0	1.00	0.30	98.7	0.11	10.99	6.0	-2.67	90.00	0.020	0.00e+00	3.10e-04
8208	07/12/2008	23:00	1.00	0.0	1.00	0.10	88.9	0.09	11.99	7.0	-1.70	90.00	0.015	0.00e+00	3.09e-04
8209	08/12/2008	00:00	1.00	0.0	1.00	0.90	88.9	0.09	11.99	8.0	-1.70	90.00	0.015	0.00e+00	3.13e-04
8210	08/12/2008	01:00	1.00	0.0	1.00	0.50	88.9	0.09	11.99	8.0	-1.70	90.00	0.015	0.00e+00	3.11e-04
8211	08/12/2008	02:00	1.20	110.0	1.00	-0.30	98.7	0.11	10.99	8.0	-2.67	90.00	0.020	0.00e+00	3.07e-04
8212	08/12/2008	03:00	1.20	120.0	1.00	-1.00	98.7	0.11	10.99	8.0	-2.67	90.00	0.020	0.00e+00	3.04e-04
8213	08/12/2008	04:00	1.00	120.0	1.00	-1.30	88.9	0.09	11.99	8.0	-1.70	90.00	0.015	0.00e+00	3.03e-04
8214	08/12/2008	05:00	1.00	0.0	1.00	-1.50	88.9	0.09	11.99	8.0	-1.70	90.00	0.015	0.00e+00	3.02e-04
8215	08/12/2008	06:00	1.00	0.0	1.00	-0.40	88.9	0.09	11.99	8.0	-1.70	90.00	0.015	0.00e+00	3.07e-04
8216	08/12/2008	07:00	1.00	0.0	1.00	0.40	88.9	0.09	11.99	8.0	-1.70	90.00	0.015	0.00e+00	3.11e-04
8217	08/12/2008	08:00	1.00	50.0	1.00	0.60	88.9	0.09	11.99	8.0	-1.70	90.00	0.015	6.91e-05	3.12e-04
8218	08/12/2008	09:00	1.00	110.0	1.00	0.70	363.2	0.13	12.66	8.0	6.09	-29.01	-0.038	5.51e-04	3.12e-04
8219	08/12/2008	10:00	1.70	150.0	1.00	1.40	672.8	0.23	9.32	7.0	39.38	-28.52	-0.133	1.85e-03	3.16e-04
8220	08/12/2008	11:00	1.80	180.0	1.20	3.50	831.8	0.29	8.52	3.0	92.22	-23.01	-0.254	4.18e-03	3.26e-04
8221	08/12/2008	12:00	1.90	210.0	1.26	4.50	970.8	0.30	8.31	4.0	97.80	-24.52	-0.260	4.22e-03	3.31e-04
8222	08/12/2008	13:00	3.00	210.0	1.72	5.00	1088.3	0.37	7.09	3.0	91.53	-50.12	-0.196	4.18e-03	3.33e-04
8223	08/12/2008	14:00	1.70	170.0	1.11	6.40	1164.9	0.26	8.86	3.0	67.42	-24.31	-0.205	3.43e-03	3.40e-04
8224	08/12/2008	15:00	2.00	200.0	1.10	6.50	1195.7	0.24	8.85	2.0	27.64	-45.50	-0.092	2.19e-03	3.41e-04
8225	08/12/2008	16:00	1.00	210.0	1.00	4.70	88.9	0.09	11.99	2.0	-1.70	90.00	0.015	2.75e-04	3.32e-04
8226	08/12/2008	17:00	1.00	0.0	1.00	3.10	88.9	0.09	11.99	2.0	-1.70	90.00	0.015	0.00e+00	3.24e-04
8227	08/12/2008	18:00	1.00	190.0	1.00	1.60	88.9	0.09	11.99	2.0	-1.70	90.00	0.015	0.00e+00	3.17e-04
8228	08/12/2008	19:00	1.00	0.0	1.00	0.50	88.9	0.09	11.99	2.0	-1.70	90.00	0.015	0.00e+00	3.11e-04
8229	08/12/2008	20:00	1.00	140.0	1.00	-0.60	88.9	0.09	11.99	2.0	-1.70	90.00	0.015	0.00e+00	3.06e-04
8230	08/12/2008	21:00	1.00	120.0	1.00	-1.10	88.9	0.09	11.99	2.0	-1.70	90.00	0.015	0.00e+00	3.04e-04
8231	08/12/2008	22:00	1.00	180.0	1.00	-1.40	88.9	0.09	11.99	2.0	-1.70	90.00	0.015	0.00e+00	3.02e-04
8232	08/12/2008	23:00	1.00	0.0	1.00	-1.40	88.9	0.09	11.99	3.0	-1.70	90.00	0.015	0.00e+00	3.02e-04
8233	09/12/2008	00:00	1.00	150.0	1.00	-2.00	88.9	0.09	11.99	3.0	-1.70	90.00	0.015	0.00e+00	2.99e-04
8234	09/12/2008	01:00	1.00	0.0	1.00	-2.30	88.9	0.09	11.99	3.0	-1.70	90.00	0.015	0.00e+00	2.98e-04
8235	09/12/2008	02:00	1.00	0.0	1.00	-2.30	88.9	0.09	11.99	3.0	-1.70	90.00	0.015	0.00e+00	2.98e-04
8236	09/12/2008	03:00	1.00	120.0	1.00	-2.00	88.9	0.09	11.99	3.0	-1.70	90.00	0.015	0.00e+00	2.99e-04
8237	09/12/2008	04:00	1.00	0.0	1.00	-2.00	88.9	0.09	11.99	3.0	-1.70	90.00	0.015	0.00e+00	2.99e-04
8238	09/12/2008	05:00	1.00	0.0	1.00	-2.00	88.9	0.09	11.99	3.0	-1.70	90.00	0.015	0.00e+00	2.99e-04
8239	09/12/2008	06:00	1.00	310.0	1.00	-2.10	88.9	0.09	11.99	4.0	-1.70	90.00	0.015	0.00e+00	2.99e-04
8240	09/12/2008	07:00	1.00	0.0	1.00	-2.30	88.9	0.09	11.99	4.0	-1.70	90.00	0.015	0.00e+00	2.98e-04
8241	09/12/2008	08:00	1.00	0.0	1.00	-1.60	88.9	0.09	11.99	5.0	-1.70	90.00	0.015	2.20e-04	3.01e-04
8242	09/12/2008	09:00	1.00	60.0	1.00	0.20	440.0	0.15	11.99	7.0	17.91	-17.54	-0.092	1.15e-03	3.10e-04
8243	09/12/2008	10:00	1.00	0.0	1.00	1.80	541.1	0.18	11.32	7.0	39.12	-13.22	-0.172	1.84e-03	3.18e-04
8244	09/12/2008	11:00	1.00	0.0	1.00	4.20	651.5	0.19	11.36	7.0	52.03	-10.90	-0.223	2.24e-03	3.29e-04
8245	09/12/2008	12:00	1.10	110.0	1.00	4.70	699.1	0.17	11.22	8.0	25.09	-18.25	-0.116	1.13e-03	3.32e-04
8246	09/12/2008	13:00	1.20	240.0	1.00	5.10	740.4	0.18	11.01	8.0	23.07	-20.76	-0.105	1.07e-03	3.34e-04
8247	09/12/2008	14:00	1.00	0.0	1.00	5.00	768.9	0.15	12.06	8.0	16.94	-17.75	-0.090	8.77e-04	3.33e-04
8248	09/12/2008	15:00	1.00	230.0	1.00	4.70	780.9	0.13	12.66	8.0	7.12	-26.12	-0.044	5.47e-04	3.32e-04
8249	09/12/2008	16:00	2.10	130.0	1.16	4.50	135.2	0.18	8.40	8.0	-10.18	90.00	0.045	6.50e-05	3.31e-04
8250	09/12/2008	17:00	1.80	140.0	1.00	4.50	124.1	0.16	9.05	7.0	-7.47	90.00	0.038	0.00e+00	3.31e-04
8251	09/12/2008	18:00	3.30	170.0	1.79	4.90	173.0	0.28	6.76	6.0	-22.59	90.00	0.065	0.00e+00	3.33e-04
8252	09/12/2008	19:00	2.50	300.0	1.37	4.70	148.8	0.21	7.72	8.0	-12.03	90.00	0.045	0.00e+00	3.32e-04
8253	09/12/2008	20:00	3.50	310.0	1.95	4.10	249.9	0.33	6.51	8.0	-18.58	169.68	0.045	0.00e+00	3.29e-04
8254	09/12/2008	21:00	2.90	310.0	1.59	3.70	170.3	0.25	7.18	8.0	-14.23	99.19	0.045	0.00e+00	3.27e-04
8255	09/12/2008	22:00	4.90	310.0	2.74	2.70	388.4	0.48	5.52	7.0	-33.51	289.12	0.056	0.00e+00	3.22e-04
8256	09/12/2008	23:00	3.10	300.0	1.72	1.00	198.4	0.28	6.90	8.0	-16.04	122.24	0.045	0.00e+00	3.14e-04
8257	10/12/2008	00:00	1.00	320.0	1.00	0.40	88.9	0.09	11.99	7.0	-1.70	90.00	0.015	0.00e+00	3.11e-04
8258	10/12/2008	01:00	1.00	0.0	1.00	0.30	88.9	0.09	11.99	9.0	-1.70	90.00	0.015	-0.00e+00	3.10e-04
8259	10/12/2008	02:00	1.00	350.0	1.00	0.30	88.9	0.09	11.99	8.0	-1.70	90.00	0.015	0.00e+00	3.10e-04
8260	10/12/2008	03:00	1.50	330.0	1.00	0.50	112.0	0.13	9.88	8.0	-4.70	90.00	0.028	0.00e+00	3.11e-04
8261	10/12/2008	04:00	1.70	340.0	1.00	0.80	120.2	0.15	9.30	7.0	-6.46	90.00	0.034	0.00e+00	3.13e-04
8262	10/12/2008	05:00	3.40	350.0	1.90	1.20	235.8	0.32	6.60	8.0	-18.08	155.73	0.045	0.00e+00	3.15e-04
8263	10/12/2008	06:00	4.20	360.0	2.35	0.80	338.0	0.41	5.95	8.0	-23.34	258.34	0.045	0.00e+00	3.13e-04
8264	10/12/2008	07:00	3.90	350.0	2.18	0.70	298.8	0.37	6.17	8.0	-21.40	217.09	0.045	0.00e+00	3.12e-04
8265	10/12/2008	08:00	5.10	350.0	2.93	0.90	594.0	0.53	5.36	8.0	-17.98	722.52	0.027	6.12e-05	3.13e-04
8266	10/12/2008	09:00	6.20	350.0	3.46	1.00	1843.6	0.64	4.95	8.0	5.95	-3883.52	-0.007	5.43e-04	3.14e-04
8267	10/12/2008	10:00	6.10	350.0	3.42	1.30	1817.0	0.63	4.97	8.0	-1.23	17916.54	0.002	8.74e-04	3.15e-04
8268	10/12/2008	11:00	6.30	350.0	3.50	1.30	1883.4	0.65	4.92	8.0	22.38	-1100.53	-0.027	1.07e-03	3.15e-04
8269	10/12/2008	12:00	7.80	350.0	4.34	1.50	2311.9	0.80	4.41	8.0	4.80	-9495.23	-0.005	1.13e-03	3.16e-04
8270	10/12/2008	13:00	7.00	340.0	3.90	1.60	2324.3	0.72	4.66	8.0	3.23	-10224.23	-0.004	1.07e-03	3.17e-04
8271	10/12/2008	14:00	7.50	340.0	4.17	1.70	2345.8	0.77	4.51	8.0	16.14	-2528.38	-0.017	8.74e-04	3.17e-04
8272	10/12/2008	15:00	7.00	340.0	3.92	1.40	1277.7	0.72	4.64	8.0	-8.46	3891.58	0.009	5.43e-04	3.16e-04
8273	10/12/2008	16:00	6.90	350.0	3.88	1.60	988.1	0.71	4.67	8.0	-17.81	1761.26	0.020	6.12e-05	3.17e-04
8274	10/12/2008	17:00	6.50	340.0	3.67	1.50	665.5	0.66	4.79	8.0	-37.67	678.17	0.045	0.00e+00	3.16e-04
8275	10/12/2008	18:00	6.60	340.0	3.73	1.50	680.7	0.67	4.75	8.0	-38.28	700.50	0.045	0.00e+00	3.16e-04
8276	10/12/2008	19:00	6.70	340.0	3.79	1.50	696.0	0.68	4.71	8.0	-38.90	723.17	0.045	0.00e+00	3.16e-04
8277	10/12/2008	20:00	6.50	340.0	3.67	1.30	665.3	0.66	4.79	8.0	-37.69	677.63	0.045	0.00e+00	3.15e-04
8278	10/12/2008	21:00	5.90	340.0	3.33	1.20	575.6	0.60	5.02	8.0	-34.00	550.71	0.045	0.00e+00	3.15e-04
8279	10/12/2008	22:00	6.70	340.0	3.79	1.10	695.5	0.68	4.71	8.0	-38.95	722.02	0.045	0.00e+00	3.14e-04
8280	10/12/2008	23:00	6.00	340.0	3.38	1.10	590.3	0.61	4.98	8.0	-34.63	570.74	0.045	0.00e+00	3.14e-04
8281	11/12/2008	00:00	6.50	340.0	3.67	1.20	665.2	0.66	4.79	8.0	-37.71	677.36	0.045	0.00e+00	3.15e-04
8282	11/12/2008	01:00	5.50	340.0	3.10	0.90	517.2	0.55	5.20	8.0	-31.54	472.53	0.045	0.00e+00	3.13e-04
8283	11/12/2008	02:00	4.50	340.0	2.53	0.70	377.9	0.44	5.75	8.0	-25.26	302.45	0.045	0.00e+00	3.12e-04
8284	11/12/2008	03:00	5.30	340.0	2.98	0.90	488.7	0.53	5.30	8.0	-30.29	435.83	0.045	0.00e+00	3.13e-04
8285	11/12/2008	04:00	5.10	340.0	2.87	1.00	460.6	0.51	5.40	8.0	-29.03	400.65	0.045	0.00e+00	3.14e-04
8286	11/12/2008	05:00	6.10	340.0	3.44	1.20	605.2	0.62	4.94	8.0	-35.24	591.56	0.045	0.00e+00	3.15e-04
8287	11/12/2008	06:00	6.10	330.0	3.44	1.00	605.0	0.62	4.94	8.0	-35.26	591.09	0.045	0.00e+00	3.14e-04
8288	11/12/2008	07:00	5.90	330.0	3.33	0.80	575.2	0.60	5.02	8.0	-34.04	549.82	0.045	0.00e+00	3.13e-04
8289	11/12/2008	08:00	6.00	330.0	3.38	1.00	772.2	0.61	5.00	8.0	-18.02	1135.27	0.023	5.78e-05	3.14e-04
8290	11/12/2008	09:00	5.70	340.0	3.18	1.20	1697.2	0.59	5.16	8.0	5.91	-3050.67	-0.008	5.40e-04	3.15e-04
8291	11/12/2008	10:00	6.20	340.0	3.45	1.50	1850.4	0.64	4.96	8.0	16.01	-1459.07	-0.020	8.71e-04	3.16e-04
8292	11/12/2008	11:00	6.60	340.0	3.67	1.70	1970.2	0.68	4.81	8.0	22.33	-1262.52	-0.026	1.06e-03	3.17e-04
8293	11/12/2008	12:00	7.10	350.0	3.95	2.00	2116.3	0.73	4.63	8.0	24.51	-1425.46	-0.026	1.13e-03	3.19e-04
8294	11/12/2008	13:00	6.50	340.0	3.61	2.00	2139.5	0.67	4.84	8.0	22.38	-1205.52	-0.026	1.06e-03	3.19e-04
8295	11/12/2008	14:00	5.50	350.0	3.06	2.40	2154.9	0.57	5.26	8.0	16.18	-1019.22	-0.022	8.71e-04	3.21e-04
8296	11/12/2008	15:00	5.90	350.0	3.28	2.80	2172.7	0.61	5.08	7.0	17.94	-1129.68	-0.023	1.13e-03	3.22e-04
8297	11/12/2008	16:00	5.00	350.0	2.84	2.40	600.6	0.51	5.44	5.0	-15.26	780.72	0.024	1.96e-04	3.21e-04
8298	11/12/2008	17:00	4.50	340.0	2.49	2.00	287.9	0.42	5.76	5.0	-38.45	170.50	0.072	0.00e+00	3.19e-04
8299	11/12/2008	18:00	2.70	10.0	1.47	1.20	155.2	0.23	7.44	5.0	-21.12	90.00	0.072	0.00e+00	3.15e-04
8300	11/12/2008	19:00	2.30	360.0	1.26	0.30	142.1	0.20	8.04	5.0	-14.01	90.00	0.056	0.00e+00	3.10e-04
8301	11/12/2008	20:00	2.70	350.0	1.47	0.40	155.2	0.23	7.44	5.0	-21.18	90.00	0.072	0.00e+00	3.11e-04
8302	11/12/2008	21:00	2.30	350.0	1.26	0.60	142.1	0.20	8.04	5.0	-14.01	90.00	0.056	0.00e+00	3.12e-04
8303	11/12/2008	22:00	2.90	340.0	1.58	-0.10	161.3	0.25	7.19	6.0	-20.31	90.00	0.065	0.00e+00	3.08e-04
8304	11/12/2008	23:00	2.60	340.0	1.42	-0.10	152.0	0.22	7.58	6.0	-18.28	90.00	0.065	0.00e+00	3.08e-04
8305	12/12/2008	00:00	2.60	340.0	1.42	-0.30	152.0	0.22	7.58	6.0	-18.29	90.00	0.065	0.00e+00	3.07e-04
8306	12/12/2008	01:00	3.20	340.0	1.73	-0.10	170.2	0.27	6.86	6.0	-22.33	90.00	0.065	0.00e+00	3.08e-04
8307	12/12/2008	02:00	4.70	340.0	2.61	0.40	331.1	0.45	5.64	6.0	-36.89	216.42	0.065	0.00e+00	3.11e-04
8308	12/12/2008	03:00	3.50	360.0	1.90	0.00	186.4	0.30	6.56	6.0	-24.76	97.03	0.065	0.00e+00	3.09e-04
8309	12/12/2008	04:00	4.90	340.0	2.71	-0.20	315.7	0.46	5.53	4.0	-46.22	186.99	0.079	0.00e+00	3.08e-04
8310	12/12/2008	05:00	3.80	340.0	2.05	-0.60	186.7	0.32	6.31	2.0	-35.59	90.00	0.087	0.00e+00	3.06e-04
8311	12/12/2008	06:00	5.00	330.0	2.76	-0.60	306.8	0.47	5.48	2.0	-51.82	172.49	0.087	0.00e+00	3.06e-04
8312	12/12/2008	07:00	4.40	340.0	2.43	-0.50	243.1	0.40	5.82	2.0	-44.06	124.80	0.087	0.00e+00	3.07e-04
8313	12/12/2008	08:00	3.70	350.0	2.04	-0.50	212.0	0.33	6.35	2.0	-27.47	115.54	0.065	2.17e-04	3.07e-04
8314	12/12/2008	09:00	3.70	350.0	2.05	0.30	1146.7	0.40	6.45	2.0	25.35	-219.25	-0.050	2.13e-03	3.10e-04
8315	12/12/2008	10:00	4.00	350.0	2.21	1.50	1275.2	0.44	6.23	1.0	62.19	-122.95	-0.111	3.47e-03	3.16e-04
8316	12/12/2008	11:00	5.20	350.0	2.87	2.10	1623.3	0.56	5.46	2.0	90.00	-175.24	-0.127	4.21e-03	3.19e-04
8317	12/12/2008	12:00	5.30	350.0	2.93	2.70	1706.2	0.57	5.41	2.0	98.17	-170.82	-0.136	4.46e-03	3.22e-04
8318	12/12/2008	13:00	7.60	350.0	4.20	3.20	2288.4	0.79	4.50	2.0	89.51	-493.66	-0.090	4.21e-03	3.24e-04
8319	12/12/2008	14:00	6.00	360.0	3.32	3.30	2330.2	0.63	5.07	2.0	64.84	-345.63	-0.081	3.45e-03	3.25e-04
8320	12/12/2008	15:00	4.40	50.0	2.44	1.80	2347.8	0.47	5.91	3.0	28.03	-320.39	-0.048	2.09e-03	3.18e-04
8321	12/12/2008	16:00	5.00	30.0	2.92	-0.40	492.0	0.52	5.35	2.0	-27.41	455.48	0.041	2.17e-04	3.07e-04
8322	12/12/2008	17:00	3.70	10.0	2.00	-0.80	190.5	0.32	6.38	5.0	-29.24	95.57	0.072	0.00e+00	3.05e-04
8323	12/12/2008	18:00	2.40	360.0	1.31	-0.50	145.5	0.21	7.88	8.0	-11.79	90.00	0.045	0.00e+00	3.07e-04
8324	12/12/2008	19:00	5.80	340.0	3.27	-0.60	559.2	0.58	5.07	8.0	-33.59	526.92	0.045	0.00e+00	3.06e-04
8325	12/12/2008	20:00	4.20	330.0	2.35	-0.80	336.9	0.41	5.95	8.0	-23.46	256.54	0.045	0.00e+00	3.05e-04
8326	12/12/2008	21:00	4.00	360.0	2.24	-0.60	310.9	0.39	6.10	8.0	-22.15	229.13	0.045	0.00e+00	3.06e-04
8327	12/12/2008	22:00	3.30	10.0	1.84	-0.70	222.4	0.30	6.70	8.0	-17.51	143.07	0.045	0.00e+00	3.06e-04
8328	12/12/2008	23:00	3.00	360.0	1.65	-1.00	182.0	0.26	7.04	8.0	-15.24	108.04	0.045	0.00e+00	3.04e-04
8329	13/12/2008	00:00	2.20	40.0	1.21	-1.10	138.7	0.19	8.21	8.0	-10.87	90.00	0.045	0.00e+00	3.04e-04
8330	13/12/2008	01:00	1.00	0.0	1.00	-1.20	88.9	0.09	11.99	8.0	-1.70	90.00	0.015	0.00e+00	3.03e-04
8331	13/12/2008	02:00	1.20	270.0	1.00	-1.20	98.7	0.11	10.99	8.0	-2.67	90.00	0.020	0.00e+00	3.03e-04
8332	13/12/2008	03:00	1.00	0.0	1.00	-1.20	88.9	0.09	11.99	8.0	-1.70	90.00	0.015	0.00e+00	3.03e-04
8333	13/12/2008	04:00	1.60	260.0	1.00	-1.10	116.2	0.14	9.57	8.0	-5.53	90.00	0.031	0.00e+00	3.04e-04
8334	13/12/2008	05:00	1.30	220.0	1.00	-1.20	103.3	0.11	10.58	8.0	-3.27	90.00	0.022	0.00e+00	3.03e-04
8335	13/12/2008	06:00	1.80	210.0	1.00	-1.80	124.1	0.16	9.05	8.0	-7.47	90.00	0.037	0.00e+00	3.00e-04
8336	13/12/2008	07:00	2.20	210.0	1.21	-2.40	138.7	0.19	8.21	8.0	-10.92	90.00	0.045	0.00e+00	2.98e-04
8337	13/12/2008	08:00	3.00	230.0	1.74	-2.40	255.4	0.30	6.90	7.0	-11.44	204.97	0.030	1.09e-04	2.98e-04
8338	13/12/2008	09:00	2.70	210.0	1.51	-1.90	825.2	0.29	7.51	8.0	4.98	-415.78	-0.014	5.35e-04	3.00e-04
8339	13/12/2008	10:00	3.20	180.0	1.78	-1.10	991.2	0.34	6.93	8.0	15.40	-233.08	-0.035	8.66e-04	3.04e-04
8340	13/12/2008	11:00	4.20	180.0	2.32	-0.40	1316.9	0.46	6.07	7.0	51.79	-162.59	-0.089	2.22e-03	3.07e-04
8341	13/12/2008	12:00	3.40	160.0	1.89	-0.30	1392.0	0.40	6.75	6.0	78.15	-70.50	-0.155	3.22e-03	3.07e-04
8342	13/12/2008	13:00	4.10	160.0	2.26	1.10	1443.0	0.45	6.15	7.0	51.58	-153.29	-0.091	2.22e-03	3.14e-04
8343	13/12/2008	14:00	5.80	170.0	3.22	2.60	1750.7	0.61	5.14	7.0	38.35	-515.87	-0.050	1.81e-03	3.21e-04
8344	13/12/2008	15:00	1.50	180.0	1.00	3.90	1763.5	0.19	10.24	7.0	17.83	-33.31	-0.075	1.12e-03	3.28e-04
8345	13/12/2008	16:00	3.50	160.0	2.01	5.80	407.9	0.36	6.47	7.0	-8.05	505.39	0.018	1.09e-04	3.37e-04
8346	13/12/2008	17:00	3.50	120.0	1.94	4.90	218.4	0.32	6.51	7.0	-22.14	129.29	0.056	0.00e+00	3.33e-04
8347	13/12/2008	18:00	3.60	100.0	2.00	3.90	229.5	0.33	6.42	7.0	-23.03	138.42	0.056	0.00e+00	3.28e-04
8348	13/12/2008	19:00	4.90	170.0	2.73	5.40	358.8	0.47	5.52	6.0	-38.12	243.98	0.065	0.00e+00	3.35e-04
8349	13/12/2008	20:00	2.50	210.0	1.37	6.20	148.8	0.21	7.72	6.0	-17.21	90.00	0.065	0.00e+00	3.39e-04
8350	13/12/2008	21:00	2.40	100.0	1.31	5.90	145.5	0.21	7.88	6.0	-15.64	90.00	0.061	0.00e+00	3.38e-04
8351	13/12/2008	22:00	2.30	20.0	1.26	4.60	142.1	0.20	8.04	6.0	-14.01	90.00	0.057	0.00e+00	3.31e-04
8352	13/12/2008	23:00	1.00	0.0	1.00	3.00	88.9	0.09	11.99	5.0	-1.70	90.00	0.015	0.00e+00	3.23e-04
8353	14/12/2008	00:00	1.00	90.0	1.00	2.90	88.9	0.09	11.99	5.0	-1.70	90.00	0.015	0.00e+00	3.23e-04
8354	14/12/2008	01:00	2.70	140.0	1.47	3.60	155.2	0.23	7.44	5.0	-20.94	90.00	0.072	0.00e+00	3.26e-04
8355	14/12/2008	02:00	1.00	130.0	1.00	3.70	88.9	0.09	11.99	5.0	-1.70	90.00	0.015	0.00e+00	3.27e-04
8356	14/12/2008	03:00	2.70	120.0	1.47	3.40	155.2	0.23	7.44	4.0	-21.22	90.00	0.073	0.00e+00	3.25e-04
8357	14/12/2008	04:00	2.80	120.0	1.52	3.30	158.3	0.24	7.31	5.0	-21.71	90.00	0.072	0.00e+00	3.25e-04
8358	14/12/2008	05:00	1.60	130.0	1.00	2.90	116.2	0.14	9.57	4.0	-5.53	90.00	0.032	0.00e+00	3.23e-04
8359	14/12/2008	06:00	1.20	120.0	1.00	2.70	98.7	0.11	10.99	4.0	-2.67	90.00	0.020	0.00e+00	3.22e-04
8360	14/12/2008	07:00	2.20	50.0	1.21	2.30	138.7	0.19	8.21	7.0	-12.50	90.00	0.052	0.00e+00	3.20e-04
8361	14/12/2008	08:00	3.10	350.0	1.81	2.00	301.9	0.32	6.78	7.0	-9.87	283.66	0.025	1.04e-04	3.19e-04
8362	14/12/2008	09:00	1.00	0.0	1.00	2.50	436.9	0.15	12.02	7.0	17.43	-17.64	-0.091	1.12e-03	3.21e-04
8363	14/12/2008	10:00	1.00	0.0	1.00	3.00	482.1	0.15	12.13	8.0	16.07	-17.95	-0.086	8.64e-04	3.23e-04
8364	14/12/2008	11:00	1.00	60.0	1.00	3.40	538.5	0.16	11.71	8.0	22.35	-16.66	-0.110	1.06e-03	3.25e-04
8365	14/12/2008	12:00	1.00	100.0	1.00	3.70	593.9	0.16	11.60	8.0	24.50	-16.26	-0.118	1.12e-03	3.27e-04
8366	14/12/2008	13:00	2.00	60.0	1.17	4.00	771.5	0.27	8.60	7.0	51.12	-33.13	-0.152	2.21e-03	3.28e-04
8367	14/12/2008	14:00	1.00	0.0	1.00	4.50	831.7	0.18	11.32	7.0	38.24	-13.43	-0.170	1.81e-03	3.31e-04
8368	14/12/2008	15:00	1.00	80.0	1.00	4.80	858.5	0.15	11.99	7.0	17.89	-17.54	-0.094	1.12e-03	3.32e-04
8369	14/12/2008	16:00	1.00	30.0	1.00	4.80	88.9	0.09	11.99	8.0	-1.70	90.00	0.015	4.97e-05	3.32e-04
8370	14/12/2008	17:00	3.00	110.0	1.66	4.40	185.5	0.27	7.04	8.0	-15.05	111.80	0.045	0.00e+00	3.30e-04
8371	14/12/2008	18:00	1.90	80.0	1.05	4.90	127.9	0.16	8.82	8.0	-8.58	90.00	0.042	0.00e+00	3.33e-04
8372	14/12/2008	19:00	1.40	120.0	1.00	4.50	107.7	0.12	10.21	8.0	-3.94	90.00	0.026	0.00e+00	3.31e-04
8373	14/12/2008	20:00	2.00	150.0	1.10	4.60	131.6	0.17	8.60	8.0	-9.71	90.00	0.045	0.00e+00	3.31e-04
8374	14/12/2008	21:00	2.80	200.0	1.52	4.10	158.3	0.24	7.31	8.0	-13.45	90.00	0.045	0.00e+00	3.29e-04
8375	14/12/2008	22:00	1.00	150.0	1.00	3.50	88.9	0.09	11.99	8.0	-1.70	90.00	0.015	0.00e+00	3.26e-04
8376	14/12/2008	23:00	1.00	190.0	1.00	3.50	88.9	0.09	11.99	8.0	-1.70	90.00	0.015	0.00e+00	3.26e-04
8377	15/12/2008	00:00	1.00	130.0	1.00	2.80	88.9	0.09	11.99	8.0	-1.70	90.00	0.015	0.00e+00	3.22e-04
8378	15/12/2008	01:00	1.00	0.0	1.00	2.90	88.9	0.09	11.99	8.0	-1.70	90.00	0.015	0.00e+00	3.23e-04
8379	15/12/2008	02:00	1.00	0.0	1.00	3.10	88.9	0.09	11.99	8.0	-1.70	90.00	0.015	0.00e+00	3.24e-04
8380	15/12/2008	03:00	1.00	210.0	1.00	3.30	88.9	0.09	11.99	8.0	-1.70	90.00	0.015	0.00e+00	3.25e-04
8381	15/12/2008	04:00	1.00	130.0	1.00	3.00	88.9	0.09	11.99	7.0	-1.70	90.00	0.015	0.00e+00	3.23e-04
8382	15/12/2008	05:00	1.00	0.0	1.00	2.90	88.9	0.09	11.99	8.0	-1.70	90.00	0.015	0.00e+00	3.23e-04
8383	15/12/2008	06:00	1.30	60.0	1.00	2.80	103.3	0.11	10.58	8.0	-3.27	90.00	0.023	0.00e+00	3.22e-04
8384	15/12/2008	07:00	2.70	350.0	1.47	2.90	155.2	0.23	7.44	7.0	-16.10	90.00	0.056	0.00e+00	3.23e-04
8385	15/12/2008	08:00	1.00	350.0	1.00	2.80	88.9	0.09	11.99	7.0	-1.70	90.00	0.015	1.00e-04	3.22e-04
8386	15/12/2008	09:00	2.90	330.0	1.61	3.30	912.3	0.32	7.30	7.0	17.47	-160.22	-0.044	1.11e-03	3.25e-04
8387	15/12/2008	10:00	3.90	330.0	2.16	3.70	1218.9	0.42	6.30	7.0	38.11	-175.23	-0.072	1.81e-03	3.27e-04
8388	15/12/2008	11:00	4.70	340.0	2.60	3.50	1452.8	0.50	5.73	7.0	51.05	-221.45	-0.081	2.21e-03	3.26e-04
8389	15/12/2008	12:00	2.90	340.0	1.61	3.60	1501.6	0.34	7.32	7.0	55.45	-63.09	-0.130	2.34e-03	3.26e-04
8390	15/12/2008	13:00	3.70	350.0	2.05	3.90	1524.0	0.40	6.45	8.0	22.37	-245.66	-0.045	1.05e-03	3.28e-04
8391	15/12/2008	14:00	2.80	10.0	1.55	3.90	1538.9	0.31	7.43	8.0	16.21	-156.10	-0.042	8.62e-04	3.28e-04
8392	15/12/2008	15:00	3.00	10.0	1.67	3.90	1546.0	0.32	7.13	8.0	6.42	-439.99	-0.016	5.31e-04	3.28e-04
8393	15/12/2008	16:00	2.10	360.0	1.16	3.20	135.2	0.18	8.40	7.0	-9.46	90.00	0.042	1.00e-04	3.24e-04
8394	15/12/2008	17:00	1.80	40.0	1.00	3.40	124.1	0.16	9.05	8.0	-7.47	90.00	0.038	0.00e+00	3.25e-04
8395	15/12/2008	18:00	1.80	30.0	1.00	2.90	124.1	0.16	9.05	8.0	-7.47	90.00	0.038	0.00e+00	3.23e-04
8396	15/12/2008	19:00	1.40	40.0	1.00	2.70	107.7	0.12	10.21	8.0	-3.94	90.00	0.026	0.00e+00	3.22e-04
8397	15/12/2008	20:00	2.60	20.0	1.42	2.40	152.0	0.22	7.58	8.0	-12.60	90.00	0.045	0.00e+00	3.21e-04
8398	15/12/2008	21:00	3.60	30.0	2.01	1.80	261.2	0.34	6.42	8.0	-19.37	179.94	0.045	0.00e+00	3.18e-04
8399	15/12/2008	22:00	3.20	350.0	1.78	1.30	211.1	0.29	6.80	8.0	-16.73	133.44	0.045	0.00e+00	3.15e-04
8400	15/12/2008	23:00	2.90	360.0	1.59	1.10	168.8	0.25	7.18	8.0	-14.32	97.55	0.045	0.00e+00	3.14e-04
8401	16/12/2008	00:00	3.30	340.0	1.84	1.00	223.3	0.30	6.70	8.0	-17.42	144.24	0.045	0.00e+00	3.14e-04
8402	16/12/2008	01:00	2.50	360.0	1.37	1.10	148.8	0.21	7.72	8.0	-12.19	90.00	0.045	0.00e+00	3.14e-04
8403	16/12/2008	02:00	1.70	20.0	1.00	1.20	120.2	0.15	9.30	8.0	-6.46	90.00	0.035	0.00e+00	3.15e-04
8404	16/12/2008	03:00	2.20	20.0	1.21	1.30	138.7	0.19	8.21	8.0	-10.77	90.00	0.045	0.00e+00	3.15e-04
8405	16/12/2008	04:00	2.30	350.0	1.26	1.60	142.1	0.20	8.04	8.0	-11.23	90.00	0.045	0.00e+00	3.17e-04
8406	16/12/2008	05:00	1.30	350.0	1.00	1.80	103.3	0.11	10.58	8.0	-3.27	90.00	0.023	0.00e+00	3.18e-04
8407	16/12/2008	06:00	4.50	360.0	2.53	1.90	378.8	0.44	5.75	8.0	-25.16	304.00	0.045	0.00e+00	3.18e-04
8408	16/12/2008	07:00	3.80	360.0	2.13	1.10	286.2	0.36	6.25	8.0	-20.72	204.42	0.045	0.00e+00	3.14e-04
8409	16/12/2008	08:00	3.40	10.0	1.95	1.20	397.4	0.35	6.57	8.0	-7.48	496.10	0.017	4.61e-05	3.15e-04
8410	16/12/2008	09:00	2.80	360.0	1.56	1.20	855.6	0.30	7.38	8.0	5.59	-412.99	-0.015	5.29e-04	3.15e-04
8411	16/12/2008	10:00	3.10	350.0	1.72	1.70	964.0	0.33	7.05	8.0	15.72	-210.16	-0.037	8.61e-04	3.17e-04
8412	16/12/2008	11:00	3.70	360.0	2.05	1.90	1141.8	0.40	6.45	8.0	22.02	-249.23	-0.044	1.05e-03	3.18e-04
8413	16/12/2008	12:00	4.20	360.0	2.33	2.00	1284.7	0.44	6.04	8.0	24.17	-323.48	-0.043	1.12e-03	3.19e-04
8414	16/12/2008	13:00	3.50	10.0	1.94	2.20	1310.4	0.38	6.64	8.0	22.06	-214.18	-0.046	1.05e-03	3.20e-04
8415	16/12/2008	14:00	3.90	360.0	2.17	2.10	1331.2	0.41	6.26	8.0	15.79	-392.13	-0.030	8.61e-04	3.19e-04
8416	16/12/2008	15:00	4.50	360.0	2.51	2.00	1346.7	0.47	5.81	8.0	5.81	-1549.15	-0.010	5.29e-04	3.19e-04
8417	16/12/2008	16:00	3.20	10.0	1.85	1.80	364.1	0.33	6.74	8.0	-7.25	432.22	0.017	4.61e-05	3.18e-04
8418	16/12/2008	17:00	2.00	10.0	1.10	1.50	131.6	0.17	8.60	8.0	-9.78	90.00	0.045	0.00e+00	3.16e-04
8419	16/12/2008	18:00	1.20	10.0	1.00	1.50	98.7	0.11	10.99	8.0	-2.67	90.00	0.020	0.00e+00	3.16e-04
8420	16/12/2008	19:00	1.50	350.0	1.00	1.50	112.0	0.13	9.88	8.0	-4.70	90.00	0.028	0.00e+00	3.16e-04
8421	16/12/2008	20:00	1.00	330.0	1.00	1.50	88.9	0.09	11.99	8.0	-1.70	90.00	0.015	0.00e+00	3.16e-04
8422	16/12/2008	21:00	1.20	350.0	1.00	1.50	98.7	0.11	10.99	8.0	-2.67	90.00	0.020	0.00e+00	3.16e-04
8423	16/12/2008	22:00	1.60	30.0	1.00	1.40	116.2	0.14	9.57	8.0	-5.53	90.00	0.031	0.00e+00	3.16e-04
8424	16/12/2008	23:00	1.00	40.0	1.00	1.40	88.9	0.09	11.99	8.0	-1.70	90.00	0.015	0.00e+00	3.16e-04
8425	17/12/2008	00:00	1.00	80.0	1.00	1.40	88.9	0.09	11.99	8.0	-1.70	90.00	0.015	0.00e+00	3.16e-04
8426	17/12/2008	01:00	1.00	0.0	1.00	1.20	88.9	0.09	11.99	8.0	-1.70	90.00	0.015	0.00e+00	3.15e-04
8427	17/12/2008	02:00	1.00	110.0	1.00	1.20	88.9	0.09	11.99	8.0	-1.70	90.00	0.015	0.00e+00	3.15e-04
8428	17/12/2008	03:00	1.00	0.0	1.00	1.20	88.9	0.09	11.99	8.0	-1.70	90.00	0.015	0.00e+00	3.15e-04
8429	17/12/2008	04:00	1.00	310.0	1.00	1.50	88.9	0.09	11.99	8.0	-1.70	90.00	0.015	0.00e+00	3.16e-04
8430	17/12/2008	05:00	1.00	330.0	1.00	1.80	88.9	0.09	11.99	8.0	-1.70	90.00	0.015	0.00e+00	3.18e-04
8431	17/12/2008	06:00	1.00	20.0	1.00	1.70	88.9	0.09	11.99	8.0	-1.70	90.00	0.015	0.00e+00	3.17e-04
8432	17/12/2008	07:00	2.10	10.0	1.16	1.60	135.2	0.18	8.40	8.0	-10.29	90.00	0.045	0.00e+00	3.17e-04
8433	17/12/2008	08:00	1.70	360.0	1.00	1.50	120.2	0.15	9.30	8.0	-6.46	90.00	0.035	4.49e-05	3.16e-04
8434	17/12/2008	09:00	1.70	360.0	1.00	1.60	548.3	0.19	9.56	8.0	5.67	-107.21	-0.024	5.28e-04	3.17e-04
8435	17/12/2008	10:00	2.60	10.0	1.44	1.60	826.1	0.29	7.72	8.0	15.66	-132.72	-0.043	8.59e-04	3.17e-04
8436	17/12/2008	11:00	3.10	10.0	1.71	1.70	975.8	0.34	7.07	8.0	21.96	-156.02	-0.051	1.05e-03	3.17e-04
8437	17/12/2008	12:00	3.10	30.0	1.71	1.60	1011.4	0.34	7.07	8.0	24.09	-143.91	-0.056	1.12e-03	3.17e-04
8438	17/12/2008	13:00	3.30	40.0	1.83	1.70	1044.1	0.36	6.84	8.0	21.96	-183.89	-0.049	1.05e-03	3.17e-04
8439	17/12/2008	14:00	3.00	30.0	1.66	1.70	1067.0	0.32	7.17	8.0	15.68	-192.91	-0.038	8.59e-04	3.17e-04
8440	17/12/2008	15:00	2.80	40.0	1.56	1.70	1077.0	0.30	7.38	8.0	5.70	-405.87	-0.015	5.28e-04	3.17e-04
8441	17/12/2008	16:00	2.20	30.0	1.21	1.60	138.7	0.19	8.21	8.0	-7.35	90.00	0.031	4.49e-05	3.17e-04
8442	17/12/2008	17:00	2.30	30.0	1.26	1.40	142.1	0.20	8.04	8.0	-11.24	90.00	0.045	0.00e+00	3.16e-04
8443	17/12/2008	18:00	3.20	20.0	1.78	1.30	211.1	0.29	6.80	8.0	-16.73	133.44	0.045	0.00e+00	3.15e-04
8444	17/12/2008	19:00	2.20	20.0	1.21	1.40	138.7	0.19	8.21	8.0	-10.77	90.00	0.045	0.00e+00	3.16e-04
8445	17/12/2008	20:00	1.90	350.0	1.05	1.00	127.9	0.16	8.82	7.0	-8.58	90.00	0.041	0.00e+00	3.14e-04
8446	17/12/2008	21:00	1.60	350.0	1.00	0.80	116.2	0.14	9.57	7.0	-5.53	90.00	0.031	0.00e+00	3.13e-04
8447	17/12/2008	22:00	1.30	340.0	1.00	0.70	103.3	0.11	10.58	6.0	-3.27	90.00	0.023	0.00e+00	3.12e-04
8448	17/12/2008	23:00	2.00	350.0	1.10	0.90	131.6	0.17	8.60	8.0	-9.78	90.00	0.045	0.00e+00	3.13e-04
8449	18/12/2008	00:00	2.60	350.0	1.42	1.00	152.0	0.22	7.58	8.0	-12.67	90.00	0.045	0.00e+00	3.14e-04
8450	18/12/2008	01:00	3.60	340.0	2.01	1.20	260.8	0.34	6.42	8.0	-19.41	179.44	0.045	0.00e+00	3.15e-04
8451	18/12/2008	02:00	2.80	350.0	1.52	1.30	158.3	0.24	7.31	8.0	-13.59	90.00	0.045	0.00e+00	3.15e-04
8452	18/12/2008	03:00	2.70	360.0	1.47	1.50	155.2	0.23	7.44	8.0	-13.11	90.00	0.045	0.00e+00	3.16e-04
8453	18/12/2008	04:00	3.50	350.0	1.95	1.50	248.4	0.33	6.51	8.0	-18.73	167.65	0.045	0.00e+00	3.16e-04
8454	18/12/2008	05:00	3.00	330.0	1.65	1.80	183.8	0.27	7.04	8.0	-15.14	109.98	0.045	0.00e+00	3.18e-04
8455	18/12/2008	06:00	4.00	340.0	2.24	2.10	312.6	0.39	6.10	8.0	-21.95	231.89	0.045	0.00e+00	3.19e-04
8456	18/12/2008	07:00	5.50	350.0	3.10	2.60	518.8	0.55	5.20	8.0	-31.36	475.82	0.045	0.00e+00	3.21e-04
8457	18/12/2008	08:00	5.60	350.0	3.14	2.70	951.6	0.57	5.18	8.0	-6.94	2429.77	0.010	4.41e-05	3.22e-04
8458	18/12/2008	09:00	7.10	350.0	3.95	2.60	2107.2	0.73	4.63	8.0	5.93	-5817.32	-0.006	5.27e-04	3.21e-04
8459	18/12/2008	10:00	7.10	350.0	3.95	2.90	2130.0	0.73	4.63	8.0	15.90	-2185.30	-0.017	8.59e-04	3.23e-04
8460	18/12/2008	11:00	6.20	350.0	3.45	3.30	2151.7	0.64	4.96	8.0	22.17	-1060.60	-0.027	1.05e-03	3.25e-04
8461	18/12/2008	12:00	6.60	350.0	3.67	3.60	2176.1	0.68	4.81	8.0	24.32	-1161.36	-0.028	1.11e-03	3.26e-04
8462	18/12/2008	13:00	7.90	360.0	4.39	4.00	2347.7	0.81	4.39	8.0	22.28	-2141.23	-0.022	1.05e-03	3.28e-04
8463	18/12/2008	14:00	6.70	350.0	3.72	4.40	2376.8	0.70	4.78	7.0	37.91	-786.93	-0.043	1.80e-03	3.30e-04
8464	18/12/2008	15:00	5.70	360.0	3.17	4.10	2396.9	0.59	5.18	5.0	27.63	-672.28	-0.037	1.79e-03	3.29e-04
8465	18/12/2008	16:00	4.10	10.0	2.38	3.50	464.7	0.42	5.95	6.0	-12.62	538.63	0.024	1.27e-04	3.26e-04
8466	18/12/2008	17:00	3.60	360.0	2.00	3.20	229.2	0.33	6.42	7.0	-23.08	137.96	0.056	0.00e+00	3.24e-04
8467	18/12/2008	18:00	2.30	360.0	1.26	3.20	142.1	0.20	8.04	8.0	-11.17	90.00	0.045	0.00e+00	3.24e-04
8468	18/12/2008	19:00	2.20	350.0	1.21	3.10	138.7	0.19	8.21	8.0	-10.70	90.00	0.045	0.00e+00	3.24e-04
8469	18/12/2008	20:00	2.50	340.0	1.37	3.00	148.8	0.21	7.72	8.0	-12.11	90.00	0.045	0.00e+00	3.23e-04
8470	18/12/2008	21:00	2.00	340.0	1.10	3.00	131.6	0.17	8.60	8.0	-9.77	90.00	0.045	0.00e+00	3.23e-04
8471	18/12/2008	22:00	2.30	350.0	1.26	3.00	142.1	0.20	8.04	8.0	-11.17	90.00	0.045	0.00e+00	3.23e-04
8472	18/12/2008	23:00	1.10	360.0	1.00	3.00	93.9	0.10	11.46	8.0	-2.15	90.00	0.018	0.00e+00	3.23e-04
8473	19/12/2008	00:00	2.30	320.0	1.26	3.10	142.1	0.20	8.04	8.0	-11.17	90.00	0.045	0.00e+00	3.24e-04
8474	19/12/2008	01:00	1.80	310.0	1.00	3.20	124.1	0.16	9.05	8.0	-7.47	90.00	0.038	0.00e+00	3.24e-04
8475	19/12/2008	02:00	2.10	310.0	1.16	3.20	135.2	0.18	8.40	8.0	-10.23	90.00	0.045	0.00e+00	3.24e-04
8476	19/12/2008	03:00	1.00	0.0	1.00	3.40	88.9	0.09	11.99	8.0	-1.70	90.00	0.015	0.00e+00	3.25e-04
8477	19/12/2008	04:00	1.00	270.0	1.00	3.50	88.9	0.09	11.99	8.0	-1.70	90.00	0.015	0.00e+00	3.26e-04
8478	19/12/2008	05:00	1.00	140.0	1.00	3.60	88.9	0.09	11.99	8.0	-1.70	90.00	0.015	0.00e+00	3.26e-04
8479	19/12/2008	06:00	1.00	100.0	1.00	3.60	88.9	0.09	11.99	8.0	-1.70	90.00	0.015	0.00e+00	3.26e-04
8480	19/12/2008	07:00	1.20	110.0	1.00	3.50	98.7	0.11	10.99	8.0	-2.67	90.00	0.020	0.00e+00	3.26e-04
8481	19/12/2008	08:00	1.30	100.0	1.00	3.40	103.3	0.11	10.58	8.0	-3.27	90.00	0.023	4.36e-05	3.25e-04
8482	19/12/2008	09:00	1.40	80.0	1.00	3.90	518.3	0.18	10.59	7.0	17.37	-29.57	-0.077	1.10e-03	3.28e-04
8483	19/12/2008	10:00	1.00	0.0	1.00	4.60	604.4	0.18	11.32	7.0	37.89	-13.51	-0.169	1.80e-03	3.31e-04
8484	19/12/2008	11:00	1.00	60.0	1.00	5.40	702.5	0.19	11.35	7.0	50.65	-11.09	-0.219	2.20e-03	3.35e-04
8485	19/12/2008	12:00	1.00	80.0	1.00	6.10	795.3	0.19	11.36	7.0	54.91	-10.51	-0.236	2.33e-03	3.39e-04
8486	19/12/2008	13:00	1.50	80.0	1.00	6.00	799.0	0.16	10.09	8.0	1.70	-224.14	-0.008	1.05e-03	3.38e-04
8487	19/12/2008	14:00	1.00	0.0	1.00	5.90	88.9	0.09	11.99	8.0	-1.70	90.00	0.015	8.58e-04	3.38e-04
8488	19/12/2008	15:00	1.00	0.0	1.00	5.80	88.9	0.09	11.99	7.0	-1.46	90.00	0.013	1.10e-03	3.37e-04
8489	19/12/2008	16:00	1.00	0.0	1.00	5.60	88.9	0.09	11.99	7.0	-1.70	90.00	0.015	9.14e-05	3.36e-04
8490	19/12/2008	17:00	1.00	0.0	1.00	5.70	88.9	0.09	11.99	7.0	-1.70	90.00	0.015	0.00e+00	3.37e-04
8491	19/12/2008	18:00	1.00	250.0	1.00	5.40	88.9	0.09	11.99	7.0	-1.70	90.00	0.015	0.00e+00	3.35e-04
8492	19/12/2008	19:00	1.10	120.0	1.00	4.50	93.9	0.10	11.46	7.0	-2.15	90.00	0.018	0.00e+00	3.31e-04
8493	19/12/2008	20:00	1.00	10.0	1.00	4.90	88.9	0.09	11.99	9.0	-1.70	90.00	0.015	-0.00e+00	3.33e-04
8494	19/12/2008	21:00	1.00	90.0	1.00	4.30	88.9	0.09	11.99	9.0	-1.70	90.00	0.015	-0.00e+00	3.30e-04
8495	19/12/2008	22:00	1.00	270.0	1.00	3.60	88.9	0.09	11.99	9.0	-1.70	90.00	0.015	-0.00e+00	3.26e-04
8496	19/12/2008	23:00	1.00	350.0	1.00	3.00	88.9	0.09	11.99	9.0	-1.70	90.00	0.015	-0.00e+00	3.23e-04
8497	20/12/2008	00:00	1.00	160.0	1.00	2.30	88.9	0.09	11.99	9.0	-1.70	90.00	0.015	-0.00e+00	3.20e-04
8498	20/12/2008	01:00	1.00	0.0	1.00	1.80	88.9	0.09	11.99	9.0	-1.70	90.00	0.015	-0.00e+00	3.18e-04
8499	20/12/2008	02:00	1.00	0.0	1.00	1.20	88.9	0.09	11.99	9.0	-1.70	90.00	0.015	-0.00e+00	3.15e-04
8500	20/12/2008	03:00	1.00	0.0	1.00	0.90	88.9	0.09	11.99	8.0	-1.70	90.00	0.015	0.00e+00	3.13e-04
8501	20/12/2008	04:00	1.00	110.0	1.00	0.40	88.9	0.09	11.99	8.0	-1.70	90.00	0.015	0.00e+00	3.11e-04
8502	20/12/2008	05:00	1.00	0.0	1.00	0.10	88.9	0.09	11.99	7.0	-1.70	90.00	0.015	0.00e+00	3.09e-04
8503	20/12/2008	06:00	1.00	0.0	1.00	0.20	88.9	0.09	11.99	7.0	-1.70	90.00	0.015	0.00e+00	3.10e-04
8504	20/12/2008	07:00	1.00	0.0	1.00	-0.10	88.9	0.09	11.99	7.0	-1.70	90.00	0.015	0.00e+00	3.08e-04
8505	20/12/2008	08:00	1.00	190.0	1.00	0.90	88.9	0.09	11.99	7.0	-1.70	90.00	0.015	9.12e-05	3.13e-04
8506	20/12/2008	09:00	1.00	0.0	1.00	2.10	434.1	0.15	12.06	7.0	17.00	-17.74	-0.089	1.10e-03	3.19e-04
8507	20/12/2008	10:00	1.00	50.0	1.00	4.30	534.3	0.18	11.32	7.0	37.88	-13.51	-0.168	1.80e-03	3.30e-04
8508	20/12/2008	11:00	1.60	350.0	1.01	6.00	696.1	0.24	9.27	7.0	50.60	-24.58	-0.168	2.20e-03	3.38e-04
8509	20/12/2008	12:00	1.60	350.0	1.00	6.50	741.6	0.21	9.85	8.0	24.78	-31.24	-0.097	1.11e-03	3.41e-04
8510	20/12/2008	13:00	1.00	0.0	1.00	6.80	779.9	0.16	11.68	8.0	22.79	-16.58	-0.113	1.05e-03	3.42e-04
8511	20/12/2008	14:00	1.00	0.0	1.00	7.10	807.3	0.15	12.07	8.0	16.88	-17.76	-0.091	8.58e-04	3.44e-04
8512	20/12/2008	15:00	1.00	0.0	1.00	7.10	819.0	0.13	12.65	8.0	7.37	-25.56	-0.046	5.27e-04	3.44e-04
8513	20/12/2008	16:00	1.00	0.0	1.00	6.90	88.9	0.09	11.99	8.0	-1.70	90.00	0.015	4.35e-05	3.43e-04
8514	20/12/2008	17:00	1.00	150.0	1.00	6.50	88.9	0.09	11.99	8.0	-1.70	90.00	0.015	0.00e+00	3.41e-04
8515	20/12/2008	18:00	1.00	40.0	1.00	6.40	88.9	0.09	11.99	8.0	-1.70	90.00	0.015	0.00e+00	3.40e-04
8516	20/12/2008	19:00	1.40	100.0	1.00	6.30	107.7	0.12	10.21	8.0	-3.94	90.00	0.026	0.00e+00	3.40e-04
8517	20/12/2008	20:00	1.00	0.0	1.00	6.20	88.9	0.09	11.99	8.0	-1.70	90.00	0.015	0.00e+00	3.39e-04
8518	20/12/2008	21:00	1.50	90.0	1.00	6.10	112.0	0.13	9.88	7.0	-4.70	90.00	0.029	0.00e+00	3.39e-04
8519	20/12/2008	22:00	1.00	0.0	1.00	6.00	88.9	0.09	11.99	8.0	-1.70	90.00	0.015	0.00e+00	3.38e-04
8520	20/12/2008	23:00	1.00	0.0	1.00	5.90	88.9	0.09	11.99	8.0	-1.70	90.00	0.015	0.00e+00	3.38e-04
8521	21/12/2008	00:00	1.00	90.0	1.00	5.70	88.9	0.09	11.99	8.0	-1.70	90.00	0.015	0.00e+00	3.37e-04
8522	21/12/2008	01:00	1.00	60.0	1.00	5.70	88.9	0.09	11.99	8.0	-1.70	90.00	0.015	0.00e+00	3.37e-04
8523	21/12/2008	02:00	1.30	330.0	1.00	5.60	103.3	0.11	10.58	7.0	-3.27	90.00	0.023	0.00e+00	3.36e-04
8524	21/12/2008	03:00	1.10	350.0	1.00	5.50	93.9	0.10	11.46	9.0	-2.15	90.00	0.018	-0.00e+00	3.36e-04
8525	21/12/2008	04:00	1.00	350.0	1.00	5.60	88.9	0.09	11.99	9.0	-1.70	90.00	0.015	-0.00e+00	3.36e-04
8526	21/12/2008	05:00	1.00	0.0	1.00	5.40	88.9	0.09	11.99	7.0	-1.70	90.00	0.015	0.00e+00	3.35e-04
8527	21/12/2008	06:00	1.00	90.0	1.00	5.30	88.9	0.09	11.99	7.0	-1.70	90.00	0.015	0.00e+00	3.35e-04
8528	21/12/2008	07:00	1.00	180.0	1.00	5.40	88.9	0.09	11.99	7.0	-1.70	90.00	0.015	0.00e+00	3.35e-04
8529	21/12/2008	08:00	1.30	350.0	1.00	5.90	103.3	0.11	10.58	7.0	-3.27	90.00	0.023	9.18e-05	3.38e-04
8530	21/12/2008	09:00	3.20	340.0	1.77	7.10	996.3	0.35	6.94	7.0	18.12	-201.22	-0.042	1.10e-03	3.44e-04
8531	21/12/2008	10:00	2.40	360.0	1.33	8.20	1046.5	0.29	8.06	7.0	38.13	-54.09	-0.108	1.80e-03	3.49e-04
8532	21/12/2008	11:00	3.10	360.0	1.71	9.00	1079.5	0.34	7.07	8.0	23.29	-148.17	-0.056	1.05e-03	3.53e-04
8533	21/12/2008	12:00	3.20	10.0	1.77	9.70	1114.4	0.35	6.96	8.0	25.46	-148.91	-0.059	1.11e-03	3.57e-04
8534	21/12/2008	13:00	5.40	360.0	3.00	10.10	1625.1	0.56	5.32	8.0	23.57	-671.49	-0.034	1.05e-03	3.59e-04
8535	21/12/2008	14:00	4.70	350.0	2.60	10.40	1661.7	0.50	5.72	7.0	38.36	-287.26	-0.063	1.80e-03	3.61e-04
8536	21/12/2008	15:00	4.50	360.0	2.50	10.10	1682.0	0.47	5.83	7.0	18.96	-492.86	-0.033	1.10e-03	3.59e-04
8537	21/12/2008	16:00	2.70	350.0	1.58	9.50	276.8	0.28	7.26	7.0	-6.60	280.75	0.019	9.18e-05	3.56e-04
8538	21/12/2008	17:00	3.60	350.0	2.01	9.30	265.5	0.34	6.42	8.0	-18.92	186.13	0.045	0.00e+00	3.55e-04
8539	21/12/2008	18:00	4.30	350.0	2.41	9.10	357.0	0.42	5.88	8.0	-23.34	282.55	0.045	0.00e+00	3.54e-04
8540	21/12/2008	19:00	3.60	350.0	2.01	9.10	265.4	0.34	6.42	8.0	-18.93	185.96	0.045	0.00e+00	3.54e-04
8541	21/12/2008	20:00	2.70	340.0	1.47	8.90	155.2	0.23	7.44	8.0	-12.77	90.00	0.045	0.00e+00	3.53e-04
8542	21/12/2008	21:00	2.00	350.0	1.10	8.80	131.6	0.17	8.60	8.0	-9.57	90.00	0.045	0.00e+00	3.52e-04
8543	21/12/2008	22:00	2.90	350.0	1.59	8.60	173.3	0.25	7.17	8.0	-14.08	102.30	0.045	0.00e+00	3.51e-04
8544	21/12/2008	23:00	1.80	350.0	1.00	8.50	124.1	0.16	9.05	8.0	-7.47	90.00	0.039	0.00e+00	3.51e-04
8545	22/12/2008	00:00	3.30	330.0	1.84	8.20	227.1	0.31	6.70	8.0	-17.04	149.23	0.045	0.00e+00	3.49e-04
8546	22/12/2008	01:00	3.70	330.0	2.07	8.00	277.5	0.35	6.33	8.0	-19.64	197.74	0.045	0.00e+00	3.48e-04
8547	22/12/2008	02:00	3.10	360.0	1.73	8.20	202.4	0.28	6.90	8.0	-15.72	126.98	0.045	0.00e+00	3.49e-04
8548	22/12/2008	03:00	3.50	360.0	1.96	8.00	252.0	0.33	6.51	8.0	-18.35	172.72	0.045	0.00e+00	3.48e-04
8549	22/12/2008	04:00	3.80	360.0	2.13	7.80	290.3	0.36	6.25	8.0	-20.29	210.60	0.045	0.00e+00	3.47e-04
8550	22/12/2008	05:00	3.20	360.0	1.78	7.60	214.4	0.29	6.80	8.0	-16.41	137.55	0.045	0.00e+00	3.46e-04
8551	22/12/2008	06:00	2.30	20.0	1.26	7.30	142.1	0.20	8.04	8.0	-11.00	90.00	0.045	0.00e+00	3.45e-04
8552	22/12/2008	07:00	2.20	360.0	1.21	7.10	138.7	0.19	8.21	8.0	-10.55	90.00	0.045	0.00e+00	3.44e-04
8553	22/12/2008	08:00	2.70	360.0	1.55	7.60	310.7	0.27	7.35	8.0	-4.76	382.37	0.014	4.45e-05	3.46e-04
8554	22/12/2008	09:00	4.20	350.0	2.34	8.00	1262.4	0.44	6.01	8.0	7.72	-960.86	-0.014	5.28e-04	3.48e-04
8555	22/12/2008	10:00	4.30	350.0	2.39	8.20	1304.3	0.45	5.96	8.0	17.21	-475.41	-0.031	8.59e-04	3.49e-04
8556	22/12/2008	11:00	4.60	360.0	2.56	8.40	1396.5	0.48	5.77	8.0	23.17	-433.43	-0.039	1.05e-03	3.50e-04
8557	22/12/2008	12:00	4.20	360.0	2.33	8.20	1425.9	0.45	6.05	8.0	25.14	-311.85	-0.046	1.11e-03	3.49e-04
8558	22/12/2008	13:00	3.60	360.0	2.00	8.10	1450.3	0.39	6.54	8.0	23.10	-221.59	-0.048	1.05e-03	3.49e-04
8559	22/12/2008	14:00	3.80	360.0	2.11	8.30	1469.8	0.40	6.35	8.0	17.23	-336.18	-0.035	8.59e-04	3.50e-04
8560	22/12/2008	15:00	4.10	360.0	2.28	8.30	1491.3	0.43	6.11	7.0	18.47	-389.00	-0.035	1.11e-03	3.50e-04
8561	22/12/2008	16:00	3.80	360.0	2.14	8.20	483.1	0.39	6.26	7.0	-7.25	702.91	0.015	9.32e-05	3.49e-04
8562	22/12/2008	17:00	3.00	350.0	1.66	8.10	187.8	0.27	7.03	8.0	-14.93	114.40	0.045	0.00e+00	3.49e-04
8563	22/12/2008	18:00	3.60	350.0	2.01	8.20	264.8	0.34	6.42	8.0	-18.99	185.22	0.045	0.00e+00	3.49e-04
8564	22/12/2008	19:00	4.20	350.0	2.36	8.10	342.9	0.41	5.95	8.0	-22.79	266.56	0.045	0.00e+00	3.49e-04
8565	22/12/2008	20:00	5.10	10.0	2.87	7.70	466.2	0.51	5.40	8.0	-28.38	411.81	0.045	0.00e+00	3.47e-04
8566	22/12/2008	21:00	4.70	360.0	2.64	7.60	410.3	0.46	5.63	8.0	-25.93	343.39	0.045	0.00e+00	3.46e-04
8567	22/12/2008	22:00	4.20	340.0	2.36	7.50	342.5	0.41	5.95	8.0	-22.83	265.89	0.045	0.00e+00	3.46e-04
8568	22/12/2008	23:00	4.40	360.0	2.47	7.40	369.2	0.43	5.81	8.0	-24.09	295.66	0.045	0.00e+00	3.45e-04
8569	23/12/2008	00:00	3.70	360.0	2.07	7.30	277.1	0.35	6.33	8.0	-19.68	197.13	0.045	0.00e+00	3.45e-04
8570	23/12/2008	01:00	4.90	360.0	2.76	7.10	437.6	0.49	5.51	8.0	-27.21	376.05	0.045	0.00e+00	3.44e-04
8571	23/12/2008	02:00	4.50	360.0	2.53	6.70	382.3	0.44	5.75	8.0	-24.77	310.22	0.045	0.00e+00	3.42e-04
8572	23/12/2008	03:00	3.60	360.0	2.01	6.50	263.9	0.34	6.42	8.0	-19.09	183.82	0.045	0.00e+00	3.41e-04
8573	23/12/2008	04:00	2.50	360.0	1.37	6.40	148.8	0.21	7.72	8.0	-11.96	90.00	0.045	0.00e+00	3.40e-04
8574	23/12/2008	05:00	1.00	0.0	1.00	6.20	88.9	0.09	11.99	8.0	-1.70	90.00	0.015	0.00e+00	3.39e-04
8575	23/12/2008	06:00	1.00	120.0	1.00	6.00	88.9	0.09	11.99	8.0	-1.70	90.00	0.015	0.00e+00	3.38e-04
8576	23/12/2008	07:00	3.20	340.0	1.78	6.10	213.6	0.29	6.80	8.0	-16.49	136.57	0.045	0.00e+00	3.39e-04
8577	23/12/2008	08:00	2.00	10.0	1.10	5.80	131.6	0.17	8.60	8.0	-5.57	90.00	0.026	4.55e-05	3.37e-04
8578	23/12/2008	09:00	2.70	360.0	1.51	6.00	831.6	0.29	7.52	8.0	7.04	-301.21	-0.020	5.29e-04	3.38e-04
8579	23/12/2008	10:00	1.80	20.0	1.00	6.10	858.3	0.21	9.36	8.0	16.67	-51.55	-0.063	8.60e-04	3.39e-04
8580	23/12/2008	11:00	2.20	40.0	1.21	6.10	893.9	0.26	8.44	8.0	22.71	-64.82	-0.071	1.05e-03	3.39e-04
8581	23/12/2008	12:00	1.80	40.0	1.00	6.20	929.8	0.22	9.33	8.0	24.78	-39.24	-0.090	1.12e-03	3.39e-04
8582	23/12/2008	13:00	1.60	70.0	1.00	6.30	961.1	0.20	9.88	8.0	22.75	-32.73	-0.090	1.05e-03	3.40e-04
8583	23/12/2008	14:00	1.80	80.0	1.00	6.10	984.0	0.21	9.36	8.0	16.67	-51.55	-0.063	8.60e-04	3.39e-04
8584	23/12/2008	15:00	1.00	70.0	1.00	6.20	993.3	0.13	12.66	8.0	7.11	-26.16	-0.045	5.29e-04	3.39e-04
8585	23/12/2008	16:00	1.00	110.0	1.00	6.10	88.9	0.09	11.99	8.0	-1.70	90.00	0.015	4.55e-05	3.39e-04
8586	23/12/2008	17:00	1.30	60.0	1.00	5.80	103.3	0.11	10.58	8.0	-3.27	90.00	0.023	0.00e+00	3.37e-04
8587	23/12/2008	18:00	1.30	100.0	1.00	5.70	103.3	0.11	10.58	8.0	-3.27	90.00	0.023	0.00e+00	3.37e-04
8588	23/12/2008	19:00	1.00	80.0	1.00	5.50	88.9	0.09	11.99	8.0	-1.70	90.00	0.015	0.00e+00	3.36e-04
8589	23/12/2008	20:00	1.00	0.0	1.00	5.30	88.9	0.09	11.99	8.0	-1.70	90.00	0.015	0.00e+00	3.35e-04
8590	23/12/2008	21:00	1.00	0.0	1.00	5.30	88.9	0.09	11.99	8.0	-1.70	90.00	0.015	0.00e+00	3.35e-04
8591	23/12/2008	22:00	1.00	0.0	1.00	5.20	88.9	0.09	11.99	8.0	-1.70	90.00	0.015	0.00e+00	3.34e-04
8592	23/12/2008	23:00	1.00	60.0	1.00	5.40	88.9	0.09	11.99	8.0	-1.70	90.00	0.015	0.00e+00	3.35e-04
8593	24/12/2008	00:00	1.70	340.0	1.00	5.40	120.2	0.15	9.30	8.0	-6.46	90.00	0.035	0.00e+00	3.35e-04
8594	24/12/2008	01:00	2.30	350.0	1.26	5.40	142.1	0.20	8.04	8.0	-11.08	90.00	0.045	0.00e+00	3.35e-04
8595	24/12/2008	02:00	2.80	340.0	1.52	5.20	158.3	0.24	7.31	8.0	-13.40	90.00	0.045	0.00e+00	3.34e-04
8596	24/12/2008	03:00	2.10	350.0	1.16	5.20	135.2	0.18	8.40	8.0	-10.16	90.00	0.045	0.00e+00	3.34e-04
8597	24/12/2008	04:00	2.80	340.0	1.52	5.20	158.3	0.24	7.31	8.0	-13.40	90.00	0.045	0.00e+00	3.34e-04
8598	24/12/2008	05:00	2.30	340.0	1.26	5.10	142.1	0.20	8.04	8.0	-11.09	90.00	0.045	0.00e+00	3.34e-04
8599	24/12/2008	06:00	3.70	330.0	2.07	5.00	275.7	0.35	6.33	8.0	-19.82	195.12	0.045	0.00e+00	3.33e-04
8600	24/12/2008	07:00	2.60	300.0	1.42	4.90	152.0	0.22	7.58	8.0	-12.49	90.00	0.045	0.00e+00	3.33e-04
8601	24/12/2008	08:00	2.60	290.0	1.52	4.80	268.6	0.27	7.40	8.0	-5.98	276.05	0.018	4.69e-05	3.32e-04
8602	24/12/2008	09:00	1.30	260.0	1.00	5.00	445.5	0.15	11.04	8.0	6.74	-48.35	-0.035	5.30e-04	3.33e-04
8603	24/12/2008	10:00	3.00	340.0	1.66	5.40	937.9	0.32	7.17	8.0	16.54	-183.95	-0.041	8.61e-04	3.35e-04
8604	24/12/2008	11:00	2.80	350.0	1.55	5.80	972.5	0.31	7.45	8.0	22.69	-116.74	-0.059	1.05e-03	3.37e-04
8605	24/12/2008	12:00	3.40	350.0	1.88	5.60	1062.8	0.37	6.74	8.0	24.72	-179.10	-0.054	1.12e-03	3.36e-04
8606	24/12/2008	13:00	3.50	340.0	1.94	5.20	1095.8	0.38	6.64	8.0	22.57	-209.80	-0.048	1.05e-03	3.34e-04
8607	24/12/2008	14:00	2.10	320.0	1.15	4.90	1115.8	0.24	8.64	8.0	16.42	-74.83	-0.055	8.61e-04	3.33e-04
8608	24/12/2008	15:00	2.00	340.0	1.11	4.90	1124.6	0.22	8.79	8.0	6.71	-140.77	-0.024	5.30e-04	3.33e-04
8609	24/12/2008	16:00	1.70	350.0	1.00	4.70	120.2	0.15	9.30	8.0	-6.03	90.00	0.033	4.69e-05	3.32e-04
8610	24/12/2008	17:00	2.30	340.0	1.26	4.10	142.1	0.20	8.04	8.0	-11.13	90.00	0.045	0.00e+00	3.29e-04
8611	24/12/2008	18:00	1.80	350.0	1.00	4.00	124.1	0.16	9.05	8.0	-7.47	90.00	0.038	0.00e+00	3.28e-04
8612	24/12/2008	19:00	2.10	20.0	1.16	3.80	135.2	0.18	8.40	8.0	-10.21	90.00	0.045	0.00e+00	3.27e-04
8613	24/12/2008	20:00	3.70	10.0	2.07	3.50	274.9	0.35	6.33	8.0	-19.92	193.81	0.045	0.00e+00	3.26e-04
8614	24/12/2008	21:00	3.10	10.0	1.73	3.20	199.9	0.28	6.90	8.0	-15.95	123.93	0.045	0.00e+00	3.24e-04
8615	24/12/2008	22:00	2.80	340.0	1.52	3.30	158.3	0.24	7.31	8.0	-13.49	90.00	0.045	0.00e+00	3.25e-04
8616	24/12/2008	23:00	3.90	330.0	2.18	3.40	300.5	0.37	6.17	8.0	-21.22	219.71	0.045	0.00e+00	3.25e-04
8617	25/12/2008	00:00	2.70	350.0	1.47	3.20	155.2	0.23	7.44	8.0	-13.03	90.00	0.045	0.00e+00	3.24e-04
8618	25/12/2008	01:00	3.90	10.0	2.18	2.90	300.2	0.37	6.17	8.0	-21.25	219.22	0.045	0.00e+00	3.23e-04
8619	25/12/2008	02:00	4.60	360.0	2.58	2.70	392.9	0.45	5.69	8.0	-25.73	320.58	0.045	0.00e+00	3.22e-04
8620	25/12/2008	03:00	5.50	350.0	3.10	2.40	518.6	0.55	5.20	8.0	-31.38	475.44	0.045	0.00e+00	3.21e-04
8621	25/12/2008	04:00	4.80	350.0	2.70	2.30	420.0	0.48	5.57	8.0	-27.02	352.12	0.045	0.00e+00	3.20e-04
8622	25/12/2008	05:00	5.20	350.0	2.93	2.40	475.9	0.52	5.35	8.0	-29.52	420.58	0.045	0.00e+00	3.21e-04
8623	25/12/2008	06:00	2.80	340.0	1.52	2.20	158.3	0.24	7.31	8.0	-13.54	90.00	0.045	0.00e+00	3.20e-04
8624	25/12/2008	07:00	4.00	330.0	2.24	2.50	312.9	0.39	6.10	8.0	-21.92	232.30	0.045	0.00e+00	3.21e-04
8625	25/12/2008	08:00	6.30	350.0	3.53	2.50	1148.1	0.65	4.89	8.0	-6.90	3480.00	0.008	4.87e-05	3.21e-04
8626	25/12/2008	09:00	4.40	360.0	2.46	2.70	1318.0	0.46	5.87	8.0	6.08	-1388.00	-0.011	5.31e-04	3.22e-04
8627	25/12/2008	10:00	6.50	360.0	3.62	3.20	1937.6	0.67	4.84	8.0	16.09	-1667.07	-0.019	8.63e-04	3.24e-04
8628	25/12/2008	11:00	4.50	360.0	2.50	3.50	1955.9	0.47	5.83	8.0	22.33	-421.97	-0.037	1.06e-03	3.26e-04
8629	25/12/2008	12:00	1.70	360.0	1.00	3.70	1971.6	0.21	9.58	8.0	24.47	-35.28	-0.091	1.12e-03	3.27e-04
8630	25/12/2008	13:00	3.10	340.0	1.71	4.50	1987.2	0.34	7.07	8.0	22.50	-152.72	-0.053	1.06e-03	3.31e-04
8631	25/12/2008	14:00	2.20	330.0	1.21	4.90	1997.9	0.25	8.43	8.0	16.47	-83.59	-0.053	8.63e-04	3.33e-04
8632	25/12/2008	15:00	1.40	290.0	1.00	5.20	2002.3	0.16	10.62	8.0	6.86	-56.81	-0.033	5.31e-04	3.34e-04
8633	25/12/2008	16:00	1.20	270.0	1.00	5.10	98.7	0.11	10.99	8.0	-2.67	90.00	0.020	4.87e-05	3.34e-04
8634	25/12/2008	17:00	2.70	330.0	1.47	5.30	155.2	0.23	7.44	8.0	-12.93	90.00	0.045	0.00e+00	3.35e-04
8635	25/12/2008	18:00	3.50	350.0	1.95	5.10	250.4	0.33	6.51	8.0	-18.52	170.46	0.045	0.00e+00	3.34e-04
8636	25/12/2008	19:00	2.10	350.0	1.16	4.40	135.2	0.18	8.40	8.0	-10.19	90.00	0.045	0.00e+00	3.30e-04
8637	25/12/2008	20:00	2.50	310.0	1.37	3.30	148.8	0.21	7.72	7.3	-14.03	90.00	0.052	0.00e+00	3.25e-04
8638	25/12/2008	21:00	3.70	330.0	2.05	2.90	232.0	0.34	6.34	6.7	-25.08	137.23	0.059	0.00e+00	3.23e-04
8639	25/12/2008	22:00	1.40	320.0	1.00	2.40	107.7	0.12	10.21	6.0	-3.94	90.00	0.026	0.00e+00	3.21e-04
8640	25/12/2008	23:00	3.20	330.0	1.78	2.90	212.0	0.29	6.80	8.0	-16.65	134.48	0.045	0.00e+00	3.23e-04
8641	26/12/2008	00:00	4.60	330.0	2.57	2.90	350.5	0.44	5.70	7.0	-31.14	250.21	0.056	0.00e+00	3.23e-04
8642	26/12/2008	01:00	4.10	340.0	2.30	2.70	326.1	0.40	6.02	8.0	-22.55	246.32	0.045	0.00e+00	3.22e-04
8643	26/12/2008	02:00	3.60	350.0	2.01	2.70	261.7	0.34	6.42	8.0	-19.31	180.68	0.045	0.00e+00	3.22e-04
8644	26/12/2008	03:00	2.60	340.0	1.42	2.50	152.0	0.22	7.58	8.0	-12.60	90.00	0.045	0.00e+00	3.21e-04
8645	26/12/2008	04:00	1.50	350.0	1.00	2.40	112.0	0.13	9.88	8.0	-4.70	90.00	0.028	0.00e+00	3.21e-04
8646	26/12/2008	05:00	1.70	360.0	1.00	2.50	120.2	0.15	9.30	8.0	-6.46	90.00	0.035	0.00e+00	3.21e-04
8647	26/12/2008	06:00	2.00	80.0	1.10	2.10	131.6	0.17	8.60	8.0	-9.78	90.00	0.045	0.00e+00	3.19e-04
8648	26/12/2008	07:00	1.30	40.0	1.00	1.50	103.3	0.11	10.58	8.0	-3.27	90.00	0.023	0.00e+00	3.16e-04
8649	26/12/2008	08:00	1.50	350.0	1.00	0.80	112.0	0.13	9.88	8.0	-4.70	90.00	0.028	5.08e-05	3.13e-04
8650	26/12/2008	09:00	3.00	330.0	1.68	1.00	910.6	0.32	7.12	6.0	4.85	-574.30	-0.012	1.53e-03	3.14e-04
8651	26/12/2008	10:00	3.30	320.0	1.83	2.20	1097.6	0.38	6.86	2.0	64.65	-75.41	-0.134	3.44e-03	3.20e-04
8652	26/12/2008	11:00	4.50	330.0	2.49	3.60	1435.8	0.50	5.87	4.0	88.44	-123.39	-0.141	3.93e-03	3.26e-04
8653	26/12/2008	12:00	5.80	350.0	3.20	4.60	1791.1	0.62	5.16	2.0	96.75	-218.97	-0.124	4.45e-03	3.31e-04
8654	26/12/2008	13:00	4.30	330.0	2.38	5.30	1856.1	0.48	6.01	2.0	88.16	-110.72	-0.147	4.20e-03	3.35e-04
8655	26/12/2008	14:00	4.80	340.0	2.65	6.20	1902.5	0.52	5.68	1.0	60.88	-200.12	-0.095	3.46e-03	3.39e-04
8656	26/12/2008	15:00	5.00	340.0	2.78	5.80	1923.2	0.52	5.53	1.0	22.44	-565.37	-0.034	2.13e-03	3.37e-04
8657	26/12/2008	16:00	4.40	340.0	2.56	4.20	364.0	0.45	5.71	1.0	-28.77	272.95	0.051	2.03e-04	3.29e-04
8658	26/12/2008	17:00	3.60	340.0	1.94	3.00	181.4	0.30	6.48	1.0	-34.15	90.00	0.089	0.00e+00	3.23e-04
8659	26/12/2008	18:00	4.50	330.0	2.48	2.10	251.0	0.41	5.76	1.0	-45.91	129.80	0.089	0.00e+00	3.19e-04
8660	26/12/2008	19:00	3.20	330.0	1.73	1.60	170.2	0.27	6.86	1.0	-30.64	90.00	0.089	0.00e+00	3.17e-04
8661	26/12/2008	20:00	2.50	340.0	1.37	1.10	148.8	0.21	7.72	1.0	-17.38	90.00	0.064	0.00e+00	3.14e-04
8662	26/12/2008	21:00	1.80	350.0	1.00	0.30	124.1	0.16	9.05	1.0	-7.47	90.00	0.038	0.00e+00	3.10e-04
8663	26/12/2008	22:00	2.30	350.0	1.26	0.10	142.1	0.20	8.04	1.0	-14.01	90.00	0.056	0.00e+00	3.09e-04
8664	26/12/2008	23:00	2.00	350.0	1.10	-0.60	131.6	0.17	8.60	0.0	-9.78	90.00	0.044	0.00e+00	3.06e-04
8665	27/12/2008	00:00	1.00	350.0	1.00	-1.90	88.9	0.09	11.99	0.0	-1.70	90.00	0.015	0.00e+00	3.00e-04
8666	27/12/2008	01:00	1.00	0.0	1.00	-2.70	88.9	0.09	11.99	0.0	-1.70	90.00	0.015	0.00e+00	2.96e-04
8667	27/12/2008	02:00	1.10	350.0	1.00	-2.70	93.9	0.10	11.46	0.0	-2.15	90.00	0.017	0.00e+00	2.96e-04
8668	27/12/2008	03:00	1.00	70.0	1.00	-3.10	88.9	0.09	11.99	0.0	-1.70	90.00	0.015	0.00e+00	2.94e-04
8669	27/12/2008	04:00	1.00	140.0	1.00	-3.80	88.9	0.09	11.99	0.0	-1.70	90.00	0.015	0.00e+00	2.91e-04
8670	27/12/2008	05:00	1.00	100.0	1.00	-4.10	88.9	0.09	11.99	0.0	-1.70	90.00	0.015	0.00e+00	2.90e-04
8671	27/12/2008	06:00	1.00	0.0	1.00	-4.60	88.9	0.09	11.99	0.0	-1.70	90.00	0.015	0.00e+00	2.87e-04
8672	27/12/2008	07:00	1.00	50.0	1.00	-4.90	88.9	0.09	11.99	0.0	-1.70	90.00	0.015	0.00e+00	2.86e-04
8673	27/12/2008	08:00	1.00	190.0	1.00	-4.50	88.9	0.09	11.99	1.0	-1.70	90.00	0.015	2.13e-04	2.88e-04
8674	27/12/2008	09:00	1.00	270.0	1.00	-1.40	440.4	0.15	11.98	0.0	17.96	-17.53	-0.092	2.14e-03	3.02e-04
8675	27/12/2008	10:00	1.00	30.0	1.00	-0.40	583.4	0.19	11.37	0.0	58.80	-10.03	-0.245	3.47e-03	3.07e-04
8676	27/12/2008	11:00	1.60	20.0	1.07	0.00	763.4	0.26	9.02	0.0	84.23	-19.47	-0.250	4.24e-03	3.09e-04
8677	27/12/2008	12:00	1.30	360.0	1.00	0.80	901.5	0.23	10.02	0.0	92.54	-12.16	-0.312	4.49e-03	3.13e-04
8678	27/12/2008	13:00	1.70	30.0	1.13	1.70	1011.6	0.27	8.76	0.0	83.53	-21.99	-0.240	4.24e-03	3.17e-04
8679	27/12/2008	14:00	2.30	20.0	1.32	1.90	1083.4	0.30	8.10	0.0	58.36	-39.07	-0.156	3.47e-03	3.18e-04
8680	27/12/2008	15:00	2.60	10.0	1.44	1.70	1107.1	0.29	7.73	0.0	18.42	-115.49	-0.050	2.14e-03	3.17e-04
8681	27/12/2008	16:00	2.40	350.0	1.31	0.70	145.5	0.21	7.88	0.0	-15.64	90.00	0.060	2.13e-04	3.12e-04
8682	27/12/2008	17:00	2.10	350.0	1.16	-0.40	135.2	0.18	8.40	0.0	-11.09	90.00	0.048	0.00e+00	3.07e-04
8683	27/12/2008	18:00	1.40	350.0	1.00	-0.90	107.7	0.12	10.21	1.0	-3.94	90.00	0.025	0.00e+00	3.05e-04
8684	27/12/2008	19:00	1.00	0.0	1.00	-2.10	88.9	0.09	11.99	1.0	-1.70	90.00	0.015	0.00e+00	2.99e-04
8685	27/12/2008	20:00	1.00	0.0	1.00	-3.00	88.9	0.09	11.99	2.0	-1.70	90.00	0.015	0.00e+00	2.95e-04
8686	27/12/2008	21:00	1.00	210.0	1.00	-3.30	88.9	0.09	11.99	2.0	-1.70	90.00	0.015	0.00e+00	2.93e-04
8687	27/12/2008	22:00	1.00	250.0	1.00	-3.40	88.9	0.09	11.99	3.0	-1.70	90.00	0.015	0.00e+00	2.93e-04
8688	27/12/2008	23:00	1.00	160.0	1.00	-4.20	88.9	0.09	11.99	3.0	-1.70	90.00	0.015	0.00e+00	2.89e-04
8689	28/12/2008	00:00	1.00	0.0	1.00	-4.10	88.9	0.09	11.99	4.0	-1.70	90.00	0.015	0.00e+00	2.90e-04
8690	28/12/2008	01:00	1.00	0.0	1.00	-4.70	88.9	0.09	11.99	4.0	-1.70	90.00	0.015	0.00e+00	2.87e-04
8691	28/12/2008	02:00	1.00	0.0	1.00	-5.30	88.9	0.09	11.99	5.0	-1.70	90.00	0.015	0.00e+00	2.84e-04
8692	28/12/2008	03:00	1.00	0.0	1.00	-5.60	88.9	0.09	11.99	5.0	-1.70	90.00	0.015	0.00e+00	2.83e-04
8693	28/12/2008	04:00	1.00	60.0	1.00	-5.60	88.9	0.09	11.99	6.0	-1.70	90.00	0.015	0.00e+00	2.83e-04
8694	28/12/2008	05:00	1.00	0.0	1.00	-5.60	88.9	0.09	11.99	6.0	-1.70	90.00	0.015	0.00e+00	2.83e-04
8695	28/12/2008	06:00	1.00	180.0	1.00	-6.30	88.9	0.09	11.99	1.0	-1.70	90.00	0.015	0.00e+00	2.79e-04
8696	28/12/2008	07:00	1.00	0.0	1.00	-6.20	88.9	0.09	11.99	1.0	-1.70	90.00	0.015	0.00e+00	2.80e-04
8697	28/12/2008	08:00	1.00	0.0	1.00	-6.20	88.9	0.09	11.99	0.0	-1.70	90.00	0.015	2.25e-04	2.80e-04
8698	28/12/2008	09:00	1.00	0.0	1.00	-2.80	441.4	0.15	11.97	0.0	18.12	-17.50	-0.092	2.15e-03	2.96e-04
8699	28/12/2008	10:00	1.00	0.0	1.00	-2.00	584.8	0.19	11.37	0.0	59.48	-9.96	-0.246	3.48e-03	2.99e-04
8700	28/12/2008	11:00	1.00	0.0	1.00	-1.00	748.2	0.20	11.43	1.0	88.65	-7.64	-0.352	4.24e-03	3.04e-04
8701	28/12/2008	12:00	1.00	0.0	1.00	0.40	888.1	0.20	11.43	0.0	93.08	-7.40	-0.369	4.50e-03	3.11e-04
8702	28/12/2008	13:00	1.10	140.0	1.00	2.70	997.9	0.21	10.89	0.0	83.48	-9.50	-0.319	4.25e-03	3.22e-04
8703	28/12/2008	14:00	1.00	80.0	1.00	2.60	1075.8	0.19	11.39	2.0	65.17	-9.37	-0.271	3.45e-03	3.21e-04
8704	28/12/2008	15:00	1.50	350.0	1.00	2.10	1104.6	0.20	10.12	6.0	24.90	-27.83	-0.099	1.55e-03	3.19e-04
8705	28/12/2008	16:00	1.40	60.0	1.00	1.80	107.7	0.12	10.21	7.0	-3.94	90.00	0.025	1.18e-04	3.18e-04
8706	28/12/2008	17:00	1.00	50.0	1.00	1.20	88.9	0.09	11.99	7.0	-1.70	90.00	0.015	0.00e+00	3.15e-04
8707	28/12/2008	18:00	1.70	80.0	1.00	0.70	120.2	0.15	9.30	7.0	-6.46	90.00	0.034	0.00e+00	3.12e-04
8708	28/12/2008	19:00	1.00	60.0	1.00	0.30	88.9	0.09	11.99	7.0	-1.70	90.00	0.015	0.00e+00	3.10e-04
8709	28/12/2008	20:00	1.30	80.0	1.00	-0.20	103.3	0.11	10.58	6.0	-3.27	90.00	0.023	0.00e+00	3.08e-04
8710	28/12/2008	21:00	2.20	120.0	1.21	-0.40	138.7	0.19	8.21	6.0	-12.50	90.00	0.052	0.00e+00	3.07e-04
8711	28/12/2008	22:00	3.30	110.0	1.79	-0.20	173.0	0.28	6.76	6.0	-23.01	90.00	0.065	0.00e+00	3.08e-04
8712	28/12/2008	23:00	2.30	130.0	1.26	-0.30	142.1	0.20	8.04	6.0	-14.01	90.00	0.056	0.00e+00	3.07e-04
8713	29/12/2008	00:00	2.40	120.0	1.31	-0.50	145.5	0.21	7.88	5.0	-15.64	90.00	0.060	0.00e+00	3.07e-04
8714	29/12/2008	01:00	2.70	140.0	1.47	-1.10	155.2	0.23	7.44	5.0	-21.22	90.00	0.072	0.00e+00	3.04e-04
8715	29/12/2008	02:00	1.70	100.0	1.00	-1.80	120.2	0.15	9.30	5.0	-6.46	90.00	0.034	0.00e+00	3.00e-04
8716	29/12/2008	03:00	1.00	280.0	1.00	-2.80	88.9	0.09	11.99	5.0	-1.70	90.00	0.015	0.00e+00	2.96e-04
8717	29/12/2008	04:00	3.10	170.0	1.68	-2.40	167.3	0.26	6.96	4.0	-26.59	90.00	0.079	0.00e+00	2.98e-04
8718	29/12/2008	05:00	1.20	130.0	1.00	-3.10	98.7	0.11	10.99	4.0	-2.67	90.00	0.020	0.00e+00	2.94e-04
8719	29/12/2008	06:00	1.20	130.0	1.00	-2.80	98.7	0.11	10.99	6.0	-2.67	90.00	0.020	0.00e+00	2.96e-04
8720	29/12/2008	07:00	1.40	60.0	1.00	-3.10	107.7	0.12	10.21	6.0	-3.94	90.00	0.025	0.00e+00	2.94e-04
8721	29/12/2008	08:00	1.20	340.0	1.00	-3.50	98.7	0.11	10.99	4.0	-2.67	90.00	0.020	2.21e-04	2.92e-04
8722	29/12/2008	09:00	1.00	20.0	1.00	-1.90	477.7	0.17	11.59	6.0	24.80	-16.20	-0.117	1.56e-03	3.00e-04
8723	29/12/2008	10:00	1.00	60.0	1.00	-0.60	620.5	0.19	11.38	5.0	63.27	-9.56	-0.261	2.96e-03	3.06e-04
8724	29/12/2008	11:00	1.60	70.0	1.07	1.90	784.1	0.27	9.03	2.0	90.64	-18.49	-0.269	4.23e-03	3.18e-04
8725	29/12/2008	12:00	1.00	100.0	1.00	2.40	927.1	0.20	11.44	2.0	98.88	-7.11	-0.392	4.48e-03	3.21e-04
8726	29/12/2008	13:00	1.60	340.0	1.07	3.20	1041.6	0.27	9.03	4.0	89.55	-18.65	-0.267	3.96e-03	3.24e-04
8727	29/12/2008	14:00	2.40	350.0	1.35	3.30	1106.6	0.30	7.99	6.0	53.63	-43.84	-0.143	2.51e-03	3.25e-04
8728	29/12/2008	15:00	2.30	10.0	1.27	2.60	1128.5	0.26	8.24	7.0	17.99	-86.69	-0.055	1.13e-03	3.21e-04
8729	29/12/2008	16:00	1.60	40.0	1.00	2.20	116.2	0.14	9.57	7.0	-5.53	90.00	0.031	1.24e-04	3.20e-04
8730	29/12/2008	17:00	1.90	20.0	1.05	1.80	127.9	0.16	8.82	7.0	-8.58	90.00	0.041	0.00e+00	3.18e-04
8731	29/12/2008	18:00	1.70	20.0	1.00	0.70	120.2	0.15	9.30	7.0	-6.46	90.00	0.034	0.00e+00	3.12e-04
8732	29/12/2008	19:00	2.20	350.0	1.21	1.40	138.7	0.19	8.21	7.0	-12.50	90.00	0.052	0.00e+00	3.16e-04
8733	29/12/2008	20:00	1.50	360.0	1.00	1.40	112.0	0.13	9.88	7.0	-4.70	90.00	0.028	0.00e+00	3.16e-04
8734	29/12/2008	21:00	1.00	0.0	1.00	0.80	88.9	0.09	11.99	7.0	-1.70	90.00	0.015	0.00e+00	3.13e-04
8735	29/12/2008	22:00	1.00	110.0	1.00	0.40	88.9	0.09	11.99	6.0	-1.70	90.00	0.015	0.00e+00	3.11e-04
8736	29/12/2008	23:00	1.00	120.0	1.00	0.70	88.9	0.09	11.99	6.0	-1.70	90.00	0.015	0.00e+00	3.12e-04
8737	30/12/2008	00:00	1.00	110.0	1.00	0.90	88.9	0.09	11.99	6.0	-1.70	90.00	0.015	0.00e+00	3.13e-04
8738	30/12/2008	01:00	1.60	250.0	1.00	1.10	116.2	0.14	9.57	6.0	-5.53	90.00	0.031	0.00e+00	3.14e-04
8739	30/12/2008	02:00	2.00	110.0	1.10	0.20	131.6	0.17	8.60	6.0	-9.78	90.00	0.045	0.00e+00	3.10e-04
8740	30/12/2008	03:00	1.40	280.0	1.00	1.40	107.7	0.12	10.21	6.0	-3.94	90.00	0.025	0.00e+00	3.16e-04
8741	30/12/2008	04:00	1.00	130.0	1.00	0.70	88.9	0.09	11.99	6.0	-1.70	90.00	0.015	0.00e+00	3.12e-04
8742	30/12/2008	05:00	1.10	140.0	1.00	0.80	93.9	0.10	11.46	6.0	-2.15	90.00	0.017	0.00e+00	3.13e-04
8743	30/12/2008	06:00	1.80	130.0	1.00	1.20	124.1	0.16	9.05	7.0	-7.47	90.00	0.038	0.00e+00	3.15e-04
8744	30/12/2008	07:00	2.10	250.0	1.16	1.20	135.2	0.18	8.40	7.0	-11.09	90.00	0.048	0.00e+00	3.15e-04
8745	30/12/2008	08:00	1.50	350.0	1.00	1.00	112.0	0.13	9.88	7.0	-4.70	90.00	0.028	1.32e-04	3.14e-04
8746	30/12/2008	09:00	1.00	330.0	1.00	1.10	305.4	0.11	12.28	7.0	0.17	-610.49	-0.001	1.14e-03	3.14e-04
8747	30/12/2008	10:00	1.00	40.0	1.00	1.50	421.4	0.15	12.21	7.0	15.17	-18.19	-0.082	1.83e-03	3.16e-04
8748	30/12/2008	11:00	1.30	360.0	1.00	1.90	530.9	0.18	10.68	7.0	24.33	-22.68	-0.105	2.24e-03	3.18e-04
8749	30/12/2008	12:00	2.10	50.0	1.23	4.10	807.5	0.28	8.39	7.0	56.32	-34.46	-0.160	2.37e-03	3.29e-04
8750	30/12/2008	13:00	1.00	50.0	1.00	4.00	884.4	0.19	11.36	7.0	51.93	-10.91	-0.223	2.24e-03	3.28e-04
8751	30/12/2008	14:00	2.30	110.0	1.28	5.70	941.3	0.28	8.23	7.0	39.06	-48.64	-0.113	1.83e-03	3.37e-04
8752	30/12/2008	15:00	2.40	70.0	1.32	5.30	968.9	0.27	8.06	7.0	18.74	-93.12	-0.056	1.14e-03	3.35e-04
8753	30/12/2008	16:00	3.10	90.0	1.81	5.10	339.3	0.32	6.79	7.0	-7.81	373.59	0.019	1.32e-04	3.34e-04
8754	30/12/2008	17:00	1.30	70.0	1.00	4.80	103.3	0.11	10.58	7.0	-3.27	90.00	0.023	0.00e+00	3.32e-04
8755	30/12/2008	18:00	3.40	110.0	1.84	4.60	176.2	0.29	6.66	6.0	-23.29	90.31	0.065	0.00e+00	3.31e-04
8756	30/12/2008	19:00	3.90	130.0	2.17	4.60	265.6	0.37	6.18	7.0	-25.42	169.91	0.056	0.00e+00	3.31e-04
8757	30/12/2008	20:00	3.20	110.0	1.78	4.30	212.7	0.29	6.80	8.0	-16.58	135.40	0.045	0.00e+00	3.30e-04
8758	30/12/2008	21:00	1.00	140.0	1.00	4.40	88.9	0.09	11.99	8.0	-1.70	90.00	0.015	0.00e+00	3.30e-04
8759	30/12/2008	22:00	1.00	200.0	1.00	4.30	88.9	0.09	11.99	8.0	-1.70	90.00	0.015	0.00e+00	3.30e-04
8760	30/12/2008	23:00	1.80	40.0	1.00	4.70	124.1	0.16	9.05	7.0	-7.47	90.00	0.038	0.00e+00	3.32e-04
8761	31/12/2008	00:00	2.10	180.0	1.16	8.60	135.2	0.18	8.40	7.0	-11.09	90.00	0.050	0.00e+00	3.51e-04
8762	31/12/2008	01:00	3.30	140.0	1.84	7.90	226.9	0.31	6.70	8.0	-17.06	149.03	0.045	0.00e+00	3.48e-04
8763	31/12/2008	02:00	5.60	210.0	3.14	8.70	485.5	0.56	5.16	7.0	-38.16	399.88	0.056	0.00e+00	3.52e-04
8764	31/12/2008	03:00	7.10	190.0	4.00	8.80	696.5	0.72	4.59	7.0	-49.31	668.50	0.056	0.00e+00	3.52e-04
8765	31/12/2008	04:00	6.60	190.0	3.73	8.60	688.7	0.67	4.75	8.0	-37.36	720.29	0.045	0.00e+00	3.51e-04
8766	31/12/2008	05:00	7.20	190.0	4.05	8.50	710.8	0.73	4.55	7.0	-50.10	687.87	0.056	0.00e+00	3.51e-04
8767	31/12/2008	06:00	8.90	190.0	5.01	8.80	965.4	0.91	4.10	7.0	-62.32	1068.08	0.056	0.00e+00	3.52e-04
8768	31/12/2008	07:00	8.90	190.0	5.01	9.20	965.8	0.91	4.10	7.0	-62.23	1069.42	0.056	0.00e+00	3.54e-04
8769	31/12/2008	08:00	6.70	190.0	3.75	9.10	1328.9	0.69	4.75	7.0	-5.66	5102.71	0.007	1.40e-04	3.54e-04
8770	31/12/2008	09:00	7.60	200.0	4.22	9.50	2259.5	0.78	4.48	7.0	20.01	-2125.88	-0.021	1.15e-03	3.56e-04
8771	31/12/2008	10:00	10.00	200.0	5.55	10.10	2963.5	1.03	3.91	7.0	39.61	-2422.70	-0.031	1.84e-03	3.59e-04
8772	31/12/2008	11:00	8.70	190.0	4.82	10.20	2998.2	0.90	4.19	7.0	51.82	-1235.50	-0.047	2.24e-03	3.60e-04
8773	31/12/2008	12:00	7.90	200.0	4.38	10.10	3031.1	0.82	4.40	7.0	55.99	-866.09	-0.056	2.38e-03	3.59e-04
8774	31/12/2008	13:00	8.10	200.0	4.49	10.00	3062.6	0.84	4.35	7.0	51.82	-1003.90	-0.050	2.24e-03	3.59e-04
8775	31/12/2008	14:00	9.60	190.0	5.32	10.10	3094.8	0.99	3.99	7.0	39.61	-2148.52	-0.033	1.84e-03	3.59e-04
8776	31/12/2008	15:00	10.30	180.0	5.72	9.90	3122.4	1.06	3.85	7.0	20.12	-5184.56	-0.015	1.15e-03	3.58e-04
8777	31/12/2008	16:00	8.40	190.0	4.54	10.10	2411.1	0.84	4.31	7.0	-5.14	10988.11	0.005	1.40e-04	3.59e-04
8778	31/12/2008	17:00	6.60	190.0	3.71	9.80	625.5	0.67	4.76	7.0	-45.45	574.17	0.056	0.00e+00	3.58e-04
8779	31/12/2008	18:00	2.40	280.0	1.31	9.50	145.5	0.21	7.88	8.0	-11.37	90.00	0.045	0.00e+00	3.56e-04
8780	31/12/2008	19:00	4.10	360.0	2.30	6.70	328.7	0.40	6.02	8.0	-22.26	250.61	0.045	0.00e+00	3.42e-04
8781	31/12/2008	20:00	4.10	350.0	2.30	4.70	327.4	0.40	6.02	8.0	-22.41	248.46	0.045	0.00e+00	3.32e-04
8782	31/12/2008	21:00	1.80	360.0	1.00	4.20	124.1	0.16	9.05	8.0	-7.47	90.00	0.038	0.00e+00	3.29e-04
8783	31/12/2008	22:00	2.30	20.0	1.26	4.10	142.1	0.20	8.04	8.0	-11.13	90.00	0.045	0.00e+00	3.29e-04
8784	31/12/2008	23:00	2.70	10.0	1.47	3.50	155.2	0.23	7.44	8.0	-13.02	90.00	0.045	0.00e+00	3.26e-04
