i	Date	Heure	Uext	Direct	Uh	To	h	us	sigmatheta	Cld	Fo	Lmo	thetas	k1	k3
5857	01/09/2008	00:00	1.20	70.0	1.00	18.60	98.7	0.11	10.99	5.0	-2.67	90.00	0.021	0.00e+00	4.03e-04
5858	01/09/2008	01:00	1.00	310.0	1.00	18.40	88.9	0.09	11.99	5.0	-1.70	90.00	0.016	0.00e+00	4.02e-04
5859	01/09/2008	02:00	1.00	0.0	1.00	18.50	88.9	0.09	11.99	6.0	-1.70	90.00	0.016	0.00e+00	4.03e-04
5860	01/09/2008	03:00	1.00	210.0	1.00	18.30	88.9	0.09	11.99	6.0	-1.70	90.00	0.016	0.00e+00	4.02e-04
5861	01/09/2008	04:00	1.20	310.0	1.00	18.40	98.7	0.11	10.99	6.0	-2.67	90.00	0.021	0.00e+00	4.02e-04
5862	01/09/2008	05:00	1.20	320.0	1.00	18.30	98.7	0.11	10.99	7.0	-2.67	90.00	0.021	0.00e+00	4.02e-04
5863	01/09/2008	06:00	2.50	10.0	1.39	18.80	779.8	0.27	7.84	7.0	8.49	-205.68	-0.026	5.23e-04	4.04e-04
5864	01/09/2008	07:00	1.70	20.0	1.00	19.40	847.0	0.23	9.30	7.0	40.10	-28.38	-0.144	1.79e-03	4.08e-04
5865	01/09/2008	08:00	2.50	350.0	1.44	19.20	953.5	0.32	7.75	7.0	69.22	-41.67	-0.182	2.80e-03	4.07e-04
5866	01/09/2008	09:00	3.10	20.0	1.77	20.60	1101.9	0.38	6.99	7.0	94.04	-52.40	-0.208	3.53e-03	4.14e-04
5867	01/09/2008	10:00	2.80	320.0	1.79	21.00	1276.5	0.40	6.96	6.0	151.98	-37.67	-0.320	5.52e-03	4.16e-04
5868	01/09/2008	11:00	3.50	340.0	2.12	21.50	1446.7	0.46	6.39	6.0	167.90	-50.86	-0.310	5.89e-03	4.19e-04
5869	01/09/2008	12:00	3.20	30.0	1.90	21.30	1563.8	0.41	6.74	7.0	128.72	-48.67	-0.264	4.39e-03	4.18e-04
5870	01/09/2008	13:00	3.50	350.0	2.01	22.20	1669.8	0.43	6.55	7.0	124.33	-56.79	-0.245	4.30e-03	4.23e-04
5871	01/09/2008	14:00	3.80	360.0	2.20	22.40	1790.2	0.47	6.26	6.0	151.11	-59.90	-0.275	5.52e-03	4.24e-04
5872	01/09/2008	15:00	4.00	10.0	2.30	23.00	1907.3	0.48	6.13	4.0	156.74	-64.39	-0.275	6.27e-03	4.27e-04
5873	01/09/2008	16:00	4.00	30.0	2.24	22.90	1988.6	0.46	6.20	4.0	113.79	-77.70	-0.209	4.96e-03	4.27e-04
5874	01/09/2008	17:00	3.70	20.0	2.04	22.10	2033.1	0.42	6.48	4.0	63.56	-99.71	-0.130	3.18e-03	4.22e-04
5875	01/09/2008	18:00	2.80	40.0	1.56	20.90	2039.7	0.30	7.39	4.0	8.67	-274.17	-0.024	9.28e-04	4.16e-04
5876	01/09/2008	19:00	1.70	30.0	1.00	19.60	120.2	0.15	9.30	3.0	-6.45	90.00	0.037	0.00e+00	4.09e-04
5877	01/09/2008	20:00	1.00	360.0	1.00	18.40	88.9	0.09	11.99	3.0	-1.70	90.00	0.016	0.00e+00	4.02e-04
5878	01/09/2008	21:00	1.00	360.0	1.00	17.80	88.9	0.09	11.99	3.0	-1.70	90.00	0.016	0.00e+00	3.99e-04
5879	01/09/2008	22:00	1.00	0.0	1.00	16.70	88.9	0.09	11.99	2.0	-1.70	90.00	0.016	0.00e+00	3.93e-04
5880	01/09/2008	23:00	1.00	220.0	1.00	15.40	88.9	0.09	11.99	2.0	-1.70	90.00	0.016	0.00e+00	3.86e-04
5881	02/09/2008	00:00	1.00	0.0	1.00	14.90	88.9	0.09	11.99	2.0	-1.70	90.00	0.016	0.00e+00	3.84e-04
5882	02/09/2008	01:00	1.00	200.0	1.00	14.40	88.9	0.09	11.99	1.0	-1.70	90.00	0.016	0.00e+00	3.81e-04
5883	02/09/2008	02:00	1.00	190.0	1.00	13.90	88.9	0.09	11.99	1.0	-1.70	90.00	0.016	0.00e+00	3.78e-04
5884	02/09/2008	03:00	1.00	150.0	1.00	13.40	88.9	0.09	11.99	1.0	-1.70	90.00	0.016	0.00e+00	3.76e-04
5885	02/09/2008	04:00	1.00	150.0	1.00	13.00	88.9	0.09	11.99	0.0	-1.70	90.00	0.016	0.00e+00	3.74e-04
5886	02/09/2008	05:00	1.00	180.0	1.00	12.90	88.9	0.09	11.99	0.0	-1.70	90.00	0.016	0.00e+00	3.73e-04
5887	02/09/2008	06:00	1.00	210.0	1.00	13.30	88.9	0.09	11.99	0.0	-1.70	90.00	0.016	9.29e-04	3.75e-04
5888	02/09/2008	07:00	1.80	200.0	1.11	15.50	747.3	0.26	8.85	0.0	54.51	-28.20	-0.175	3.37e-03	3.87e-04
5889	02/09/2008	08:00	1.90	220.0	1.26	17.90	934.0	0.31	8.30	3.0	116.98	-21.76	-0.320	5.15e-03	4.00e-04
5890	02/09/2008	09:00	1.00	210.0	1.00	20.40	1139.3	0.21	11.50	3.0	162.09	-5.16	-0.647	6.53e-03	4.13e-04
5891	02/09/2008	10:00	1.90	180.0	1.25	22.50	1349.2	0.32	8.35	3.0	195.31	-15.17	-0.515	7.45e-03	4.25e-04
5892	02/09/2008	11:00	3.00	170.0	1.95	24.20	1546.0	0.44	6.66	4.0	207.95	-36.42	-0.404	7.60e-03	4.34e-04
5893	02/09/2008	12:00	3.50	180.0	2.21	25.20	1726.4	0.48	6.26	4.0	213.93	-46.52	-0.380	7.75e-03	4.40e-04
5894	02/09/2008	13:00	3.60	180.0	2.21	25.80	1873.2	0.48	6.25	5.0	190.93	-50.73	-0.343	6.94e-03	4.43e-04
5895	02/09/2008	14:00	3.60	180.0	2.03	26.30	1954.2	0.43	6.51	7.0	111.12	-63.47	-0.222	4.01e-03	4.46e-04
5896	02/09/2008	15:00	4.50	180.0	2.49	26.90	2021.9	0.50	5.87	7.0	93.07	-118.32	-0.161	3.51e-03	4.49e-04
5897	02/09/2008	16:00	5.00	180.0	2.76	26.20	2073.1	0.54	5.56	7.0	69.42	-198.25	-0.111	2.77e-03	4.45e-04
5898	02/09/2008	17:00	4.60	180.0	2.55	25.00	2103.9	0.49	5.79	7.0	41.39	-252.46	-0.072	1.76e-03	4.39e-04
5899	02/09/2008	18:00	4.80	180.0	2.68	24.20	2115.4	0.50	5.63	7.0	11.05	-995.75	-0.019	4.86e-04	4.34e-04
5900	02/09/2008	19:00	5.60	170.0	3.13	23.30	460.6	0.55	5.17	6.0	-41.89	355.84	0.065	0.00e+00	4.29e-04
5901	02/09/2008	20:00	5.40	190.0	3.02	23.30	434.8	0.53	5.26	6.0	-40.21	327.99	0.065	0.00e+00	4.29e-04
5902	02/09/2008	21:00	7.50	210.0	4.22	20.30	717.0	0.76	4.47	6.0	-58.10	664.05	0.065	0.00e+00	4.13e-04
5903	02/09/2008	22:00	4.90	170.0	2.73	19.70	369.1	0.47	5.52	6.0	-36.40	259.07	0.065	0.00e+00	4.09e-04
5904	02/09/2008	23:00	3.10	220.0	1.68	19.00	167.3	0.26	6.96	6.0	-20.22	90.00	0.065	0.00e+00	4.06e-04
5905	03/09/2008	00:00	3.30	180.0	1.79	19.30	173.0	0.28	6.76	5.0	-24.02	90.00	0.072	0.00e+00	4.07e-04
5906	03/09/2008	01:00	1.90	210.0	1.05	18.90	127.9	0.16	8.82	5.0	-8.57	90.00	0.044	0.00e+00	4.05e-04
5907	03/09/2008	02:00	2.30	220.0	1.26	18.60	142.1	0.20	8.04	5.0	-14.00	90.00	0.060	0.00e+00	4.03e-04
5908	03/09/2008	03:00	1.00	0.0	1.00	17.60	88.9	0.09	11.99	4.0	-1.70	90.00	0.016	0.00e+00	3.98e-04
5909	03/09/2008	04:00	1.00	60.0	1.00	17.10	88.9	0.09	11.99	4.0	-1.70	90.00	0.016	0.00e+00	3.95e-04
5910	03/09/2008	05:00	1.00	360.0	1.00	17.20	88.9	0.09	11.99	4.0	-1.70	90.00	0.016	0.00e+00	3.96e-04
5911	03/09/2008	06:00	1.00	0.0	1.00	17.20	357.8	0.12	12.66	5.0	5.24	-32.20	-0.035	7.28e-04	3.96e-04
5912	03/09/2008	07:00	2.20	190.0	1.28	20.30	829.6	0.29	8.24	5.0	57.39	-36.64	-0.169	2.81e-03	4.13e-04
5913	03/09/2008	08:00	6.70	170.0	3.70	23.00	2043.1	0.71	4.80	5.0	103.72	-302.85	-0.125	4.45e-03	4.27e-04
5914	03/09/2008	09:00	8.00	200.0	4.41	24.40	2427.1	0.84	4.39	4.0	153.35	-343.41	-0.156	6.20e-03	4.35e-04
5915	03/09/2008	10:00	11.70	180.0	6.45	25.90	3480.7	1.21	3.63	4.0	184.85	-840.21	-0.132	7.08e-03	4.44e-04
5916	03/09/2008	11:00	14.50	190.0	8.01	25.50	4000.0	1.48	3.25	7.0	121.96	-2367.98	-0.071	4.27e-03	4.41e-04
5917	03/09/2008	12:00	11.00	180.0	6.08	25.60	3999.9	1.13	3.74	7.0	125.84	-1022.72	-0.095	4.36e-03	4.42e-04
5918	03/09/2008	13:00	13.20	180.0	7.29	25.80	3999.9	1.35	3.41	7.0	121.90	-1797.11	-0.078	4.27e-03	4.43e-04
5919	03/09/2008	14:00	12.10	180.0	6.69	26.20	3999.9	1.24	3.56	7.0	110.43	-1535.36	-0.077	3.99e-03	4.45e-04
5920	03/09/2008	15:00	11.20	180.0	6.19	25.00	3999.9	1.15	3.70	7.0	92.26	-1462.25	-0.069	3.49e-03	4.39e-04
5921	03/09/2008	16:00	5.50	180.0	3.06	18.90	3999.9	0.57	5.26	7.0	18.35	-901.03	-0.027	2.75e-03	4.05e-04
5922	03/09/2008	17:00	1.70	310.0	1.00	19.50	3999.9	0.19	9.51	7.0	3.56	-160.61	-0.016	1.73e-03	4.08e-04
5923	03/09/2008	18:00	2.90	300.0	1.66	19.40	225.6	0.28	7.05	7.0	-11.63	166.34	0.035	4.49e-04	4.08e-04
5924	03/09/2008	19:00	2.00	210.0	1.10	19.00	131.6	0.17	8.60	7.0	-9.77	90.00	0.048	0.00e+00	4.06e-04
5925	03/09/2008	20:00	1.00	130.0	1.00	18.60	88.9	0.09	11.99	7.0	-1.70	90.00	0.016	0.00e+00	4.03e-04
5926	03/09/2008	21:00	1.00	0.0	1.00	18.80	88.9	0.09	11.99	7.0	-1.70	90.00	0.016	0.00e+00	4.04e-04
5927	03/09/2008	22:00	2.20	140.0	1.21	18.50	138.7	0.19	8.21	7.0	-12.48	90.00	0.055	0.00e+00	4.03e-04
5928	03/09/2008	23:00	1.10	180.0	1.00	18.40	93.9	0.10	11.46	7.0	-2.15	90.00	0.019	0.00e+00	4.02e-04
5929	04/09/2008	00:00	2.70	170.0	1.47	18.10	155.2	0.23	7.44	7.0	-15.24	90.00	0.056	0.00e+00	4.01e-04
5930	04/09/2008	01:00	1.70	190.0	1.00	17.90	120.2	0.15	9.30	7.0	-6.45	90.00	0.037	0.00e+00	4.00e-04
5931	04/09/2008	02:00	1.20	170.0	1.00	17.80	98.7	0.11	10.99	7.0	-2.67	90.00	0.021	0.00e+00	3.99e-04
5932	04/09/2008	03:00	1.40	150.0	1.00	17.40	107.7	0.12	10.21	7.0	-3.94	90.00	0.027	0.00e+00	3.97e-04
5933	04/09/2008	04:00	1.00	180.0	1.00	17.10	88.9	0.09	11.99	7.0	-1.70	90.00	0.016	0.00e+00	3.95e-04
5934	04/09/2008	05:00	1.00	0.0	1.00	17.20	88.9	0.09	11.99	8.0	-1.70	90.00	0.016	0.00e+00	3.96e-04
5935	04/09/2008	06:00	1.50	150.0	1.00	17.30	484.5	0.17	10.17	8.0	3.93	-106.51	-0.020	1.97e-04	3.96e-04
5936	04/09/2008	07:00	1.60	140.0	1.00	17.40	116.2	0.14	9.57	8.0	-4.96	90.00	0.030	8.13e-04	3.97e-04
5937	04/09/2008	08:00	1.60	180.0	1.00	18.00	572.6	0.20	9.92	7.0	18.89	-36.60	-0.080	2.72e-03	4.00e-04
5938	04/09/2008	09:00	3.00	100.0	1.65	19.00	963.6	0.33	7.20	7.0	30.24	-108.96	-0.076	3.47e-03	4.06e-04
5939	04/09/2008	10:00	2.00	140.0	1.33	18.90	1108.0	0.32	8.10	7.0	111.37	-24.91	-0.297	3.97e-03	4.05e-04
5940	04/09/2008	11:00	2.00	110.0	1.33	19.60	1247.9	0.32	8.10	7.0	123.20	-23.26	-0.326	4.25e-03	4.09e-04
5941	04/09/2008	12:00	2.40	70.0	1.38	20.10	1315.1	0.31	7.92	8.0	63.06	-40.53	-0.173	2.07e-03	4.11e-04
5942	04/09/2008	13:00	3.00	50.0	1.66	18.70	1333.1	0.32	7.17	8.0	15.23	-197.78	-0.039	2.03e-03	4.04e-04
5943	04/09/2008	14:00	3.20	70.0	1.76	18.50	1376.1	0.36	6.98	7.0	40.68	-100.18	-0.095	3.97e-03	4.03e-04
5944	04/09/2008	15:00	2.30	60.0	1.27	18.70	1406.4	0.27	8.25	7.0	30.69	-57.31	-0.095	3.47e-03	4.04e-04
5945	04/09/2008	16:00	2.60	100.0	1.48	18.60	1469.4	0.32	7.65	7.0	66.84	-45.28	-0.173	2.72e-03	4.03e-04
5946	04/09/2008	17:00	1.20	20.0	1.00	17.90	1502.3	0.20	10.50	7.0	37.22	-18.25	-0.158	1.70e-03	4.00e-04
5947	04/09/2008	18:00	1.90	60.0	1.06	17.90	1507.7	0.21	9.01	7.0	5.45	-147.76	-0.022	4.12e-04	4.00e-04
5948	04/09/2008	19:00	1.20	60.0	1.00	17.40	98.7	0.11	10.99	7.0	-2.67	90.00	0.021	0.00e+00	3.97e-04
5949	04/09/2008	20:00	1.20	20.0	1.00	17.20	98.7	0.11	10.99	7.0	-2.67	90.00	0.021	0.00e+00	3.96e-04
5950	04/09/2008	21:00	1.00	230.0	1.00	15.90	88.9	0.09	11.99	7.0	-1.70	90.00	0.016	0.00e+00	3.89e-04
5951	04/09/2008	22:00	3.90	130.0	2.17	15.50	272.0	0.37	6.18	7.0	-24.56	178.41	0.056	0.00e+00	3.87e-04
5952	04/09/2008	23:00	3.10	140.0	1.68	15.60	169.8	0.26	6.96	7.0	-17.67	92.44	0.056	0.00e+00	3.87e-04
5953	05/09/2008	00:00	1.00	240.0	1.00	15.20	88.9	0.09	11.99	7.0	-1.70	90.00	0.016	0.00e+00	3.85e-04
5954	05/09/2008	01:00	3.00	180.0	1.63	15.70	164.3	0.25	7.07	7.0	-17.01	90.00	0.056	0.00e+00	3.88e-04
5955	05/09/2008	02:00	1.70	140.0	1.00	15.60	120.2	0.15	9.30	7.0	-6.45	90.00	0.036	0.00e+00	3.87e-04
5956	05/09/2008	03:00	1.00	180.0	1.00	16.10	88.9	0.09	11.99	7.0	-1.70	90.00	0.016	0.00e+00	3.90e-04
5957	05/09/2008	04:00	1.60	140.0	1.00	15.80	116.2	0.14	9.57	7.0	-5.53	90.00	0.033	0.00e+00	3.88e-04
5958	05/09/2008	05:00	1.00	190.0	1.00	16.10	88.9	0.09	11.99	7.0	-1.70	90.00	0.016	0.00e+00	3.90e-04
5959	05/09/2008	06:00	1.60	160.0	1.00	16.80	512.1	0.18	9.83	7.0	3.95	-125.17	-0.019	3.74e-04	3.94e-04
5960	05/09/2008	07:00	1.00	0.0	1.00	18.10	600.0	0.18	11.32	7.0	36.44	-13.82	-0.171	1.67e-03	4.01e-04
5961	05/09/2008	08:00	4.50	160.0	2.49	20.20	1435.5	0.50	5.87	6.0	88.06	-123.72	-0.149	3.70e-03	4.12e-04
5962	05/09/2008	09:00	5.20	190.0	2.88	22.70	1666.4	0.58	5.46	5.0	140.73	-121.09	-0.207	5.59e-03	4.26e-04
5963	05/09/2008	10:00	7.60	180.0	4.19	23.90	2313.3	0.80	4.51	6.0	146.30	-311.63	-0.156	5.42e-03	4.32e-04
5964	05/09/2008	11:00	9.00	200.0	4.96	25.20	2709.4	0.94	4.14	6.0	161.49	-453.59	-0.148	5.81e-03	4.40e-04
5965	05/09/2008	12:00	10.10	190.0	5.57	25.50	3021.3	1.05	3.90	6.0	166.69	-609.38	-0.137	5.93e-03	4.41e-04
5966	05/09/2008	13:00	12.50	180.0	6.90	27.50	3706.2	1.28	3.51	6.0	160.35	-1169.31	-0.108	5.81e-03	4.53e-04
5967	05/09/2008	14:00	8.00	180.0	4.42	27.80	3752.3	0.83	4.39	7.0	108.92	-472.91	-0.113	3.95e-03	4.54e-04
5968	05/09/2008	15:00	8.80	190.0	4.87	27.20	3793.6	0.91	4.18	7.0	90.93	-737.08	-0.086	3.45e-03	4.51e-04
5969	05/09/2008	16:00	8.40	180.0	4.65	27.10	3824.8	0.87	4.27	7.0	67.43	-861.75	-0.067	2.70e-03	4.50e-04
5970	05/09/2008	17:00	11.70	180.0	6.48	26.70	3858.3	1.20	3.61	7.0	39.88	-3820.09	-0.029	1.67e-03	4.48e-04
5971	05/09/2008	18:00	10.40	180.0	5.78	25.90	3875.4	1.06	3.83	7.0	9.85	-10864.25	-0.008	3.74e-04	4.44e-04
5972	05/09/2008	19:00	7.00	180.0	3.95	25.20	700.2	0.71	4.62	7.0	-45.97	690.11	0.056	0.00e+00	4.40e-04
5973	05/09/2008	20:00	4.70	210.0	2.63	24.30	378.3	0.46	5.63	7.0	-29.80	287.32	0.056	0.00e+00	4.35e-04
5974	05/09/2008	21:00	2.30	240.0	1.26	23.90	142.1	0.20	8.04	8.0	-10.38	90.00	0.045	0.00e+00	4.32e-04
5975	05/09/2008	22:00	5.60	250.0	3.16	23.80	552.6	0.57	5.15	8.0	-29.79	537.41	0.045	0.00e+00	4.32e-04
5976	05/09/2008	23:00	3.80	230.0	2.13	23.60	299.6	0.37	6.25	8.0	-19.30	225.17	0.045	0.00e+00	4.31e-04
5977	06/09/2008	00:00	3.50	230.0	1.96	23.20	260.3	0.33	6.51	8.0	-17.51	184.60	0.045	0.00e+00	4.29e-04
5978	06/09/2008	01:00	5.40	210.0	3.05	23.50	522.8	0.54	5.25	8.0	-28.67	496.23	0.045	0.00e+00	4.30e-04
5979	06/09/2008	02:00	3.10	220.0	1.73	23.40	209.7	0.28	6.90	8.0	-15.03	136.29	0.045	0.00e+00	4.30e-04
5980	06/09/2008	03:00	8.70	210.0	4.85	20.30	1019.2	0.88	4.17	8.0	-47.03	1292.66	0.045	0.00e+00	4.13e-04
5981	06/09/2008	04:00	3.10	220.0	1.73	18.50	207.3	0.28	6.90	8.0	-15.24	133.29	0.045	0.00e+00	4.03e-04
5982	06/09/2008	05:00	1.70	150.0	1.00	17.80	120.2	0.15	9.30	8.0	-6.45	90.00	0.037	0.00e+00	3.99e-04
5983	06/09/2008	06:00	3.20	130.0	1.86	17.70	273.6	0.32	6.68	8.0	-13.19	219.24	0.035	1.60e-04	3.99e-04
5984	06/09/2008	07:00	1.00	270.0	1.00	17.90	88.9	0.09	11.99	8.0	-1.70	90.00	0.016	7.83e-04	4.00e-04
5985	06/09/2008	08:00	2.70	140.0	1.51	17.50	814.1	0.28	7.49	8.0	1.90	-1047.48	-0.006	1.27e-03	3.97e-04
5986	06/09/2008	09:00	1.40	40.0	1.00	17.50	828.0	0.17	10.63	8.0	8.16	-49.59	-0.041	1.64e-03	3.97e-04
5987	06/09/2008	10:00	3.80	20.0	2.12	17.30	1156.2	0.40	6.34	8.0	13.12	-433.80	-0.027	1.88e-03	3.96e-04
5988	06/09/2008	11:00	2.40	70.0	1.32	16.80	1176.9	0.27	8.06	8.0	16.63	-102.78	-0.052	2.01e-03	3.94e-04
5989	06/09/2008	12:00	4.40	90.0	2.45	16.10	1334.2	0.46	5.89	8.0	18.37	-476.25	-0.033	2.06e-03	3.90e-04
5990	06/09/2008	13:00	3.80	110.0	2.10	16.00	1397.3	0.42	6.40	8.0	60.04	-111.36	-0.118	2.01e-03	3.89e-04
5991	06/09/2008	14:00	3.30	110.0	1.83	15.50	1414.2	0.35	6.82	8.0	14.61	-265.70	-0.034	1.88e-03	3.87e-04
5992	06/09/2008	15:00	2.30	120.0	1.28	15.50	1424.0	0.25	8.19	8.0	9.46	-149.86	-0.031	1.64e-03	3.87e-04
5993	06/09/2008	16:00	2.00	130.0	1.12	15.60	1427.1	0.21	8.73	8.0	2.70	-320.57	-0.010	1.27e-03	3.87e-04
5994	06/09/2008	17:00	2.20	180.0	1.27	15.50	193.9	0.21	8.08	8.0	-5.08	169.28	0.020	7.83e-04	3.87e-04
5995	06/09/2008	18:00	1.70	150.0	1.00	15.30	120.2	0.15	9.30	8.0	-6.45	90.00	0.036	1.60e-04	3.86e-04
5996	06/09/2008	19:00	1.00	0.0	1.00	15.10	88.9	0.09	11.99	8.0	-1.70	90.00	0.016	0.00e+00	3.85e-04
5997	06/09/2008	20:00	1.20	150.0	1.00	15.30	98.7	0.11	10.99	8.0	-2.67	90.00	0.021	0.00e+00	3.86e-04
5998	06/09/2008	21:00	1.00	190.0	1.00	15.20	88.9	0.09	11.99	7.0	-1.70	90.00	0.016	0.00e+00	3.85e-04
5999	06/09/2008	22:00	1.70	170.0	1.00	15.10	120.2	0.15	9.30	6.0	-6.45	90.00	0.036	0.00e+00	3.85e-04
6000	06/09/2008	23:00	1.20	150.0	1.00	15.10	98.7	0.11	10.99	5.0	-2.67	90.00	0.021	0.00e+00	3.85e-04
6001	07/09/2008	00:00	1.00	160.0	1.00	14.50	88.9	0.09	11.99	4.0	-1.70	90.00	0.016	0.00e+00	3.82e-04
6002	07/09/2008	01:00	1.30	120.0	1.00	14.10	103.3	0.11	10.58	3.0	-3.27	90.00	0.024	0.00e+00	3.79e-04
6003	07/09/2008	02:00	1.30	150.0	1.00	13.70	103.3	0.11	10.58	3.0	-3.27	90.00	0.024	0.00e+00	3.77e-04
6004	07/09/2008	03:00	2.50	220.0	1.37	13.70	148.8	0.21	7.72	2.0	-17.36	90.00	0.067	0.00e+00	3.77e-04
6005	07/09/2008	04:00	1.80	240.0	1.00	12.80	124.1	0.16	9.05	2.0	-7.46	90.00	0.039	0.00e+00	3.73e-04
6006	07/09/2008	05:00	2.80	210.0	1.52	12.40	158.3	0.24	7.31	2.0	-23.29	90.00	0.080	0.00e+00	3.71e-04
6007	07/09/2008	06:00	1.10	150.0	1.00	12.60	93.9	0.10	11.46	1.0	-2.15	90.00	0.018	5.67e-04	3.72e-04
6008	07/09/2008	07:00	3.20	190.0	1.77	13.70	1048.2	0.36	6.98	1.0	49.37	-85.90	-0.112	3.07e-03	3.77e-04
6009	07/09/2008	08:00	2.90	210.0	1.72	16.10	1179.1	0.38	7.09	1.0	107.19	-44.73	-0.236	5.04e-03	3.90e-04
6010	07/09/2008	09:00	2.60	200.0	1.69	18.20	1344.1	0.39	7.15	1.0	154.89	-33.12	-0.335	6.50e-03	4.01e-04
6011	07/09/2008	10:00	2.30	210.0	1.51	19.90	1520.9	0.36	7.58	1.0	190.24	-22.63	-0.439	7.47e-03	4.10e-04
6012	07/09/2008	11:00	1.80	150.0	1.18	20.80	1695.2	0.31	8.59	3.0	212.24	-12.90	-0.572	7.81e-03	4.15e-04
6013	07/09/2008	12:00	3.20	160.0	2.07	21.10	1861.7	0.46	6.47	3.0	219.45	-39.68	-0.402	7.98e-03	4.17e-04
6014	07/09/2008	13:00	1.90	120.0	1.25	21.60	2006.2	0.32	8.36	3.0	211.30	-14.37	-0.551	7.81e-03	4.20e-04
6015	07/09/2008	14:00	1.20	130.0	1.00	22.10	2126.6	0.24	10.52	3.0	188.74	-6.51	-0.667	7.27e-03	4.22e-04
6016	07/09/2008	15:00	1.70	100.0	1.12	22.20	2220.3	0.29	8.81	3.0	153.70	-14.41	-0.446	6.33e-03	4.23e-04
6017	07/09/2008	16:00	2.80	70.0	1.69	21.80	2285.0	0.37	7.16	3.0	108.25	-42.42	-0.246	4.91e-03	4.21e-04
6018	07/09/2008	17:00	2.70	70.0	1.51	21.40	2317.3	0.32	7.57	3.0	54.94	-54.49	-0.144	2.99e-03	4.19e-04
6019	07/09/2008	18:00	1.30	60.0	1.00	19.90	103.3	0.11	10.58	3.0	-3.27	90.00	0.024	5.52e-04	4.10e-04
6020	07/09/2008	19:00	1.00	330.0	1.00	18.50	88.9	0.09	11.99	3.0	-1.70	90.00	0.016	0.00e+00	4.03e-04
6021	07/09/2008	20:00	1.00	40.0	1.00	18.30	88.9	0.09	11.99	2.0	-1.70	90.00	0.016	0.00e+00	4.02e-04
6022	07/09/2008	21:00	1.60	20.0	1.00	18.30	116.2	0.14	9.57	2.0	-5.53	90.00	0.033	0.00e+00	4.02e-04
6023	07/09/2008	22:00	1.00	0.0	1.00	17.90	88.9	0.09	11.99	2.0	-1.70	90.00	0.016	0.00e+00	4.00e-04
6024	07/09/2008	23:00	1.20	160.0	1.00	17.30	98.7	0.11	10.99	2.0	-2.67	90.00	0.021	0.00e+00	3.96e-04
6025	08/09/2008	00:00	1.00	100.0	1.00	16.40	88.9	0.09	11.99	2.0	-1.70	90.00	0.016	0.00e+00	3.92e-04
6026	08/09/2008	01:00	1.00	0.0	1.00	15.50	88.9	0.09	11.99	1.0	-1.70	90.00	0.016	0.00e+00	3.87e-04
6027	08/09/2008	02:00	1.00	210.0	1.00	14.40	88.9	0.09	11.99	1.0	-1.70	90.00	0.016	0.00e+00	3.81e-04
6028	08/09/2008	03:00	1.10	150.0	1.00	13.30	93.9	0.10	11.46	1.0	-2.15	90.00	0.018	0.00e+00	3.75e-04
6029	08/09/2008	04:00	1.00	180.0	1.00	12.90	88.9	0.09	11.99	1.0	-1.70	90.00	0.016	0.00e+00	3.73e-04
6030	08/09/2008	05:00	1.00	210.0	1.00	12.30	88.9	0.09	11.99	1.0	-1.70	90.00	0.016	0.00e+00	3.70e-04
6031	08/09/2008	06:00	1.50	190.0	1.00	12.70	112.0	0.13	9.88	2.0	-4.69	90.00	0.030	4.90e-04	3.72e-04
6032	08/09/2008	07:00	1.00	210.0	1.00	14.70	534.1	0.19	11.35	2.0	50.60	-11.09	-0.226	2.99e-03	3.83e-04
6033	08/09/2008	08:00	1.40	50.0	1.00	17.40	755.5	0.25	9.67	2.0	107.48	-12.65	-0.361	4.96e-03	3.97e-04
6034	08/09/2008	09:00	2.10	40.0	1.39	18.40	993.8	0.34	7.92	2.0	155.25	-21.76	-0.387	6.42e-03	4.02e-04
6035	08/09/2008	10:00	1.80	130.0	1.18	19.40	1222.0	0.31	8.58	2.0	191.08	-13.86	-0.518	7.39e-03	4.08e-04
6036	08/09/2008	11:00	1.00	200.0	1.00	20.70	1432.0	0.22	11.54	2.0	212.46	-4.34	-0.822	7.93e-03	4.15e-04
6037	08/09/2008	12:00	1.20	70.0	1.00	21.30	1621.2	0.24	10.54	2.0	219.46	-5.90	-0.760	8.11e-03	4.18e-04
6038	08/09/2008	13:00	1.40	140.0	1.00	23.10	1784.5	0.27	9.75	2.0	209.72	-8.07	-0.668	7.93e-03	4.28e-04
6039	08/09/2008	14:00	2.30	150.0	1.51	23.60	1918.8	0.36	7.58	1.0	185.28	-23.06	-0.434	7.43e-03	4.31e-04
6040	08/09/2008	15:00	2.20	180.0	1.45	23.90	2020.9	0.35	7.73	1.0	149.66	-24.56	-0.369	6.46e-03	4.32e-04
6041	08/09/2008	16:00	1.20	130.0	1.00	24.40	2088.0	0.22	10.45	1.0	103.50	-9.68	-0.395	4.99e-03	4.35e-04
6042	08/09/2008	17:00	1.00	0.0	1.00	23.60	2119.5	0.18	11.35	1.0	49.76	-11.22	-0.230	3.01e-03	4.31e-04
6043	08/09/2008	18:00	1.70	80.0	1.00	21.80	120.2	0.15	9.30	1.0	-6.45	90.00	0.037	4.93e-04	4.21e-04
6044	08/09/2008	19:00	1.60	110.0	1.00	19.30	116.2	0.14	9.57	1.0	-5.53	90.00	0.033	0.00e+00	4.07e-04
6045	08/09/2008	20:00	1.80	110.0	1.00	17.80	124.1	0.16	9.05	1.0	-7.46	90.00	0.040	0.00e+00	3.99e-04
6046	08/09/2008	21:00	1.50	130.0	1.00	16.40	112.0	0.13	9.88	0.0	-4.69	90.00	0.030	0.00e+00	3.92e-04
6047	08/09/2008	22:00	1.00	0.0	1.00	15.30	88.9	0.09	11.99	0.0	-1.70	90.00	0.016	0.00e+00	3.86e-04
6048	08/09/2008	23:00	1.00	160.0	1.00	14.40	88.9	0.09	11.99	0.0	-1.70	90.00	0.016	0.00e+00	3.81e-04
6049	09/09/2008	00:00	1.10	150.0	1.00	13.70	93.9	0.10	11.46	0.0	-2.15	90.00	0.018	0.00e+00	3.77e-04
6050	09/09/2008	01:00	1.00	0.0	1.00	13.10	88.9	0.09	11.99	0.0	-1.70	90.00	0.016	0.00e+00	3.74e-04
6051	09/09/2008	02:00	1.00	0.0	1.00	12.80	88.9	0.09	11.99	0.0	-1.70	90.00	0.016	0.00e+00	3.73e-04
6052	09/09/2008	03:00	1.40	150.0	1.00	12.60	107.7	0.12	10.21	0.0	-3.94	90.00	0.026	0.00e+00	3.72e-04
6053	09/09/2008	04:00	1.00	0.0	1.00	12.40	88.9	0.09	11.99	0.0	-1.70	90.00	0.016	0.00e+00	3.71e-04
6054	09/09/2008	05:00	1.00	120.0	1.00	12.20	88.9	0.09	11.99	1.0	-1.70	90.00	0.016	0.00e+00	3.69e-04
6055	09/09/2008	06:00	1.00	0.0	1.00	12.50	88.9	0.09	11.99	1.0	-1.70	90.00	0.016	4.18e-04	3.71e-04
6056	09/09/2008	07:00	1.00	190.0	1.00	15.70	529.0	0.18	11.34	1.0	46.27	-11.78	-0.210	2.95e-03	3.88e-04
6057	09/09/2008	08:00	1.00	230.0	1.00	18.50	737.2	0.20	11.44	0.0	100.11	-7.05	-0.420	4.94e-03	4.03e-04
6058	09/09/2008	09:00	1.20	150.0	1.00	21.00	972.3	0.23	10.50	2.0	151.85	-7.51	-0.548	6.37e-03	4.16e-04
6059	09/09/2008	10:00	5.00	170.0	2.81	23.30	1658.8	0.57	5.53	3.0	184.80	-90.97	-0.274	7.20e-03	4.29e-04
6060	09/09/2008	11:00	5.60	170.0	3.09	24.70	1762.8	0.61	5.26	7.0	117.72	-168.36	-0.166	4.16e-03	4.37e-04
6061	09/09/2008	12:00	5.80	160.0	3.20	23.80	1864.1	0.63	5.17	7.0	121.91	-178.81	-0.166	4.26e-03	4.32e-04
6062	09/09/2008	13:00	4.90	170.0	2.71	23.40	1953.0	0.54	5.62	7.0	118.03	-120.47	-0.185	4.16e-03	4.30e-04
6063	09/09/2008	14:00	5.40	160.0	2.98	22.80	2031.6	0.59	5.36	7.0	106.42	-167.12	-0.155	3.87e-03	4.26e-04
6064	09/09/2008	15:00	7.40	180.0	4.09	24.00	2231.1	0.77	4.56	7.0	87.69	-466.47	-0.097	3.36e-03	4.33e-04
6065	09/09/2008	16:00	5.70	190.0	3.15	23.80	2275.5	0.60	5.20	7.0	63.50	-305.72	-0.090	2.59e-03	4.32e-04
6066	09/09/2008	17:00	1.90	170.0	1.07	22.90	2296.0	0.24	9.00	7.0	34.92	-35.72	-0.123	1.54e-03	4.27e-04
6067	09/09/2008	18:00	2.70	190.0	1.51	21.60	2298.7	0.28	7.50	7.0	3.55	-573.17	-0.011	2.19e-04	4.20e-04
6068	09/09/2008	19:00	1.40	310.0	1.00	21.20	107.7	0.12	10.21	7.0	-3.94	90.00	0.027	0.00e+00	4.17e-04
6069	09/09/2008	20:00	1.70	220.0	1.00	20.50	120.2	0.15	9.30	7.0	-6.45	90.00	0.037	0.00e+00	4.14e-04
6070	09/09/2008	21:00	1.50	170.0	1.00	19.90	112.0	0.13	9.88	7.0	-4.69	90.00	0.030	0.00e+00	4.10e-04
6071	09/09/2008	22:00	1.40	160.0	1.00	18.00	107.7	0.12	10.21	7.0	-3.94	90.00	0.027	0.00e+00	4.00e-04
6072	09/09/2008	23:00	1.80	130.0	1.00	17.60	124.1	0.16	9.05	7.0	-7.46	90.00	0.040	0.00e+00	3.98e-04
6073	10/09/2008	00:00	1.00	220.0	1.00	16.90	88.9	0.09	11.99	7.0	-1.70	90.00	0.016	0.00e+00	3.94e-04
6074	10/09/2008	01:00	1.00	0.0	1.00	16.90	88.9	0.09	11.99	7.0	-1.70	90.00	0.016	0.00e+00	3.94e-04
6075	10/09/2008	02:00	1.70	140.0	1.00	16.30	120.2	0.15	9.30	7.0	-6.45	90.00	0.036	0.00e+00	3.91e-04
6076	10/09/2008	03:00	1.70	150.0	1.00	16.50	120.2	0.15	9.30	7.0	-6.45	90.00	0.036	0.00e+00	3.92e-04
6077	10/09/2008	04:00	1.00	100.0	1.00	16.50	88.9	0.09	11.99	7.0	-1.70	90.00	0.016	0.00e+00	3.92e-04
6078	10/09/2008	05:00	1.00	190.0	1.00	16.10	88.9	0.09	11.99	7.0	-1.70	90.00	0.016	0.00e+00	3.90e-04
6079	10/09/2008	06:00	1.90	210.0	1.07	16.50	347.0	0.19	8.87	7.0	-0.61	1070.69	0.003	1.79e-04	3.92e-04
6080	10/09/2008	07:00	1.00	200.0	1.00	16.60	332.5	0.12	12.51	7.0	1.92	-70.35	-0.014	1.51e-03	3.93e-04
6081	10/09/2008	08:00	1.70	100.0	1.13	17.90	804.8	0.28	8.76	5.0	95.64	-20.08	-0.287	4.15e-03	4.00e-04
6082	10/09/2008	09:00	1.00	240.0	1.00	20.70	1019.2	0.21	11.49	1.0	148.47	-5.46	-0.600	6.37e-03	4.15e-04
6083	10/09/2008	10:00	1.00	280.0	1.00	22.60	1234.3	0.21	11.52	1.0	183.16	-4.77	-0.726	7.36e-03	4.25e-04
6084	10/09/2008	11:00	1.00	120.0	1.00	24.20	1431.0	0.22	11.53	4.0	197.44	-4.55	-0.780	7.35e-03	4.34e-04
6085	10/09/2008	12:00	1.30	360.0	1.00	24.80	1597.0	0.25	10.11	5.0	188.58	-7.55	-0.640	6.87e-03	4.37e-04
6086	10/09/2008	13:00	1.60	340.0	1.05	25.30	1758.9	0.29	9.11	1.0	203.03	-10.61	-0.602	7.91e-03	4.40e-04
6087	10/09/2008	14:00	1.90	360.0	1.25	26.20	1893.2	0.32	8.35	2.0	182.14	-15.93	-0.490	7.31e-03	4.45e-04
6088	10/09/2008	15:00	2.20	360.0	1.45	26.50	1996.0	0.35	7.73	2.0	147.50	-24.82	-0.368	6.33e-03	4.47e-04
6089	10/09/2008	16:00	1.50	80.0	1.00	26.70	2064.1	0.26	9.34	2.0	102.61	-14.92	-0.342	4.86e-03	4.48e-04
6090	10/09/2008	17:00	1.50	70.0	1.00	25.80	2097.5	0.24	9.45	3.0	51.74	-22.31	-0.189	2.81e-03	4.43e-04
6091	10/09/2008	18:00	1.50	10.0	1.00	24.30	112.0	0.13	9.88	3.0	-4.69	90.00	0.031	3.33e-04	4.35e-04
6092	10/09/2008	19:00	1.00	20.0	1.00	22.60	88.9	0.09	11.99	4.0	-1.70	90.00	0.016	0.00e+00	4.25e-04
6093	10/09/2008	20:00	1.00	300.0	1.00	20.90	88.9	0.09	11.99	4.0	-1.70	90.00	0.016	0.00e+00	4.16e-04
6094	10/09/2008	21:00	1.00	150.0	1.00	19.60	88.9	0.09	11.99	5.0	-1.70	90.00	0.016	0.00e+00	4.09e-04
6095	10/09/2008	22:00	1.00	190.0	1.00	19.00	88.9	0.09	11.99	5.0	-1.70	90.00	0.016	0.00e+00	4.06e-04
6096	10/09/2008	23:00	1.00	170.0	1.00	18.30	88.9	0.09	11.99	5.0	-1.70	90.00	0.016	0.00e+00	4.02e-04
6097	11/09/2008	00:00	1.00	210.0	1.00	17.90	88.9	0.09	11.99	6.0	-1.70	90.00	0.016	0.00e+00	4.00e-04
6098	11/09/2008	01:00	1.50	190.0	1.00	17.80	112.0	0.13	9.88	6.0	-4.69	90.00	0.030	0.00e+00	3.99e-04
6099	11/09/2008	02:00	1.00	190.0	1.00	17.80	88.9	0.09	11.99	7.0	-1.70	90.00	0.016	0.00e+00	3.99e-04
6100	11/09/2008	03:00	1.00	160.0	1.00	17.90	88.9	0.09	11.99	7.0	-1.70	90.00	0.016	0.00e+00	4.00e-04
6101	11/09/2008	04:00	1.20	170.0	1.00	17.90	98.7	0.11	10.99	7.0	-2.67	90.00	0.021	0.00e+00	4.00e-04
6102	11/09/2008	05:00	2.30	110.0	1.26	18.10	142.1	0.20	8.04	8.0	-10.58	90.00	0.045	0.00e+00	4.01e-04
6103	11/09/2008	06:00	1.10	10.0	1.00	18.30	93.9	0.10	11.46	8.0	-2.15	90.00	0.019	6.66e-05	4.02e-04
6104	11/09/2008	07:00	3.00	140.0	1.74	18.30	337.6	0.31	6.94	8.0	-6.54	393.88	0.018	7.05e-04	4.02e-04
6105	11/09/2008	08:00	4.90	130.0	2.72	19.20	1489.8	0.52	5.60	8.0	31.28	-389.27	-0.051	1.21e-03	4.07e-04
6106	11/09/2008	09:00	3.10	130.0	1.82	20.80	1591.9	0.40	6.88	6.0	115.40	-48.17	-0.246	4.54e-03	4.15e-04
6107	11/09/2008	10:00	1.40	170.0	1.00	23.60	1736.9	0.26	9.73	3.0	181.63	-8.88	-0.589	7.13e-03	4.31e-04
6108	11/09/2008	11:00	3.50	180.0	2.15	25.20	1874.9	0.47	6.35	5.0	180.63	-49.59	-0.333	6.69e-03	4.40e-04
6109	11/09/2008	12:00	2.50	150.0	1.59	25.60	1960.1	0.36	7.38	7.0	119.94	-34.75	-0.285	4.22e-03	4.42e-04
6110	11/09/2008	13:00	3.20	110.0	1.87	25.80	2039.9	0.40	6.81	7.0	115.98	-50.43	-0.247	4.13e-03	4.43e-04
6111	11/09/2008	14:00	2.70	140.0	1.75	27.20	2144.9	0.40	7.03	5.0	160.92	-34.64	-0.349	6.21e-03	4.51e-04
6112	11/09/2008	15:00	2.80	140.0	1.75	27.70	2227.4	0.39	7.04	5.0	131.56	-39.78	-0.292	5.37e-03	4.54e-04
6113	11/09/2008	16:00	2.00	160.0	1.31	26.50	2283.6	0.31	8.15	5.0	93.47	-27.27	-0.263	4.11e-03	4.47e-04
6114	11/09/2008	17:00	2.20	150.0	1.25	25.40	2312.1	0.28	8.33	5.0	48.36	-39.44	-0.149	2.39e-03	4.41e-04
6115	11/09/2008	18:00	1.20	180.0	1.00	24.00	2312.9	0.13	11.31	6.0	1.36	-150.49	-0.009	1.91e-04	4.33e-04
6116	11/09/2008	19:00	1.40	150.0	1.00	22.90	107.7	0.12	10.21	6.0	-3.94	90.00	0.027	0.00e+00	4.27e-04
6117	11/09/2008	20:00	1.50	120.0	1.00	22.10	112.0	0.13	9.88	7.0	-4.69	90.00	0.031	0.00e+00	4.22e-04
6118	11/09/2008	21:00	4.00	250.0	2.23	19.90	286.8	0.38	6.10	7.0	-25.00	193.36	0.056	0.00e+00	4.10e-04
6119	11/09/2008	22:00	5.10	270.0	2.86	17.80	426.1	0.50	5.41	7.0	-33.35	336.83	0.056	0.00e+00	3.99e-04
6120	11/09/2008	23:00	4.90	300.0	2.76	17.10	445.5	0.49	5.51	8.0	-26.31	391.42	0.045	0.00e+00	3.95e-04
6121	12/09/2008	00:00	4.10	300.0	2.30	16.30	334.9	0.40	6.02	8.0	-21.57	260.93	0.045	0.00e+00	3.91e-04
6122	12/09/2008	01:00	7.30	300.0	4.11	14.60	798.6	0.74	4.53	8.0	-40.41	899.76	0.045	0.00e+00	3.82e-04
6123	12/09/2008	02:00	5.00	300.0	2.82	13.80	457.0	0.50	5.45	8.0	-27.19	403.99	0.045	0.00e+00	3.78e-04
6124	12/09/2008	03:00	4.80	310.0	2.70	13.10	428.4	0.48	5.57	8.0	-26.05	368.04	0.045	0.00e+00	3.74e-04
6125	12/09/2008	04:00	2.10	340.0	1.16	12.90	135.2	0.18	8.40	8.0	-9.87	90.00	0.045	0.00e+00	3.73e-04
6126	12/09/2008	05:00	1.30	20.0	1.00	12.80	103.3	0.11	10.58	8.0	-3.27	90.00	0.024	0.00e+00	3.73e-04
6127	12/09/2008	06:00	1.00	60.0	1.00	13.40	88.9	0.09	11.99	8.0	-1.69	90.00	0.016	4.74e-05	3.76e-04
6128	12/09/2008	07:00	1.00	0.0	1.00	13.60	415.1	0.14	12.29	8.0	14.28	-18.45	-0.082	6.90e-04	3.77e-04
6129	12/09/2008	08:00	1.00	30.0	1.00	14.20	500.6	0.17	11.43	8.0	29.23	-15.37	-0.141	1.20e-03	3.80e-04
6130	12/09/2008	09:00	1.60	50.0	1.00	14.50	665.5	0.23	9.44	8.0	41.89	-25.91	-0.150	1.57e-03	3.82e-04
6131	12/09/2008	10:00	1.70	360.0	1.06	15.00	762.8	0.25	9.06	8.0	51.59	-26.52	-0.172	1.82e-03	3.84e-04
6132	12/09/2008	11:00	2.20	20.0	1.28	15.50	859.7	0.29	8.24	8.0	57.65	-36.58	-0.166	1.96e-03	3.87e-04
6133	12/09/2008	12:00	2.20	360.0	1.28	16.20	949.6	0.29	8.21	8.0	59.73	-36.15	-0.171	2.01e-03	3.91e-04
6134	12/09/2008	13:00	1.00	0.0	1.00	16.30	1025.8	0.19	11.37	8.0	57.69	-10.16	-0.256	1.96e-03	3.91e-04
6135	12/09/2008	14:00	3.00	360.0	1.66	16.30	1094.6	0.35	7.21	8.0	51.73	-71.41	-0.124	1.82e-03	3.91e-04
6136	12/09/2008	15:00	4.10	30.0	2.29	14.50	1235.1	0.43	6.09	8.0	8.76	-792.59	-0.017	1.57e-03	3.82e-04
6137	12/09/2008	16:00	2.00	310.0	1.12	14.10	1238.2	0.21	8.71	8.0	1.93	-437.45	-0.008	1.20e-03	3.79e-04
6138	12/09/2008	17:00	1.50	340.0	1.00	13.80	112.0	0.13	9.88	8.0	-4.69	90.00	0.030	6.90e-04	3.78e-04
6139	12/09/2008	18:00	1.70	340.0	1.00	13.90	206.5	0.17	9.34	8.0	-1.41	293.77	0.007	4.74e-05	3.78e-04
6140	12/09/2008	19:00	1.90	360.0	1.05	13.70	127.9	0.16	8.82	8.0	-8.57	90.00	0.043	0.00e+00	3.77e-04
6141	12/09/2008	20:00	2.10	320.0	1.16	13.50	135.2	0.18	8.40	8.0	-9.85	90.00	0.045	0.00e+00	3.76e-04
6142	12/09/2008	21:00	2.60	330.0	1.42	13.50	152.0	0.22	7.58	8.0	-12.10	90.00	0.045	0.00e+00	3.76e-04
6143	12/09/2008	22:00	2.00	340.0	1.10	13.40	131.6	0.17	8.60	8.0	-9.40	90.00	0.045	0.00e+00	3.76e-04
6144	12/09/2008	23:00	2.40	350.0	1.31	13.20	145.5	0.21	7.88	8.0	-11.21	90.00	0.045	0.00e+00	3.75e-04
6145	13/09/2008	00:00	1.00	340.0	1.00	12.50	88.9	0.09	11.99	8.0	-1.70	90.00	0.016	0.00e+00	3.71e-04
6146	13/09/2008	01:00	1.50	320.0	1.00	12.60	112.0	0.13	9.88	8.0	-4.69	90.00	0.030	0.00e+00	3.72e-04
6147	13/09/2008	02:00	1.40	300.0	1.00	12.60	107.7	0.12	10.21	8.0	-3.94	90.00	0.026	0.00e+00	3.72e-04
6148	13/09/2008	03:00	1.90	310.0	1.05	12.60	127.9	0.16	8.82	8.0	-8.57	90.00	0.043	0.00e+00	3.72e-04
6149	13/09/2008	04:00	3.00	340.0	1.66	12.90	190.9	0.27	7.02	8.0	-14.75	117.80	0.045	0.00e+00	3.73e-04
6150	13/09/2008	05:00	4.40	330.0	2.47	12.80	373.0	0.43	5.81	8.0	-23.65	302.34	0.045	0.00e+00	3.73e-04
6151	13/09/2008	06:00	4.60	330.0	2.69	12.80	511.3	0.48	5.59	7.0	-17.42	566.14	0.030	5.87e-05	3.73e-04
6152	13/09/2008	07:00	3.60	320.0	1.99	13.00	1123.0	0.39	6.55	7.0	28.00	-186.24	-0.059	1.41e-03	3.74e-04
6153	13/09/2008	08:00	3.30	320.0	1.82	13.50	1194.5	0.38	6.87	7.0	59.14	-80.46	-0.129	2.48e-03	3.76e-04
6154	13/09/2008	09:00	4.80	330.0	2.65	14.00	1512.4	0.52	5.68	7.0	85.62	-148.80	-0.135	3.26e-03	3.79e-04
6155	13/09/2008	10:00	4.20	320.0	2.34	14.20	1530.2	0.44	6.03	8.0	14.11	-536.73	-0.026	1.81e-03	3.80e-04
6156	13/09/2008	11:00	5.70	330.0	3.15	14.40	1735.8	0.60	5.20	8.0	57.20	-336.75	-0.079	1.95e-03	3.81e-04
6157	13/09/2008	12:00	3.70	340.0	2.06	14.40	1752.6	0.39	6.44	8.0	18.48	-292.48	-0.039	2.00e-03	3.81e-04
6158	13/09/2008	13:00	6.00	340.0	3.34	14.40	1793.3	0.62	5.04	8.0	17.33	-1225.60	-0.023	1.95e-03	3.81e-04
6159	13/09/2008	14:00	6.30	330.0	3.51	13.60	1878.5	0.65	4.91	8.0	14.58	-1674.16	-0.018	1.81e-03	3.77e-04
6160	13/09/2008	15:00	5.20	330.0	2.90	13.40	1891.7	0.54	5.41	8.0	9.19	-1505.43	-0.014	1.56e-03	3.76e-04
6161	13/09/2008	16:00	4.50	330.0	2.52	13.20	1897.6	0.46	5.80	8.0	2.02	-4391.45	-0.004	1.18e-03	3.75e-04
6162	13/09/2008	17:00	5.00	330.0	2.81	13.00	809.7	0.51	5.48	8.0	-6.44	1856.04	0.010	6.73e-04	3.74e-04
6163	13/09/2008	18:00	5.10	350.0	2.92	12.60	598.0	0.53	5.37	7.0	-17.48	738.14	0.027	5.87e-05	3.72e-04
6164	13/09/2008	19:00	5.40	350.0	3.03	12.40	461.8	0.53	5.26	7.0	-36.17	374.49	0.056	0.00e+00	3.71e-04
6165	13/09/2008	20:00	3.80	330.0	2.12	12.30	258.0	0.35	6.25	7.0	-24.02	164.99	0.056	0.00e+00	3.70e-04
6166	13/09/2008	21:00	4.20	330.0	2.36	12.20	345.6	0.41	5.95	8.0	-22.47	271.19	0.045	0.00e+00	3.69e-04
6167	13/09/2008	22:00	3.00	300.0	1.66	12.00	190.3	0.27	7.03	8.0	-14.78	117.16	0.045	0.00e+00	3.68e-04
6168	13/09/2008	23:00	4.00	300.0	2.24	12.20	319.1	0.39	6.09	8.0	-21.23	242.21	0.045	0.00e+00	3.69e-04
6169	14/09/2008	00:00	4.80	320.0	2.70	12.20	427.7	0.48	5.57	8.0	-26.13	366.71	0.045	0.00e+00	3.69e-04
6170	14/09/2008	01:00	3.00	320.0	1.66	12.20	190.4	0.27	7.03	8.0	-14.78	117.30	0.045	0.00e+00	3.69e-04
6171	14/09/2008	02:00	1.70	310.0	1.00	12.00	120.2	0.15	9.30	8.0	-6.45	90.00	0.036	0.00e+00	3.68e-04
6172	14/09/2008	03:00	3.60	340.0	2.01	12.10	267.0	0.34	6.42	8.0	-18.74	188.44	0.045	0.00e+00	3.69e-04
6173	14/09/2008	04:00	3.90	340.0	2.19	12.40	306.1	0.38	6.17	8.0	-20.60	228.45	0.045	0.00e+00	3.71e-04
6174	14/09/2008	05:00	4.80	330.0	2.70	12.60	428.0	0.48	5.57	8.0	-26.09	367.30	0.045	0.00e+00	3.72e-04
6175	14/09/2008	06:00	4.90	330.0	2.75	12.70	978.8	0.50	5.55	8.0	-2.96	3828.24	0.005	8.55e-06	3.72e-04
6176	14/09/2008	07:00	5.20	340.0	2.90	13.40	1558.4	0.54	5.41	8.0	13.33	-1045.57	-0.020	6.57e-04	3.76e-04
6177	14/09/2008	08:00	7.10	350.0	3.94	13.40	2118.0	0.73	4.64	8.0	28.15	-1243.27	-0.032	1.17e-03	3.76e-04
6178	14/09/2008	09:00	7.00	350.0	3.88	12.90	2155.6	0.73	4.67	8.0	40.79	-830.64	-0.046	1.55e-03	3.73e-04
6179	14/09/2008	10:00	7.00	350.0	3.86	13.70	2252.1	0.74	4.70	6.0	142.97	-254.84	-0.159	5.17e-03	3.77e-04
6180	14/09/2008	11:00	7.70	350.0	4.25	15.00	2357.1	0.81	4.48	6.0	159.32	-298.75	-0.162	5.58e-03	3.84e-04
6181	14/09/2008	12:00	6.70	350.0	3.70	14.20	2432.3	0.71	4.80	7.0	122.09	-261.12	-0.142	4.17e-03	3.80e-04
6182	14/09/2008	13:00	8.00	350.0	4.41	14.70	2530.2	0.84	4.39	6.0	159.60	-331.01	-0.157	5.58e-03	3.83e-04
6183	14/09/2008	14:00	7.20	10.0	3.97	16.30	2611.7	0.76	4.63	6.0	141.01	-278.31	-0.154	5.17e-03	3.91e-04
6184	14/09/2008	15:00	7.50	20.0	4.14	16.30	2694.5	0.79	4.54	3.0	147.09	-299.13	-0.155	6.02e-03	3.91e-04
6185	14/09/2008	16:00	7.00	20.0	3.87	16.40	2748.9	0.74	4.69	4.0	96.79	-364.09	-0.110	4.34e-03	3.92e-04
6186	14/09/2008	17:00	6.80	20.0	3.77	15.60	2775.5	0.71	4.74	5.0	41.38	-753.63	-0.049	2.23e-03	3.87e-04
6187	14/09/2008	18:00	3.90	20.0	2.21	14.40	470.1	0.40	6.17	6.0	-8.92	621.35	0.019	2.46e-05	3.81e-04
6188	14/09/2008	19:00	2.30	350.0	1.26	12.70	142.1	0.20	8.04	6.0	-14.00	90.00	0.058	0.00e+00	3.72e-04
6189	14/09/2008	20:00	2.70	350.0	1.47	12.40	155.2	0.23	7.44	5.0	-20.27	90.00	0.072	0.00e+00	3.71e-04
6190	14/09/2008	21:00	2.00	350.0	1.10	11.30	131.6	0.17	8.60	5.0	-9.77	90.00	0.046	0.00e+00	3.65e-04
6191	14/09/2008	22:00	4.00	340.0	2.20	12.00	223.4	0.36	6.11	4.0	-34.27	117.51	0.079	0.00e+00	3.68e-04
6192	14/09/2008	23:00	4.10	340.0	2.27	11.30	235.0	0.37	6.03	4.0	-35.62	125.99	0.079	0.00e+00	3.65e-04
6193	15/09/2008	00:00	3.20	350.0	1.73	10.30	170.2	0.27	6.86	3.0	-27.79	90.00	0.084	0.00e+00	3.60e-04
6194	15/09/2008	01:00	2.90	350.0	1.58	10.30	161.3	0.25	7.19	3.0	-25.28	90.00	0.084	0.00e+00	3.60e-04
6195	15/09/2008	02:00	4.10	350.0	2.23	9.70	212.5	0.36	6.06	2.0	-38.21	105.04	0.087	0.00e+00	3.57e-04
6196	15/09/2008	03:00	4.70	340.0	2.60	9.10	280.9	0.43	5.64	2.0	-46.52	154.71	0.087	0.00e+00	3.54e-04
6197	15/09/2008	04:00	4.70	340.0	2.59	8.50	276.2	0.43	5.64	1.0	-47.56	149.57	0.089	0.00e+00	3.50e-04
6198	15/09/2008	05:00	5.00	350.0	2.76	8.10	308.2	0.47	5.48	1.0	-51.43	174.14	0.089	0.00e+00	3.48e-04
6199	15/09/2008	06:00	5.00	340.0	2.92	8.10	454.5	0.52	5.35	1.0	-32.06	379.29	0.050	0.00e+00	3.48e-04
6200	15/09/2008	07:00	5.40	360.0	2.99	9.30	1637.7	0.57	5.33	5.0	38.96	-415.27	-0.056	2.17e-03	3.55e-04
6201	15/09/2008	08:00	5.50	10.0	3.04	10.20	1724.0	0.59	5.31	3.0	99.60	-185.50	-0.137	4.50e-03	3.59e-04
6202	15/09/2008	09:00	6.00	10.0	3.32	12.70	1880.8	0.65	5.08	2.0	148.54	-164.96	-0.187	6.10e-03	3.72e-04
6203	15/09/2008	10:00	7.90	350.0	4.36	14.50	2412.3	0.84	4.42	1.0	183.44	-281.85	-0.182	7.15e-03	3.82e-04
6204	15/09/2008	11:00	7.70	360.0	4.25	15.10	2534.1	0.82	4.48	1.0	206.89	-236.54	-0.209	7.73e-03	3.85e-04
6205	15/09/2008	12:00	8.70	350.0	4.80	15.70	2658.6	0.92	4.21	1.0	214.27	-317.82	-0.194	7.91e-03	3.88e-04
6206	15/09/2008	13:00	7.80	360.0	4.30	15.90	2768.7	0.83	4.45	1.0	205.82	-245.86	-0.206	7.73e-03	3.89e-04
6207	15/09/2008	14:00	8.10	360.0	4.47	16.10	2864.4	0.85	4.37	1.0	181.63	-304.24	-0.177	7.15e-03	3.90e-04
6208	15/09/2008	15:00	8.00	360.0	4.41	16.20	2939.3	0.84	4.39	1.0	143.50	-365.14	-0.142	6.14e-03	3.91e-04
6209	15/09/2008	16:00	6.90	360.0	3.81	16.00	2987.2	0.73	4.73	1.0	94.01	-359.51	-0.108	4.62e-03	3.89e-04
6210	15/09/2008	17:00	6.80	350.0	3.77	15.20	3008.9	0.71	4.74	1.0	36.01	-862.44	-0.042	2.56e-03	3.85e-04
6211	15/09/2008	18:00	5.80	340.0	3.38	13.80	648.8	0.61	4.99	1.0	-27.63	722.09	0.037	0.00e+00	3.78e-04
6212	15/09/2008	19:00	5.50	340.0	3.05	13.00	367.0	0.52	5.23	1.0	-56.80	223.68	0.089	0.00e+00	3.74e-04
6213	15/09/2008	20:00	5.30	330.0	2.93	12.40	344.2	0.50	5.32	1.0	-54.46	204.34	0.089	0.00e+00	3.71e-04
6214	15/09/2008	21:00	4.70	340.0	2.60	11.80	276.9	0.43	5.64	0.0	-47.41	150.31	0.090	0.00e+00	3.67e-04
6215	15/09/2008	22:00	4.40	350.0	2.43	11.00	244.7	0.40	5.82	0.0	-43.66	126.42	0.090	0.00e+00	3.63e-04
6216	15/09/2008	23:00	5.10	350.0	2.82	10.60	319.3	0.48	5.42	0.0	-52.64	182.99	0.090	0.00e+00	3.61e-04
6217	16/09/2008	00:00	4.40	350.0	2.43	9.90	244.0	0.40	5.82	0.0	-43.80	125.76	0.090	0.00e+00	3.58e-04
6218	16/09/2008	01:00	4.80	350.0	2.65	9.40	286.0	0.44	5.58	0.0	-49.03	156.75	0.090	0.00e+00	3.55e-04
6219	16/09/2008	02:00	3.50	360.0	1.89	8.70	178.6	0.30	6.57	0.0	-32.78	90.00	0.090	0.00e+00	3.52e-04
6220	16/09/2008	03:00	5.10	350.0	2.82	8.50	317.8	0.48	5.42	0.0	-52.98	181.29	0.090	0.00e+00	3.50e-04
6221	16/09/2008	04:00	2.90	350.0	1.58	8.00	161.3	0.25	7.19	0.0	-25.52	90.00	0.084	0.00e+00	3.48e-04
6222	16/09/2008	05:00	2.00	360.0	1.10	8.00	131.6	0.17	8.60	5.0	-9.77	90.00	0.046	0.00e+00	3.48e-04
6223	16/09/2008	06:00	4.40	350.0	2.48	8.40	538.3	0.45	5.82	7.0	-10.86	730.76	0.020	0.00e+00	3.50e-04
6224	16/09/2008	07:00	5.20	350.0	2.89	8.60	1568.4	0.54	5.42	7.0	24.10	-589.47	-0.036	1.31e-03	3.51e-04
6225	16/09/2008	08:00	3.80	10.0	2.10	9.00	1617.6	0.42	6.40	7.0	56.55	-116.93	-0.109	2.39e-03	3.53e-04
6226	16/09/2008	09:00	3.50	20.0	1.95	9.60	1685.4	0.41	6.65	7.0	84.15	-71.34	-0.168	3.19e-03	3.56e-04
6227	16/09/2008	10:00	3.60	40.0	2.03	10.80	1766.2	0.43	6.52	7.0	104.74	-65.73	-0.200	3.73e-03	3.62e-04
6228	16/09/2008	11:00	4.10	340.0	2.45	12.90	1917.8	0.52	5.93	2.0	210.13	-59.67	-0.332	7.64e-03	3.73e-04
6229	16/09/2008	12:00	2.10	30.0	1.38	14.30	2057.7	0.35	7.95	3.0	214.85	-17.29	-0.511	7.67e-03	3.80e-04
6230	16/09/2008	13:00	3.50	360.0	2.15	15.20	2172.5	0.47	6.34	5.0	183.35	-49.33	-0.325	6.53e-03	3.85e-04
6231	16/09/2008	14:00	4.60	360.0	2.57	15.90	2257.7	0.52	5.79	6.0	138.89	-92.06	-0.220	5.11e-03	3.89e-04
6232	16/09/2008	15:00	4.60	10.0	2.56	16.70	2334.6	0.52	5.79	5.0	129.36	-96.85	-0.207	5.17e-03	3.93e-04
6233	16/09/2008	16:00	3.40	350.0	1.88	16.30	2351.7	0.37	6.75	8.0	28.18	-159.37	-0.063	1.14e-03	3.91e-04
6234	16/09/2008	17:00	3.60	360.0	2.00	16.00	2360.7	0.38	6.52	8.0	13.62	-360.26	-0.030	6.24e-04	3.89e-04
6235	16/09/2008	18:00	4.30	340.0	2.42	15.40	620.3	0.44	5.90	7.0	-6.68	1126.68	0.013	0.00e+00	3.86e-04
6236	16/09/2008	19:00	3.70	360.0	2.06	14.10	247.0	0.34	6.34	7.0	-23.11	155.61	0.056	0.00e+00	3.79e-04
6237	16/09/2008	20:00	3.60	350.0	1.99	12.90	209.6	0.32	6.43	6.0	-25.26	116.30	0.065	0.00e+00	3.73e-04
6238	16/09/2008	21:00	2.30	340.0	1.26	12.40	142.1	0.20	8.04	6.0	-14.00	90.00	0.058	0.00e+00	3.71e-04
6239	16/09/2008	22:00	2.70	340.0	1.47	11.50	155.2	0.23	7.44	5.0	-20.34	90.00	0.072	0.00e+00	3.66e-04
6240	16/09/2008	23:00	2.50	330.0	1.37	10.30	148.8	0.21	7.72	4.0	-17.36	90.00	0.066	0.00e+00	3.60e-04
6241	17/09/2008	00:00	1.00	360.0	1.00	9.70	88.9	0.09	11.99	3.0	-1.70	90.00	0.016	0.00e+00	3.57e-04
6242	17/09/2008	01:00	1.00	0.0	1.00	8.80	88.9	0.09	11.99	2.0	-1.70	90.00	0.016	0.00e+00	3.52e-04
6243	17/09/2008	02:00	1.00	0.0	1.00	7.20	88.9	0.09	11.99	1.0	-1.70	90.00	0.015	0.00e+00	3.44e-04
6244	17/09/2008	03:00	1.00	0.0	1.00	6.70	88.9	0.09	11.99	1.0	-1.70	90.00	0.015	0.00e+00	3.41e-04
6245	17/09/2008	04:00	1.00	0.0	1.00	5.90	88.9	0.09	11.99	0.0	-1.70	90.00	0.015	0.00e+00	3.37e-04
6246	17/09/2008	05:00	1.00	0.0	1.00	5.70	88.9	0.09	11.99	2.0	-1.70	90.00	0.015	0.00e+00	3.36e-04
6247	17/09/2008	06:00	1.00	180.0	1.00	5.90	88.9	0.09	11.99	4.0	-1.70	90.00	0.015	0.00e+00	3.37e-04
6248	17/09/2008	07:00	1.20	10.0	1.00	8.50	569.1	0.20	10.50	4.0	37.19	-18.25	-0.153	2.26e-03	3.50e-04
6249	17/09/2008	08:00	1.00	360.0	1.00	10.30	751.6	0.20	11.43	4.0	94.11	-7.34	-0.387	4.19e-03	3.60e-04
6250	17/09/2008	09:00	1.00	340.0	1.00	11.70	923.2	0.20	11.46	6.0	112.35	-6.54	-0.455	4.34e-03	3.67e-04
6251	17/09/2008	10:00	1.10	330.0	1.00	14.10	1056.8	0.21	10.91	7.0	102.34	-8.29	-0.398	3.70e-03	3.79e-04
6252	17/09/2008	11:00	1.70	80.0	1.12	14.90	1234.0	0.29	8.81	6.0	155.77	-14.28	-0.441	5.50e-03	3.84e-04
6253	17/09/2008	12:00	1.90	60.0	1.26	17.10	1354.4	0.31	8.30	7.0	117.90	-21.64	-0.321	4.11e-03	3.95e-04
6254	17/09/2008	13:00	2.40	50.0	1.53	18.20	1462.0	0.35	7.52	7.0	113.21	-33.40	-0.271	4.01e-03	4.01e-04
6255	17/09/2008	14:00	1.60	130.0	1.07	19.80	1550.4	0.27	9.04	7.0	100.49	-17.19	-0.315	3.70e-03	4.10e-04
6256	17/09/2008	15:00	3.90	190.0	2.18	20.40	1645.1	0.45	6.28	6.0	108.63	-75.89	-0.202	4.34e-03	4.13e-04
6257	17/09/2008	16:00	3.70	160.0	2.05	20.00	1707.4	0.42	6.48	6.0	74.36	-88.34	-0.149	3.24e-03	4.11e-04
6258	17/09/2008	17:00	1.40	150.0	1.00	19.00	1733.5	0.21	10.06	6.0	33.96	-23.00	-0.138	1.75e-03	4.06e-04
6259	17/09/2008	18:00	1.40	100.0	1.00	17.10	107.7	0.12	10.21	6.0	-3.94	90.00	0.027	0.00e+00	3.95e-04
6260	17/09/2008	19:00	1.00	0.0	1.00	15.50	88.9	0.09	11.99	6.0	-1.70	90.00	0.016	0.00e+00	3.87e-04
6261	17/09/2008	20:00	1.00	350.0	1.00	14.80	88.9	0.09	11.99	6.0	-1.70	90.00	0.016	0.00e+00	3.83e-04
6262	17/09/2008	21:00	1.70	130.0	1.00	13.90	120.2	0.15	9.30	6.0	-6.45	90.00	0.036	0.00e+00	3.78e-04
6263	17/09/2008	22:00	1.30	140.0	1.00	12.80	103.3	0.11	10.58	6.0	-3.27	90.00	0.024	0.00e+00	3.73e-04
6264	17/09/2008	23:00	1.10	190.0	1.00	12.10	93.9	0.10	11.46	6.0	-2.15	90.00	0.018	0.00e+00	3.69e-04
6265	18/09/2008	00:00	1.00	230.0	1.00	11.70	88.9	0.09	11.99	6.0	-1.70	90.00	0.016	0.00e+00	3.67e-04
6266	18/09/2008	01:00	1.00	130.0	1.00	11.10	88.9	0.09	11.99	6.0	-1.70	90.00	0.016	0.00e+00	3.64e-04
6267	18/09/2008	02:00	1.40	150.0	1.00	10.50	107.7	0.12	10.21	6.0	-3.94	90.00	0.026	0.00e+00	3.61e-04
6268	18/09/2008	03:00	1.00	0.0	1.00	10.40	88.9	0.09	11.99	6.0	-1.70	90.00	0.016	0.00e+00	3.60e-04
6269	18/09/2008	04:00	1.00	0.0	1.00	10.20	88.9	0.09	11.99	6.0	-1.70	90.00	0.016	0.00e+00	3.59e-04
6270	18/09/2008	05:00	1.80	170.0	1.00	10.70	124.1	0.16	9.05	6.0	-7.46	90.00	0.039	0.00e+00	3.62e-04
6271	18/09/2008	06:00	1.00	200.0	1.00	11.00	88.9	0.09	11.99	7.0	-1.70	90.00	0.016	0.00e+00	3.63e-04
6272	18/09/2008	07:00	1.00	200.0	1.00	12.50	470.4	0.16	11.66	7.0	23.25	-16.49	-0.117	1.24e-03	3.71e-04
6273	18/09/2008	08:00	1.00	300.0	1.00	15.10	604.4	0.19	11.36	7.0	54.66	-10.53	-0.243	2.33e-03	3.85e-04
6274	18/09/2008	09:00	2.10	170.0	1.32	17.70	878.2	0.30	8.10	7.0	80.52	-30.98	-0.221	3.14e-03	3.99e-04
6275	18/09/2008	10:00	3.60	180.0	2.02	19.40	1224.2	0.42	6.53	7.0	99.72	-67.76	-0.198	3.68e-03	4.08e-04
6276	18/09/2008	11:00	4.10	180.0	2.29	20.70	1360.2	0.47	6.14	7.0	111.46	-83.16	-0.200	3.99e-03	4.15e-04
6277	18/09/2008	12:00	3.50	180.0	1.99	21.80	1473.3	0.42	6.58	7.0	115.21	-58.97	-0.230	4.09e-03	4.21e-04
6278	18/09/2008	13:00	3.40	200.0	1.94	22.50	1574.1	0.41	6.67	7.0	110.97	-57.00	-0.227	3.99e-03	4.25e-04
6279	18/09/2008	14:00	3.70	200.0	2.04	22.10	1620.0	0.41	6.48	8.0	50.44	-120.27	-0.105	1.76e-03	4.22e-04
6280	18/09/2008	15:00	4.00	180.0	2.21	21.40	1657.8	0.43	6.22	8.0	41.17	-174.76	-0.081	1.50e-03	4.19e-04
6281	18/09/2008	16:00	3.00	180.0	1.65	20.40	1682.5	0.33	7.20	8.0	28.91	-113.14	-0.073	1.11e-03	4.13e-04
6282	18/09/2008	17:00	4.30	190.0	2.39	19.60	1699.1	0.45	5.96	8.0	14.58	-556.00	-0.027	5.91e-04	4.09e-04
6283	18/09/2008	18:00	3.80	220.0	2.13	18.30	817.8	0.39	6.29	8.0	-1.30	4081.86	0.003	0.00e+00	4.02e-04
6284	18/09/2008	19:00	3.70	180.0	2.07	17.90	283.2	0.35	6.33	8.0	-19.03	206.39	0.045	0.00e+00	4.00e-04
6285	18/09/2008	20:00	3.10	180.0	1.73	17.50	206.9	0.28	6.90	8.0	-15.29	132.67	0.045	0.00e+00	3.97e-04
6286	18/09/2008	21:00	4.20	210.0	2.36	17.20	348.9	0.41	5.95	8.0	-22.12	276.83	0.045	0.00e+00	3.96e-04
6287	18/09/2008	22:00	2.60	220.0	1.42	16.30	152.0	0.22	7.58	7.0	-14.79	90.00	0.056	0.00e+00	3.91e-04
6288	18/09/2008	23:00	1.40	210.0	1.00	15.80	107.7	0.12	10.21	7.0	-3.94	90.00	0.027	0.00e+00	3.88e-04
6289	19/09/2008	00:00	1.10	200.0	1.00	15.40	93.9	0.10	11.46	7.0	-2.15	90.00	0.018	0.00e+00	3.86e-04
6290	19/09/2008	01:00	2.80	210.0	1.52	15.30	158.3	0.24	7.31	7.0	-15.94	90.00	0.056	0.00e+00	3.86e-04
6291	19/09/2008	02:00	2.30	210.0	1.26	15.30	142.1	0.20	8.04	7.0	-13.19	90.00	0.056	0.00e+00	3.86e-04
6292	19/09/2008	03:00	1.00	0.0	1.00	15.30	88.9	0.09	11.99	7.0	-1.70	90.00	0.016	0.00e+00	3.86e-04
6293	19/09/2008	04:00	1.00	280.0	1.00	15.10	88.9	0.09	11.99	7.0	-1.70	90.00	0.016	0.00e+00	3.85e-04
6294	19/09/2008	05:00	1.00	350.0	1.00	15.20	88.9	0.09	11.99	7.0	-1.70	90.00	0.016	0.00e+00	3.85e-04
6295	19/09/2008	06:00	2.00	350.0	1.10	15.30	131.6	0.17	8.60	7.0	-9.47	90.00	0.046	0.00e+00	3.86e-04
6296	19/09/2008	07:00	2.30	360.0	1.26	15.60	764.1	0.26	8.25	7.0	23.37	-70.30	-0.073	1.20e-03	3.87e-04
6297	19/09/2008	08:00	3.60	30.0	2.01	16.90	1208.0	0.42	6.55	4.0	88.79	-73.12	-0.177	4.08e-03	3.94e-04
6298	19/09/2008	09:00	3.80	360.0	2.17	18.40	1352.9	0.46	6.31	4.0	133.66	-63.56	-0.245	5.52e-03	4.02e-04
6299	19/09/2008	10:00	4.20	350.0	2.41	18.80	1519.9	0.51	5.98	3.0	173.40	-66.90	-0.287	6.80e-03	4.04e-04
6300	19/09/2008	11:00	4.50	350.0	2.58	19.90	1688.1	0.54	5.77	3.0	194.91	-71.53	-0.304	7.37e-03	4.10e-04
6301	19/09/2008	12:00	4.60	360.0	2.64	20.00	1846.3	0.55	5.71	3.0	202.47	-73.04	-0.310	7.56e-03	4.11e-04
6302	19/09/2008	13:00	3.90	350.0	2.34	20.80	1984.3	0.50	6.08	3.0	193.95	-56.89	-0.328	7.37e-03	4.15e-04
6303	19/09/2008	14:00	4.30	10.0	2.46	21.10	2099.5	0.51	5.92	3.0	171.38	-70.25	-0.282	6.80e-03	4.17e-04
6304	19/09/2008	15:00	5.40	10.0	2.99	20.50	2188.6	0.59	5.36	1.0	134.14	-137.88	-0.191	5.94e-03	4.14e-04
6305	19/09/2008	16:00	5.90	360.0	3.26	19.90	2249.1	0.63	5.12	2.0	88.98	-246.77	-0.119	4.37e-03	4.10e-04
6306	19/09/2008	17:00	6.30	350.0	3.50	18.50	2278.2	0.66	4.93	3.0	35.12	-709.51	-0.045	2.24e-03	4.03e-04
6307	19/09/2008	18:00	5.30	340.0	3.07	16.90	600.6	0.55	5.23	4.0	-21.72	688.72	0.033	0.00e+00	3.94e-04
6308	19/09/2008	19:00	4.20	340.0	2.33	15.80	262.6	0.39	5.96	5.0	-33.80	152.90	0.072	0.00e+00	3.88e-04
6309	19/09/2008	20:00	3.40	340.0	1.85	15.20	183.1	0.29	6.65	6.0	-22.76	96.68	0.065	0.00e+00	3.85e-04
6310	19/09/2008	21:00	4.80	340.0	2.69	14.50	384.3	0.47	5.57	7.0	-31.47	289.79	0.056	0.00e+00	3.82e-04
6311	19/09/2008	22:00	4.20	340.0	2.36	14.40	347.1	0.41	5.95	8.0	-22.31	273.67	0.045	0.00e+00	3.81e-04
6312	19/09/2008	23:00	4.60	340.0	2.57	14.50	358.6	0.45	5.69	7.0	-29.97	262.83	0.056	0.00e+00	3.82e-04
6313	20/09/2008	00:00	4.30	350.0	2.41	14.30	360.5	0.42	5.88	8.0	-22.93	288.70	0.045	0.00e+00	3.80e-04
6314	20/09/2008	01:00	4.40	350.0	2.47	13.80	373.7	0.43	5.81	8.0	-23.57	303.58	0.045	0.00e+00	3.78e-04
6315	20/09/2008	02:00	3.30	360.0	1.79	13.30	173.0	0.28	6.76	5.0	-24.52	90.00	0.072	0.00e+00	3.75e-04
6316	20/09/2008	03:00	2.80	10.0	1.52	12.60	158.3	0.24	7.31	3.0	-23.29	90.00	0.080	0.00e+00	3.72e-04
6317	20/09/2008	04:00	2.60	360.0	1.42	11.90	152.0	0.22	7.58	1.0	-19.22	90.00	0.071	0.00e+00	3.68e-04
6318	20/09/2008	05:00	2.20	20.0	1.21	11.60	138.7	0.19	8.21	6.0	-12.48	90.00	0.054	0.00e+00	3.66e-04
6319	20/09/2008	06:00	3.00	10.0	1.66	12.00	190.3	0.27	7.03	8.0	-14.78	117.16	0.045	0.00e+00	3.68e-04
6320	20/09/2008	07:00	3.80	360.0	2.10	12.60	1183.4	0.41	6.38	5.0	31.85	-191.62	-0.064	1.89e-03	3.72e-04
6321	20/09/2008	08:00	4.30	10.0	2.38	12.70	1377.3	0.48	6.01	5.0	82.51	-116.62	-0.142	3.68e-03	3.72e-04
6322	20/09/2008	09:00	3.50	10.0	2.01	13.60	1494.8	0.43	6.55	5.0	125.41	-56.57	-0.240	5.00e-03	3.77e-04
6323	20/09/2008	10:00	3.40	30.0	2.10	14.40	1645.1	0.46	6.42	2.0	176.94	-47.82	-0.320	6.89e-03	3.81e-04
6324	20/09/2008	11:00	3.70	60.0	2.27	14.80	1800.7	0.49	6.17	2.0	200.58	-51.94	-0.339	7.48e-03	3.83e-04
6325	20/09/2008	12:00	4.00	40.0	2.40	14.90	1948.1	0.51	5.99	1.0	206.83	-57.80	-0.334	7.72e-03	3.84e-04
6326	20/09/2008	13:00	4.00	60.0	2.38	16.30	2079.0	0.51	6.02	1.0	196.81	-58.80	-0.323	7.53e-03	3.91e-04
6327	20/09/2008	14:00	3.90	40.0	2.28	17.70	2187.1	0.49	6.15	1.0	171.55	-59.39	-0.295	6.94e-03	3.99e-04
6328	20/09/2008	15:00	4.60	20.0	2.56	18.70	2268.7	0.52	5.79	4.0	131.92	-95.49	-0.212	5.48e-03	4.04e-04
6329	20/09/2008	16:00	4.60	10.0	2.54	19.50	2321.9	0.51	5.81	4.0	86.79	-132.20	-0.144	4.03e-03	4.08e-04
6330	20/09/2008	17:00	5.70	360.0	3.16	18.00	2347.3	0.60	5.18	4.0	34.24	-546.68	-0.048	2.07e-03	4.00e-04
6331	20/09/2008	18:00	5.20	340.0	2.89	16.40	361.8	0.50	5.37	4.0	-47.03	231.66	0.079	0.00e+00	3.92e-04
6332	20/09/2008	19:00	4.50	340.0	2.49	15.30	270.5	0.41	5.76	3.0	-41.75	150.47	0.084	0.00e+00	3.86e-04
6333	20/09/2008	20:00	3.50	350.0	1.89	14.70	178.6	0.30	6.57	3.0	-29.84	90.00	0.084	0.00e+00	3.83e-04
6334	20/09/2008	21:00	2.40	350.0	1.31	13.50	145.5	0.21	7.88	3.0	-15.62	90.00	0.063	0.00e+00	3.76e-04
6335	20/09/2008	22:00	3.30	340.0	1.79	12.60	173.0	0.28	6.76	2.0	-29.59	90.00	0.087	0.00e+00	3.72e-04
6336	20/09/2008	23:00	2.10	350.0	1.16	11.80	135.2	0.18	8.40	2.0	-11.07	90.00	0.050	0.00e+00	3.67e-04
6337	21/09/2008	00:00	2.10	360.0	1.16	10.70	135.2	0.18	8.40	2.0	-11.07	90.00	0.050	0.00e+00	3.62e-04
6338	21/09/2008	01:00	1.50	330.0	1.00	9.60	112.0	0.13	9.88	1.0	-4.69	90.00	0.029	0.00e+00	3.56e-04
6339	21/09/2008	02:00	1.80	320.0	1.00	8.80	124.1	0.16	9.05	1.0	-7.46	90.00	0.039	0.00e+00	3.52e-04
6340	21/09/2008	03:00	1.00	20.0	1.00	8.90	88.9	0.09	11.99	1.0	-1.70	90.00	0.016	0.00e+00	3.53e-04
6341	21/09/2008	04:00	1.50	60.0	1.00	8.00	112.0	0.13	9.88	0.0	-4.69	90.00	0.029	0.00e+00	3.48e-04
6342	21/09/2008	05:00	1.00	0.0	1.00	7.00	88.9	0.09	11.99	1.0	-1.70	90.00	0.015	0.00e+00	3.43e-04
6343	21/09/2008	06:00	1.00	0.0	1.00	6.50	88.9	0.09	11.99	1.0	-1.70	90.00	0.015	0.00e+00	3.40e-04
6344	21/09/2008	07:00	1.30	340.0	1.00	8.70	528.2	0.18	10.70	1.0	23.78	-22.83	-0.105	2.16e-03	3.52e-04
6345	21/09/2008	08:00	1.60	20.0	1.07	9.90	761.2	0.26	9.02	5.0	81.74	-19.87	-0.252	3.63e-03	3.58e-04
6346	21/09/2008	09:00	2.10	10.0	1.39	11.40	953.7	0.33	7.90	5.0	125.34	-25.38	-0.311	4.96e-03	3.65e-04
6347	21/09/2008	10:00	1.80	340.0	1.19	13.30	1148.3	0.30	8.56	5.0	157.27	-15.86	-0.426	5.85e-03	3.75e-04
6348	21/09/2008	11:00	1.70	310.0	1.13	14.20	1268.4	0.28	8.78	7.0	111.40	-18.03	-0.325	3.92e-03	3.80e-04
6349	21/09/2008	12:00	1.80	360.0	1.20	15.40	1382.2	0.29	8.53	7.0	115.13	-19.74	-0.324	4.02e-03	3.86e-04
6350	21/09/2008	13:00	2.90	10.0	1.83	16.00	1520.1	0.41	6.88	6.0	149.87	-39.98	-0.306	5.38e-03	3.89e-04
6351	21/09/2008	14:00	2.90	20.0	1.79	17.30	1632.2	0.40	6.95	6.0	131.85	-41.85	-0.278	4.95e-03	3.96e-04
6352	21/09/2008	15:00	4.90	20.0	2.71	17.10	1701.3	0.53	5.62	7.0	77.91	-170.04	-0.123	3.06e-03	3.95e-04
6353	21/09/2008	16:00	4.90	20.0	2.71	16.60	1747.9	0.52	5.61	7.0	52.09	-242.97	-0.083	2.24e-03	3.93e-04
6354	21/09/2008	17:00	3.80	10.0	2.11	15.70	1767.2	0.40	6.36	7.0	21.60	-272.53	-0.044	1.13e-03	3.88e-04
6355	21/09/2008	18:00	2.80	10.0	1.53	14.80	162.5	0.24	7.31	8.0	-13.07	94.31	0.045	0.00e+00	3.83e-04
6356	21/09/2008	19:00	3.00	350.0	1.67	14.20	191.7	0.27	7.02	8.0	-14.71	118.72	0.045	0.00e+00	3.80e-04
6357	21/09/2008	20:00	4.20	340.0	2.36	14.00	346.8	0.41	5.95	8.0	-22.34	273.22	0.045	0.00e+00	3.79e-04
6358	21/09/2008	21:00	3.30	340.0	1.84	13.00	229.6	0.31	6.70	8.0	-16.78	152.56	0.045	0.00e+00	3.74e-04
6359	21/09/2008	22:00	3.40	360.0	1.89	12.50	210.6	0.31	6.60	7.0	-20.82	124.26	0.056	0.00e+00	3.71e-04
6360	21/09/2008	23:00	3.00	360.0	1.66	12.00	190.3	0.27	7.03	8.0	-14.78	117.16	0.045	0.00e+00	3.68e-04
6361	22/09/2008	00:00	1.60	360.0	1.00	11.10	116.2	0.14	9.57	8.0	-5.53	90.00	0.033	0.00e+00	3.64e-04
6362	22/09/2008	01:00	2.90	340.0	1.59	10.50	174.4	0.25	7.17	8.0	-14.01	103.52	0.045	0.00e+00	3.61e-04
6363	22/09/2008	02:00	2.20	350.0	1.21	9.70	138.7	0.19	8.21	7.0	-12.48	90.00	0.054	0.00e+00	3.57e-04
6364	22/09/2008	03:00	2.90	340.0	1.58	9.40	161.3	0.25	7.19	7.0	-16.83	90.00	0.056	0.00e+00	3.55e-04
6365	22/09/2008	04:00	3.50	330.0	1.89	8.70	178.6	0.30	6.57	4.0	-28.68	90.00	0.079	0.00e+00	3.52e-04
6366	22/09/2008	05:00	2.80	360.0	1.52	7.90	158.3	0.24	7.31	3.0	-23.29	90.00	0.079	0.00e+00	3.47e-04
6367	22/09/2008	06:00	2.70	350.0	1.47	7.70	155.2	0.23	7.44	5.0	-20.61	90.00	0.072	0.00e+00	3.46e-04
6368	22/09/2008	07:00	1.80	10.0	1.00	8.20	651.3	0.23	9.30	5.0	27.86	-36.53	-0.100	1.77e-03	3.49e-04
6369	22/09/2008	08:00	3.30	10.0	1.85	10.10	1127.8	0.39	6.83	1.0	83.41	-63.34	-0.174	4.22e-03	3.59e-04
6370	22/09/2008	09:00	2.30	20.0	1.51	11.30	1274.8	0.35	7.57	1.0	134.96	-28.75	-0.313	5.79e-03	3.65e-04
6371	22/09/2008	10:00	2.10	30.0	1.38	12.80	1440.3	0.34	7.93	1.0	173.10	-20.14	-0.418	6.85e-03	3.73e-04
6372	22/09/2008	11:00	2.40	10.0	1.58	13.80	1608.3	0.38	7.42	1.0	196.47	-24.12	-0.430	7.45e-03	3.78e-04
6373	22/09/2008	12:00	3.70	20.0	2.27	15.20	1768.9	0.49	6.16	1.0	202.91	-51.73	-0.343	7.64e-03	3.85e-04
6374	22/09/2008	13:00	4.50	10.0	2.58	16.00	1911.7	0.54	5.78	1.0	193.70	-71.75	-0.299	7.45e-03	3.89e-04
6375	22/09/2008	14:00	4.80	350.0	2.69	16.60	2029.4	0.55	5.65	1.0	169.16	-88.35	-0.255	6.85e-03	3.93e-04
6376	22/09/2008	15:00	5.30	10.0	2.93	17.80	2118.3	0.58	5.41	1.0	130.56	-134.59	-0.187	5.79e-03	3.99e-04
6377	22/09/2008	16:00	4.90	360.0	2.71	17.30	2174.4	0.53	5.62	2.0	84.32	-158.89	-0.132	4.19e-03	3.96e-04
6378	22/09/2008	17:00	4.50	360.0	2.50	16.20	2195.4	0.48	5.84	3.0	29.39	-325.89	-0.051	2.04e-03	3.91e-04
6379	22/09/2008	18:00	3.20	360.0	1.73	15.20	170.2	0.27	6.86	5.0	-23.65	90.00	0.072	0.00e+00	3.85e-04
6380	22/09/2008	19:00	4.70	350.0	2.62	14.70	341.1	0.45	5.64	6.0	-35.22	230.28	0.065	0.00e+00	3.83e-04
6381	22/09/2008	20:00	4.60	340.0	2.56	13.80	328.4	0.44	5.70	6.0	-34.43	218.06	0.065	0.00e+00	3.78e-04
6382	22/09/2008	21:00	2.30	360.0	1.26	12.80	142.1	0.20	8.04	6.0	-14.00	90.00	0.058	0.00e+00	3.73e-04
6383	22/09/2008	22:00	2.90	360.0	1.58	11.70	161.3	0.25	7.19	7.0	-16.70	90.00	0.056	0.00e+00	3.67e-04
6384	22/09/2008	23:00	1.40	340.0	1.00	11.00	107.7	0.12	10.21	7.0	-3.94	90.00	0.026	0.00e+00	3.63e-04
6385	23/09/2008	00:00	1.50	350.0	1.00	10.50	112.0	0.13	9.88	7.0	-4.69	90.00	0.029	0.00e+00	3.61e-04
6386	23/09/2008	01:00	2.20	340.0	1.21	9.90	138.7	0.19	8.21	8.0	-10.43	90.00	0.045	0.00e+00	3.58e-04
6387	23/09/2008	02:00	3.10	350.0	1.73	9.40	202.9	0.28	6.90	8.0	-15.65	127.72	0.045	0.00e+00	3.55e-04
6388	23/09/2008	03:00	4.20	350.0	2.36	9.40	343.8	0.41	5.95	8.0	-22.67	268.03	0.045	0.00e+00	3.55e-04
6389	23/09/2008	04:00	3.60	350.0	2.00	9.10	232.4	0.33	6.42	7.0	-22.65	141.87	0.056	0.00e+00	3.54e-04
6390	23/09/2008	05:00	3.80	350.0	2.13	8.80	290.9	0.36	6.25	8.0	-20.20	211.52	0.045	0.00e+00	3.52e-04
6391	23/09/2008	06:00	4.00	360.0	2.24	8.80	316.9	0.39	6.10	8.0	-21.46	238.73	0.045	0.00e+00	3.52e-04
6392	23/09/2008	07:00	3.40	350.0	1.90	8.90	1031.7	0.36	6.69	8.0	7.47	-541.32	-0.017	5.06e-04	3.53e-04
6393	23/09/2008	08:00	3.20	350.0	1.77	9.00	1065.3	0.35	6.95	8.0	22.96	-162.85	-0.054	1.04e-03	3.53e-04
6394	23/09/2008	09:00	2.20	360.0	1.22	9.50	1109.7	0.27	8.42	8.0	36.28	-46.48	-0.110	1.44e-03	3.56e-04
6395	23/09/2008	10:00	1.90	20.0	1.26	10.00	1219.4	0.30	8.31	7.0	98.45	-24.41	-0.267	3.56e-03	3.58e-04
6396	23/09/2008	11:00	2.30	10.0	1.48	10.70	1333.4	0.34	7.65	7.0	111.34	-31.51	-0.267	3.88e-03	3.62e-04
6397	23/09/2008	12:00	2.50	70.0	1.64	12.70	1521.6	0.39	7.28	2.0	206.42	-25.30	-0.436	7.55e-03	3.72e-04
6398	23/09/2008	13:00	1.80	30.0	1.18	14.30	1679.8	0.31	8.58	2.0	195.95	-13.62	-0.521	7.36e-03	3.80e-04
6399	23/09/2008	14:00	1.40	320.0	1.00	15.40	1805.8	0.26	9.73	3.0	170.00	-9.28	-0.540	6.62e-03	3.86e-04
6400	23/09/2008	15:00	2.20	40.0	1.42	16.00	1879.3	0.33	7.82	6.0	102.78	-30.39	-0.261	4.12e-03	3.89e-04
6401	23/09/2008	16:00	4.40	360.0	2.44	15.90	1900.8	0.46	5.90	8.0	25.03	-355.75	-0.045	1.04e-03	3.89e-04
6402	23/09/2008	17:00	4.40	360.0	2.44	15.60	1922.2	0.47	5.90	6.0	25.43	-350.47	-0.045	1.45e-03	3.87e-04
6403	23/09/2008	18:00	4.00	360.0	2.22	14.40	257.9	0.37	6.10	6.0	-28.99	155.59	0.065	0.00e+00	3.81e-04
6404	23/09/2008	19:00	3.40	350.0	1.89	13.70	211.2	0.31	6.60	7.0	-20.75	124.97	0.056	0.00e+00	3.77e-04
6405	23/09/2008	20:00	3.10	340.0	1.68	13.70	168.7	0.26	6.96	7.0	-17.74	91.34	0.056	0.00e+00	3.77e-04
6406	23/09/2008	21:00	4.00	330.0	2.23	13.60	283.0	0.38	6.10	7.0	-25.48	188.19	0.056	0.00e+00	3.77e-04
6407	23/09/2008	22:00	3.50	340.0	1.92	13.10	195.5	0.31	6.54	6.0	-24.05	105.60	0.065	0.00e+00	3.74e-04
6408	23/09/2008	23:00	3.10	360.0	1.68	11.90	167.3	0.26	6.96	5.0	-23.20	90.00	0.072	0.00e+00	3.68e-04
6409	24/09/2008	00:00	1.10	20.0	1.00	10.40	93.9	0.10	11.46	4.0	-2.15	90.00	0.018	0.00e+00	3.60e-04
6410	24/09/2008	01:00	1.00	0.0	1.00	8.90	88.9	0.09	11.99	3.0	-1.70	90.00	0.016	0.00e+00	3.53e-04
6411	24/09/2008	02:00	1.00	330.0	1.00	8.40	88.9	0.09	11.99	2.0	-1.70	90.00	0.016	0.00e+00	3.50e-04
6412	24/09/2008	03:00	1.00	0.0	1.00	7.70	88.9	0.09	11.99	1.0	-1.70	90.00	0.015	0.00e+00	3.46e-04
6413	24/09/2008	04:00	1.00	320.0	1.00	7.80	88.9	0.09	11.99	0.0	-1.70	90.00	0.015	0.00e+00	3.47e-04
6414	24/09/2008	05:00	1.00	50.0	1.00	7.00	88.9	0.09	11.99	1.0	-1.70	90.00	0.015	0.00e+00	3.43e-04
6415	24/09/2008	06:00	1.00	0.0	1.00	6.60	88.9	0.09	11.99	2.0	-1.70	90.00	0.015	0.00e+00	3.41e-04
6416	24/09/2008	07:00	1.00	0.0	1.00	8.20	477.3	0.17	11.59	5.0	24.69	-16.22	-0.121	1.66e-03	3.49e-04
6417	24/09/2008	08:00	1.80	20.0	1.18	10.40	812.2	0.28	8.57	1.0	79.65	-24.77	-0.231	4.10e-03	3.60e-04
6418	24/09/2008	09:00	1.10	330.0	1.00	11.60	997.7	0.22	10.94	1.0	131.08	-7.04	-0.491	5.69e-03	3.66e-04
6419	24/09/2008	10:00	2.00	10.0	1.32	12.90	1198.6	0.33	8.13	1.0	169.37	-18.55	-0.424	6.75e-03	3.73e-04
6420	24/09/2008	11:00	1.60	340.0	1.05	13.90	1390.7	0.29	9.11	1.0	192.74	-10.98	-0.552	7.36e-03	3.78e-04
6421	24/09/2008	12:00	2.40	340.0	1.58	15.30	1567.5	0.38	7.43	1.0	199.23	-23.88	-0.438	7.56e-03	3.86e-04
6422	24/09/2008	13:00	2.40	20.0	1.58	16.30	1719.4	0.38	7.42	1.0	189.82	-24.72	-0.421	7.36e-03	3.91e-04
6423	24/09/2008	14:00	3.20	10.0	1.99	17.30	1843.1	0.44	6.59	1.0	165.02	-44.77	-0.316	6.75e-03	3.96e-04
6424	24/09/2008	15:00	4.30	20.0	2.40	17.20	1935.7	0.49	5.98	1.0	127.45	-84.19	-0.215	5.69e-03	3.96e-04
6425	24/09/2008	16:00	4.10	360.0	2.27	16.80	1991.1	0.46	6.16	1.0	78.40	-108.19	-0.143	4.10e-03	3.94e-04
6426	24/09/2008	17:00	4.20	10.0	2.33	15.70	2009.6	0.44	6.04	2.0	23.52	-331.45	-0.044	1.94e-03	3.88e-04
6427	24/09/2008	18:00	2.50	360.0	1.37	14.00	148.8	0.21	7.72	3.0	-17.36	90.00	0.067	0.00e+00	3.79e-04
6428	24/09/2008	19:00	2.00	330.0	1.10	13.20	131.6	0.17	8.60	4.0	-9.77	90.00	0.047	0.00e+00	3.75e-04
6429	24/09/2008	20:00	3.50	340.0	1.89	13.30	178.6	0.30	6.57	5.0	-25.96	90.00	0.072	0.00e+00	3.75e-04
6430	24/09/2008	21:00	2.30	340.0	1.26	12.50	142.1	0.20	8.04	6.0	-14.00	90.00	0.058	0.00e+00	3.71e-04
6431	24/09/2008	22:00	3.00	340.0	1.63	12.60	164.3	0.25	7.07	7.0	-17.20	90.00	0.056	0.00e+00	3.72e-04
6432	24/09/2008	23:00	4.20	350.0	2.34	12.10	306.7	0.40	5.96	7.0	-27.14	210.22	0.056	0.00e+00	3.69e-04
6433	25/09/2008	00:00	1.90	10.0	1.05	10.70	127.9	0.16	8.82	7.0	-8.57	90.00	0.043	0.00e+00	3.62e-04
6434	25/09/2008	01:00	1.70	360.0	1.00	10.10	120.2	0.15	9.30	8.0	-6.45	90.00	0.036	0.00e+00	3.59e-04
6435	25/09/2008	02:00	2.50	360.0	1.37	9.50	148.8	0.21	7.72	8.0	-11.82	90.00	0.045	0.00e+00	3.56e-04
6436	25/09/2008	03:00	1.30	30.0	1.00	9.50	103.3	0.11	10.58	8.0	-3.27	90.00	0.023	0.00e+00	3.56e-04
6437	25/09/2008	04:00	2.40	350.0	1.31	9.80	145.5	0.21	7.88	7.0	-14.01	90.00	0.056	0.00e+00	3.57e-04
6438	25/09/2008	05:00	3.20	360.0	1.75	10.00	180.2	0.28	6.84	7.0	-18.89	99.64	0.056	0.00e+00	3.58e-04
6439	25/09/2008	06:00	3.10	10.0	1.68	10.20	167.3	0.26	6.96	7.0	-17.90	90.00	0.056	0.00e+00	3.59e-04
6440	25/09/2008	07:00	3.10	360.0	1.73	10.50	945.4	0.33	7.01	8.0	7.20	-432.45	-0.018	4.71e-04	3.61e-04
6441	25/09/2008	08:00	4.40	10.0	2.44	11.10	1339.3	0.46	5.90	8.0	22.59	-391.63	-0.040	1.01e-03	3.64e-04
6442	25/09/2008	09:00	3.60	350.0	2.00	11.70	1414.2	0.41	6.57	7.0	75.02	-82.39	-0.149	2.95e-03	3.67e-04
6443	25/09/2008	10:00	2.50	360.0	1.61	12.30	1529.9	0.37	7.34	6.0	130.03	-33.65	-0.291	4.82e-03	3.70e-04
6444	25/09/2008	11:00	3.30	20.0	2.04	14.20	1672.0	0.45	6.51	5.0	171.03	-46.29	-0.316	6.21e-03	3.80e-04
6445	25/09/2008	12:00	3.40	360.0	2.12	15.40	1818.0	0.46	6.38	4.0	191.39	-46.46	-0.342	6.99e-03	3.86e-04
6446	25/09/2008	13:00	3.00	360.0	1.91	17.20	1937.1	0.42	6.74	5.0	168.05	-40.28	-0.331	6.21e-03	3.96e-04
6447	25/09/2008	14:00	6.90	350.0	3.81	16.60	2093.7	0.73	4.73	7.0	94.16	-359.00	-0.108	3.51e-03	3.93e-04
6448	25/09/2008	15:00	5.80	360.0	3.21	16.80	2147.3	0.62	5.16	7.0	74.30	-277.52	-0.101	2.95e-03	3.94e-04
6449	25/09/2008	16:00	6.40	350.0	3.55	17.20	2186.6	0.67	4.89	7.0	48.55	-543.53	-0.061	2.12e-03	3.96e-04
6450	25/09/2008	17:00	4.90	360.0	2.73	16.70	2202.0	0.51	5.58	7.0	18.38	-645.54	-0.030	9.86e-04	3.93e-04
6451	25/09/2008	18:00	5.00	360.0	2.80	15.30	411.0	0.49	5.46	7.0	-32.88	318.94	0.056	0.00e+00	3.86e-04
6452	25/09/2008	19:00	5.40	360.0	3.03	14.40	463.4	0.53	5.26	7.0	-35.94	377.50	0.056	0.00e+00	3.81e-04
6453	25/09/2008	20:00	3.40	360.0	1.89	13.70	211.2	0.31	6.60	7.0	-20.75	124.97	0.056	0.00e+00	3.77e-04
6454	25/09/2008	21:00	4.10	360.0	2.29	13.00	295.0	0.39	6.03	7.0	-26.30	199.22	0.056	0.00e+00	3.74e-04
6455	25/09/2008	22:00	3.00	350.0	1.63	12.30	164.3	0.25	7.07	7.0	-17.22	90.00	0.056	0.00e+00	3.70e-04
6456	25/09/2008	23:00	4.20	350.0	2.34	11.80	306.5	0.40	5.96	7.0	-27.17	209.95	0.056	0.00e+00	3.67e-04
6457	26/09/2008	00:00	4.20	350.0	2.34	11.10	306.1	0.40	5.96	7.0	-27.23	209.32	0.056	0.00e+00	3.64e-04
6458	26/09/2008	01:00	1.70	360.0	1.00	10.30	120.2	0.15	9.30	7.0	-6.45	90.00	0.036	0.00e+00	3.60e-04
6459	26/09/2008	02:00	2.50	360.0	1.37	10.70	148.8	0.21	7.72	8.0	-11.77	90.00	0.045	0.00e+00	3.62e-04
6460	26/09/2008	03:00	3.50	350.0	1.96	10.60	253.5	0.33	6.51	8.0	-18.19	174.75	0.045	0.00e+00	3.61e-04
6461	26/09/2008	04:00	3.00	350.0	1.66	10.60	189.4	0.27	7.03	8.0	-14.83	116.17	0.045	0.00e+00	3.61e-04
6462	26/09/2008	05:00	2.60	340.0	1.42	10.60	152.0	0.22	7.58	7.0	-15.09	90.00	0.056	0.00e+00	3.61e-04
6463	26/09/2008	06:00	3.00	340.0	1.66	10.60	189.4	0.27	7.03	8.0	-14.83	116.17	0.045	0.00e+00	3.61e-04
6464	26/09/2008	07:00	3.40	360.0	1.90	10.60	1030.2	0.36	6.69	8.0	6.78	-593.69	-0.016	4.53e-04	3.61e-04
6465	26/09/2008	08:00	2.20	340.0	1.21	10.80	1059.2	0.25	8.44	8.0	22.04	-66.25	-0.071	9.95e-04	3.62e-04
6466	26/09/2008	09:00	2.70	320.0	1.54	11.80	1149.3	0.34	7.49	7.0	74.04	-46.06	-0.180	2.92e-03	3.67e-04
6467	26/09/2008	10:00	2.10	350.0	1.36	12.70	1252.6	0.31	8.00	7.0	94.45	-29.28	-0.247	3.49e-03	3.72e-04
6468	26/09/2008	11:00	2.10	350.0	1.39	13.90	1395.9	0.33	7.91	6.0	145.17	-22.83	-0.358	5.23e-03	3.78e-04
6469	26/09/2008	12:00	1.40	360.0	1.00	15.30	1567.3	0.27	9.74	3.0	196.36	-8.43	-0.614	7.28e-03	3.86e-04
6470	26/09/2008	13:00	3.00	330.0	1.86	16.30	1684.9	0.41	6.82	6.0	143.31	-42.75	-0.291	5.23e-03	3.91e-04
6471	26/09/2008	14:00	3.20	20.0	1.89	16.40	1782.3	0.41	6.76	6.0	126.11	-48.98	-0.255	4.78e-03	3.92e-04
6472	26/09/2008	15:00	3.70	350.0	2.07	16.60	1856.3	0.43	6.45	6.0	98.79	-72.22	-0.191	4.01e-03	3.93e-04
6473	26/09/2008	16:00	1.70	350.0	1.10	16.70	1900.5	0.26	8.90	6.0	63.35	-24.86	-0.202	2.86e-03	3.93e-04
6474	26/09/2008	17:00	2.60	360.0	1.44	16.50	1913.2	0.29	7.73	7.0	17.39	-121.14	-0.050	9.49e-04	3.92e-04
6475	26/09/2008	18:00	3.40	340.0	1.89	15.50	212.1	0.31	6.60	7.0	-20.65	126.03	0.056	0.00e+00	3.87e-04
6476	26/09/2008	19:00	2.60	340.0	1.42	14.40	152.0	0.22	7.58	7.0	-14.89	90.00	0.056	0.00e+00	3.81e-04
6477	26/09/2008	20:00	2.20	340.0	1.21	14.00	138.7	0.19	8.21	8.0	-10.28	90.00	0.045	0.00e+00	3.79e-04
6478	26/09/2008	21:00	2.00	330.0	1.10	13.60	131.6	0.17	8.60	8.0	-9.40	90.00	0.045	0.00e+00	3.77e-04
6479	26/09/2008	22:00	1.00	300.0	1.00	12.40	88.9	0.09	11.99	7.0	-1.70	90.00	0.016	0.00e+00	3.71e-04
6480	26/09/2008	23:00	1.00	190.0	1.00	10.50	88.9	0.09	11.99	6.0	-1.70	90.00	0.016	0.00e+00	3.61e-04
6481	27/09/2008	00:00	1.30	90.0	1.00	9.70	103.3	0.11	10.58	5.0	-3.27	90.00	0.023	0.00e+00	3.57e-04
6482	27/09/2008	01:00	1.00	70.0	1.00	9.20	88.9	0.09	11.99	4.0	-1.70	90.00	0.016	0.00e+00	3.54e-04
6483	27/09/2008	02:00	1.00	0.0	1.00	8.00	88.9	0.09	11.99	3.0	-1.70	90.00	0.015	0.00e+00	3.48e-04
6484	27/09/2008	03:00	1.00	290.0	1.00	7.50	88.9	0.09	11.99	1.0	-1.70	90.00	0.015	0.00e+00	3.45e-04
6485	27/09/2008	04:00	1.00	0.0	1.00	7.70	88.9	0.09	11.99	0.0	-1.70	90.00	0.015	0.00e+00	3.46e-04
6486	27/09/2008	05:00	1.00	40.0	1.00	7.20	88.9	0.09	11.99	0.0	-1.70	90.00	0.015	0.00e+00	3.44e-04
6487	27/09/2008	06:00	1.00	0.0	1.00	6.60	88.9	0.09	11.99	0.0	-1.70	90.00	0.015	0.00e+00	3.41e-04
6488	27/09/2008	07:00	1.00	0.0	1.00	9.00	383.2	0.13	12.59	0.0	9.36	-22.15	-0.057	1.74e-03	3.53e-04
6489	27/09/2008	08:00	1.00	350.0	1.00	10.00	574.3	0.19	11.40	0.0	70.89	-8.85	-0.301	3.92e-03	3.58e-04
6490	27/09/2008	09:00	1.00	320.0	1.00	12.00	802.1	0.20	11.47	0.0	122.07	-6.20	-0.490	5.53e-03	3.68e-04
6491	27/09/2008	10:00	1.00	300.0	1.00	13.90	1026.7	0.21	11.50	0.0	159.75	-5.21	-0.625	6.62e-03	3.78e-04
6492	27/09/2008	11:00	1.80	290.0	1.18	14.90	1240.6	0.31	8.58	1.0	186.10	-14.12	-0.498	7.23e-03	3.84e-04
6493	27/09/2008	12:00	2.00	340.0	1.31	16.30	1429.6	0.33	8.14	1.0	192.63	-16.95	-0.482	7.43e-03	3.91e-04
6494	27/09/2008	13:00	1.90	350.0	1.25	17.20	1588.7	0.32	8.35	1.0	183.50	-15.84	-0.479	7.23e-03	3.96e-04
6495	27/09/2008	14:00	1.00	270.0	1.00	17.70	1714.0	0.21	11.50	1.0	159.42	-5.22	-0.632	6.61e-03	3.99e-04
6496	27/09/2008	15:00	3.60	40.0	2.05	17.80	1808.0	0.44	6.48	1.0	121.91	-60.32	-0.234	5.53e-03	3.99e-04
6497	27/09/2008	16:00	3.40	30.0	1.89	17.00	1862.4	0.39	6.75	1.0	73.18	-73.74	-0.155	3.92e-03	3.95e-04
6498	27/09/2008	17:00	3.20	10.0	1.78	16.00	1874.9	0.34	6.93	1.0	15.50	-231.49	-0.038	1.74e-03	3.89e-04
6499	27/09/2008	18:00	1.90	10.0	1.05	14.10	127.9	0.16	8.82	1.0	-8.57	90.00	0.043	0.00e+00	3.79e-04
6500	27/09/2008	19:00	1.00	0.0	1.00	12.40	88.9	0.09	11.99	1.0	-1.70	90.00	0.016	0.00e+00	3.71e-04
6501	27/09/2008	20:00	1.00	0.0	1.00	10.90	88.9	0.09	11.99	1.0	-1.70	90.00	0.016	0.00e+00	3.63e-04
6502	27/09/2008	21:00	1.00	180.0	1.00	9.80	88.9	0.09	11.99	1.0	-1.70	90.00	0.016	0.00e+00	3.57e-04
6503	27/09/2008	22:00	1.00	180.0	1.00	9.90	88.9	0.09	11.99	0.0	-1.70	90.00	0.016	0.00e+00	3.58e-04
6504	27/09/2008	23:00	1.00	150.0	1.00	8.90	88.9	0.09	11.99	0.0	-1.70	90.00	0.016	0.00e+00	3.53e-04
6505	28/09/2008	00:00	1.00	0.0	1.00	8.20	88.9	0.09	11.99	0.0	-1.70	90.00	0.016	0.00e+00	3.49e-04
6506	28/09/2008	01:00	1.00	160.0	1.00	7.80	88.9	0.09	11.99	0.0	-1.70	90.00	0.015	0.00e+00	3.47e-04
6507	28/09/2008	02:00	1.00	0.0	1.00	7.50	88.9	0.09	11.99	0.0	-1.70	90.00	0.015	0.00e+00	3.45e-04
6508	28/09/2008	03:00	1.00	170.0	1.00	7.00	88.9	0.09	11.99	0.0	-1.70	90.00	0.015	0.00e+00	3.43e-04
6509	28/09/2008	04:00	1.00	130.0	1.00	6.90	88.9	0.09	11.99	0.0	-1.70	90.00	0.015	0.00e+00	3.42e-04
6510	28/09/2008	05:00	1.00	90.0	1.00	6.40	88.9	0.09	11.99	1.0	-1.70	90.00	0.015	0.00e+00	3.40e-04
6511	28/09/2008	06:00	1.00	0.0	1.00	6.10	88.9	0.09	11.99	1.0	-1.70	90.00	0.015	0.00e+00	3.38e-04
6512	28/09/2008	07:00	1.00	0.0	1.00	7.60	410.6	0.14	12.34	2.0	13.63	-18.71	-0.077	1.66e-03	3.46e-04
6513	28/09/2008	08:00	1.00	0.0	1.00	9.50	595.8	0.19	11.40	1.0	72.45	-8.73	-0.306	3.86e-03	3.56e-04
6514	28/09/2008	09:00	1.00	160.0	1.00	12.70	819.5	0.20	11.47	1.0	123.01	-6.17	-0.494	5.47e-03	3.72e-04
6515	28/09/2008	10:00	1.10	250.0	1.00	14.60	1041.9	0.22	10.97	1.0	160.40	-6.17	-0.594	6.56e-03	3.82e-04
6516	28/09/2008	11:00	1.60	290.0	1.05	15.60	1250.1	0.29	9.10	1.0	183.48	-11.36	-0.532	7.19e-03	3.87e-04
6517	28/09/2008	12:00	1.70	330.0	1.12	16.80	1435.2	0.30	8.83	1.0	190.25	-12.45	-0.531	7.39e-03	3.94e-04
6518	28/09/2008	13:00	2.20	360.0	1.45	18.00	1594.4	0.35	7.75	2.0	182.79	-21.28	-0.434	7.14e-03	4.00e-04
6519	28/09/2008	14:00	1.00	340.0	1.00	19.50	1719.1	0.21	11.50	2.0	158.26	-5.24	-0.632	6.52e-03	4.08e-04
6520	28/09/2008	15:00	1.00	320.0	1.00	19.60	1809.2	0.20	11.47	2.0	121.61	-6.21	-0.501	5.44e-03	4.09e-04
6521	28/09/2008	16:00	1.90	20.0	1.22	18.80	1862.7	0.28	8.45	2.0	73.95	-27.64	-0.218	3.83e-03	4.04e-04
6522	28/09/2008	17:00	2.20	20.0	1.21	17.90	1875.6	0.25	8.44	2.0	17.61	-79.09	-0.059	1.66e-03	4.00e-04
6523	28/09/2008	18:00	1.90	30.0	1.05	15.70	127.9	0.16	8.82	2.0	-8.57	90.00	0.043	0.00e+00	3.88e-04
6524	28/09/2008	19:00	1.00	180.0	1.00	14.10	88.9	0.09	11.99	1.0	-1.70	90.00	0.016	0.00e+00	3.79e-04
6525	28/09/2008	20:00	1.00	250.0	1.00	12.40	88.9	0.09	11.99	1.0	-1.70	90.00	0.016	0.00e+00	3.71e-04
6526	28/09/2008	21:00	1.00	190.0	1.00	11.40	88.9	0.09	11.99	1.0	-1.70	90.00	0.016	0.00e+00	3.65e-04
6527	28/09/2008	22:00	1.20	150.0	1.00	10.50	98.7	0.11	10.99	1.0	-2.67	90.00	0.021	0.00e+00	3.61e-04
6528	28/09/2008	23:00	1.00	220.0	1.00	9.70	88.9	0.09	11.99	1.0	-1.70	90.00	0.016	0.00e+00	3.57e-04
6529	29/09/2008	00:00	1.20	180.0	1.00	9.50	98.7	0.11	10.99	0.0	-2.67	90.00	0.021	0.00e+00	3.56e-04
6530	29/09/2008	01:00	1.00	190.0	1.00	8.70	88.9	0.09	11.99	0.0	-1.70	90.00	0.016	0.00e+00	3.52e-04
6531	29/09/2008	02:00	1.00	110.0	1.00	8.20	88.9	0.09	11.99	0.0	-1.70	90.00	0.016	0.00e+00	3.49e-04
6532	29/09/2008	03:00	1.00	0.0	1.00	7.60	88.9	0.09	11.99	0.0	-1.70	90.00	0.015	0.00e+00	3.46e-04
6533	29/09/2008	04:00	1.00	180.0	1.00	7.20	88.9	0.09	11.99	0.0	-1.70	90.00	0.015	0.00e+00	3.44e-04
6534	29/09/2008	05:00	1.00	190.0	1.00	7.20	88.9	0.09	11.99	0.0	-1.70	90.00	0.015	0.00e+00	3.44e-04
6535	29/09/2008	06:00	1.00	120.0	1.00	7.40	88.9	0.09	11.99	1.0	-1.70	90.00	0.015	0.00e+00	3.45e-04
6536	29/09/2008	07:00	1.00	0.0	1.00	9.10	360.8	0.12	12.66	0.0	5.70	-30.33	-0.037	1.60e-03	3.54e-04
6537	29/09/2008	08:00	1.00	0.0	1.00	10.80	551.6	0.19	11.39	0.0	67.06	-9.19	-0.287	3.80e-03	3.62e-04
6538	29/09/2008	09:00	1.00	0.0	1.00	14.60	779.4	0.20	11.46	0.0	116.91	-6.37	-0.476	5.42e-03	3.82e-04
6539	29/09/2008	10:00	1.00	160.0	1.00	16.40	1007.4	0.21	11.50	1.0	156.98	-5.27	-0.621	6.52e-03	3.92e-04
6540	29/09/2008	11:00	1.30	220.0	1.00	18.30	1218.9	0.25	10.10	3.0	179.85	-7.79	-0.601	6.95e-03	4.02e-04
6541	29/09/2008	12:00	1.20	220.0	1.00	19.60	1404.9	0.24	10.52	3.0	186.26	-6.57	-0.654	7.15e-03	4.09e-04
6542	29/09/2008	13:00	1.70	50.0	1.12	20.70	1563.1	0.30	8.83	3.0	177.57	-13.05	-0.506	6.95e-03	4.15e-04
6543	29/09/2008	14:00	1.50	330.0	1.00	21.60	1689.3	0.27	9.38	2.0	155.05	-11.25	-0.487	6.48e-03	4.20e-04
6544	29/09/2008	15:00	1.80	340.0	1.19	20.60	1780.6	0.30	8.53	2.0	119.50	-19.23	-0.341	5.39e-03	4.14e-04
6545	29/09/2008	16:00	2.40	10.0	1.42	20.10	1835.3	0.32	7.82	3.0	73.56	-38.34	-0.196	3.70e-03	4.11e-04
6546	29/09/2008	17:00	1.30	360.0	1.00	19.30	1850.2	0.18	10.83	4.0	20.62	-23.89	-0.098	1.49e-03	4.07e-04
6547	29/09/2008	18:00	2.90	10.0	1.58	17.10	161.3	0.25	7.19	5.0	-21.37	90.00	0.072	0.00e+00	3.95e-04
6548	29/09/2008	19:00	3.40	360.0	1.85	15.20	183.1	0.29	6.65	6.0	-22.76	96.68	0.065	0.00e+00	3.85e-04
6549	29/09/2008	20:00	3.00	360.0	1.63	14.60	164.3	0.25	7.07	6.0	-19.89	90.00	0.065	0.00e+00	3.82e-04
6550	29/09/2008	21:00	1.00	0.0	1.00	14.40	88.9	0.09	11.99	7.0	-1.70	90.00	0.016	0.00e+00	3.81e-04
6551	29/09/2008	22:00	1.20	180.0	1.00	13.60	98.7	0.11	10.99	7.0	-2.67	90.00	0.021	0.00e+00	3.77e-04
6552	29/09/2008	23:00	1.00	210.0	1.00	12.70	88.9	0.09	11.99	6.0	-1.70	90.00	0.016	0.00e+00	3.72e-04
6553	30/09/2008	00:00	1.00	0.0	1.00	11.30	88.9	0.09	11.99	5.0	-1.70	90.00	0.016	0.00e+00	3.65e-04
6554	30/09/2008	01:00	1.00	0.0	1.00	10.30	88.9	0.09	11.99	5.0	-1.70	90.00	0.016	0.00e+00	3.60e-04
6555	30/09/2008	02:00	1.00	0.0	1.00	9.70	88.9	0.09	11.99	4.0	-1.70	90.00	0.016	0.00e+00	3.57e-04
6556	30/09/2008	03:00	1.00	160.0	1.00	9.40	88.9	0.09	11.99	5.0	-1.70	90.00	0.016	0.00e+00	3.55e-04
6557	30/09/2008	04:00	1.00	220.0	1.00	9.20	88.9	0.09	11.99	4.0	-1.70	90.00	0.016	0.00e+00	3.54e-04
6558	30/09/2008	05:00	1.00	310.0	1.00	9.10	88.9	0.09	11.99	5.0	-1.70	90.00	0.016	0.00e+00	3.54e-04
6559	30/09/2008	06:00	1.00	0.0	1.00	9.60	88.9	0.09	11.99	7.0	-1.70	90.00	0.016	0.00e+00	3.56e-04
6560	30/09/2008	07:00	1.00	10.0	1.00	10.70	395.3	0.14	12.50	7.0	11.29	-20.14	-0.067	8.01e-04	3.62e-04
6561	30/09/2008	08:00	1.00	340.0	1.00	11.90	555.3	0.19	11.37	6.0	58.28	-10.09	-0.254	2.68e-03	3.68e-04
6562	30/09/2008	09:00	1.60	350.0	1.06	14.60	789.6	0.27	9.05	4.0	117.93	-15.37	-0.357	4.99e-03	3.82e-04
6563	30/09/2008	10:00	1.60	310.0	1.06	17.20	1017.2	0.28	9.09	3.0	156.24	-12.67	-0.463	6.30e-03	3.96e-04
6564	30/09/2008	11:00	2.10	350.0	1.38	17.20	1222.3	0.34	7.93	4.0	173.52	-20.11	-0.426	6.59e-03	3.96e-04
6565	30/09/2008	12:00	2.80	310.0	1.82	17.80	1406.4	0.41	6.89	4.0	180.39	-34.80	-0.365	6.78e-03	3.99e-04
6566	30/09/2008	13:00	3.20	30.0	1.92	18.00	1532.6	0.42	6.70	6.0	137.04	-47.70	-0.274	5.10e-03	4.00e-04
6567	30/09/2008	14:00	2.40	320.0	1.47	18.20	1608.5	0.33	7.68	7.0	89.18	-36.21	-0.225	3.39e-03	4.01e-04
6568	30/09/2008	15:00	1.00	290.0	1.00	18.10	1636.8	0.18	11.32	8.0	35.01	-14.17	-0.165	1.34e-03	4.01e-04
6569	30/09/2008	16:00	1.80	50.0	1.00	17.70	1655.4	0.22	9.34	8.0	22.69	-41.50	-0.086	9.34e-04	3.99e-04
6570	30/09/2008	17:00	2.00	40.0	1.11	17.00	1662.2	0.22	8.80	8.0	8.10	-119.39	-0.030	3.82e-04	3.95e-04
6571	30/09/2008	18:00	1.50	100.0	1.00	15.40	112.0	0.13	9.88	8.0	-4.69	90.00	0.030	0.00e+00	3.86e-04
6572	30/09/2008	19:00	2.60	150.0	1.42	14.50	152.0	0.22	7.58	8.0	-12.06	90.00	0.045	0.00e+00	3.82e-04
6573	30/09/2008	20:00	1.00	30.0	1.00	13.30	88.9	0.09	11.99	8.0	-1.70	90.00	0.016	0.00e+00	3.75e-04
6574	30/09/2008	21:00	1.00	0.0	1.00	13.40	88.9	0.09	11.99	8.0	-1.70	90.00	0.016	0.00e+00	3.76e-04
6575	30/09/2008	22:00	1.30	60.0	1.00	13.50	103.3	0.11	10.58	8.0	-3.27	90.00	0.024	0.00e+00	3.76e-04
6576	30/09/2008	23:00	1.00	0.0	1.00	14.20	88.9	0.09	11.99	8.0	-1.70	90.00	0.016	0.00e+00	3.80e-04
