i	Date	Heure	Uext	Direct	Uh	To	h	us	sigmatheta	Cld	Fo	Lmo	thetas	k1	k3
1	01/01/2008	00:00	2.10	360.0	1.16	0.40	135.2	0.18	8.40	8.0	-10.37	90.00	0.045	0.00e+00	3.12e-04
2	01/01/2008	01:00	2.40	10.0	1.31	1.30	145.5	0.21	7.88	8.0	-11.76	90.00	0.045	0.00e+00	3.16e-04
3	01/01/2008	02:00	3.50	10.0	1.95	1.40	248.4	0.33	6.51	8.0	-18.80	167.57	0.045	0.00e+00	3.17e-04
4	01/01/2008	03:00	3.00	10.0	1.65	1.30	183.5	0.27	7.04	8.0	-15.22	109.64	0.045	0.00e+00	3.16e-04
5	01/01/2008	04:00	2.00	10.0	1.10	1.60	131.6	0.17	8.60	8.0	-9.82	90.00	0.045	0.00e+00	3.18e-04
6	01/01/2008	05:00	1.50	110.0	1.00	0.70	112.0	0.13	9.88	7.0	-4.71	90.00	0.028	0.00e+00	3.13e-04
7	01/01/2008	06:00	1.80	120.0	1.00	0.20	124.1	0.16	9.05	8.0	-7.50	90.00	0.038	0.00e+00	3.11e-04
8	01/01/2008	07:00	1.80	120.0	1.00	0.00	124.1	0.16	9.05	8.0	-7.50	90.00	0.038	0.00e+00	3.10e-04
9	01/01/2008	08:00	2.10	90.0	1.16	0.10	135.2	0.18	8.40	7.0	-9.71	90.00	0.042	1.40e-04	3.11e-04
10	01/01/2008	09:00	1.90	100.0	1.05	0.20	604.2	0.21	9.02	8.0	5.90	-138.28	-0.022	5.49e-04	3.11e-04
11	01/01/2008	10:00	1.90	80.0	1.04	0.50	639.8	0.22	9.10	8.0	16.10	-60.10	-0.057	8.79e-04	3.12e-04
12	01/01/2008	11:00	1.80	110.0	1.10	0.90	739.9	0.26	8.88	7.0	52.54	-28.53	-0.161	2.24e-03	3.14e-04
13	01/01/2008	12:00	1.60	80.0	1.03	1.10	831.7	0.25	9.17	7.0	57.03	-23.68	-0.181	2.38e-03	3.15e-04
14	01/01/2008	13:00	1.00	60.0	1.00	1.50	906.4	0.19	11.36	7.0	52.46	-10.86	-0.222	2.24e-03	3.17e-04
15	01/01/2008	14:00	2.00	60.0	1.13	1.60	960.3	0.25	8.76	7.0	39.25	-37.01	-0.122	1.84e-03	3.18e-04
16	01/01/2008	15:00	2.10	50.0	1.15	1.20	985.2	0.24	8.64	7.0	18.18	-69.21	-0.059	1.15e-03	3.16e-04
17	01/01/2008	16:00	2.20	60.0	1.21	0.90	138.7	0.19	8.21	7.0	-9.40	90.00	0.039	1.40e-04	3.14e-04
18	01/01/2008	17:00	2.10	70.0	1.16	0.70	135.2	0.18	8.40	8.0	-10.36	90.00	0.045	0.00e+00	3.13e-04
19	01/01/2008	18:00	1.80	80.0	1.00	0.70	124.1	0.16	9.05	8.0	-7.50	90.00	0.038	0.00e+00	3.13e-04
20	01/01/2008	19:00	1.40	110.0	1.00	0.40	107.7	0.12	10.21	8.0	-3.96	90.00	0.025	0.00e+00	3.12e-04
21	01/01/2008	20:00	1.00	30.0	1.00	0.30	88.9	0.09	11.99	8.0	-1.71	90.00	0.015	0.00e+00	3.11e-04
22	01/01/2008	21:00	1.00	0.0	1.00	0.20	88.9	0.09	11.99	8.0	-1.71	90.00	0.015	0.00e+00	3.11e-04
23	01/01/2008	22:00	1.40	130.0	1.00	-0.30	107.7	0.12	10.21	8.0	-3.96	90.00	0.025	0.00e+00	3.09e-04
24	01/01/2008	23:00	1.00	110.0	1.00	-0.60	88.9	0.09	11.99	8.0	-1.71	90.00	0.015	0.00e+00	3.07e-04
25	02/01/2008	00:00	1.20	120.0	1.00	-0.80	98.7	0.11	10.99	8.0	-2.68	90.00	0.020	0.00e+00	3.06e-04
26	02/01/2008	01:00	1.00	0.0	1.00	-1.90	88.9	0.09	11.99	8.0	-1.71	90.00	0.015	0.00e+00	3.01e-04
27	02/01/2008	02:00	1.00	140.0	1.00	-1.80	88.9	0.09	11.99	8.0	-1.71	90.00	0.015	0.00e+00	3.01e-04
28	02/01/2008	03:00	1.00	0.0	1.00	-1.60	88.9	0.09	11.99	8.0	-1.71	90.00	0.015	0.00e+00	3.02e-04
29	02/01/2008	04:00	1.00	120.0	1.00	-1.60	88.9	0.09	11.99	7.0	-1.71	90.00	0.015	0.00e+00	3.02e-04
30	02/01/2008	05:00	1.10	100.0	1.00	-1.90	93.9	0.10	11.46	6.0	-2.16	90.00	0.017	0.00e+00	3.01e-04
31	02/01/2008	06:00	1.00	100.0	1.00	-2.30	88.9	0.09	11.99	7.0	-1.71	90.00	0.015	0.00e+00	2.99e-04
32	02/01/2008	07:00	1.00	0.0	1.00	-2.50	88.9	0.09	11.99	2.0	-1.71	90.00	0.015	0.00e+00	2.98e-04
33	02/01/2008	08:00	1.00	0.0	1.00	-2.80	88.9	0.09	11.99	3.0	-1.71	90.00	0.015	2.78e-04	2.97e-04
34	02/01/2008	09:00	1.00	0.0	1.00	-1.20	497.3	0.17	11.42	5.0	29.75	-15.30	-0.134	1.88e-03	3.04e-04
35	02/01/2008	10:00	1.00	0.0	1.00	-0.20	637.6	0.19	11.38	5.0	64.35	-9.47	-0.265	3.00e-03	3.09e-04
36	02/01/2008	11:00	1.00	340.0	1.00	0.80	766.2	0.19	11.40	6.0	73.20	-8.69	-0.298	3.09e-03	3.14e-04
37	02/01/2008	12:00	1.00	270.0	1.00	2.90	884.4	0.19	11.41	6.0	78.66	-8.29	-0.320	3.27e-03	3.24e-04
38	02/01/2008	13:00	1.20	360.0	1.00	4.10	996.2	0.22	10.42	5.0	84.30	-11.14	-0.305	3.65e-03	3.30e-04
39	02/01/2008	14:00	1.60	360.0	1.06	5.00	1078.5	0.26	9.06	4.0	67.31	-22.21	-0.209	3.28e-03	3.35e-04
40	02/01/2008	15:00	1.20	10.0	1.00	4.60	1109.0	0.18	10.86	6.0	26.39	-20.14	-0.116	1.59e-03	3.33e-04
41	02/01/2008	16:00	1.00	120.0	1.00	3.70	88.9	0.09	11.99	7.0	-1.71	90.00	0.015	1.49e-04	3.28e-04
42	02/01/2008	17:00	2.20	130.0	1.21	4.30	138.7	0.19	8.21	7.0	-12.54	90.00	0.053	0.00e+00	3.31e-04
43	02/01/2008	18:00	2.50	120.0	1.37	3.70	148.8	0.21	7.72	7.0	-14.96	90.00	0.056	0.00e+00	3.28e-04
44	02/01/2008	19:00	3.10	130.0	1.68	3.70	167.3	0.26	6.96	7.0	-18.41	90.00	0.056	0.00e+00	3.28e-04
45	02/01/2008	20:00	3.10	130.0	1.68	2.80	167.3	0.26	6.96	7.0	-18.47	90.00	0.056	0.00e+00	3.24e-04
46	02/01/2008	21:00	1.00	80.0	1.00	2.70	88.9	0.09	11.99	8.0	-1.71	90.00	0.015	0.00e+00	3.23e-04
47	02/01/2008	22:00	1.70	330.0	1.00	2.30	120.2	0.15	9.30	8.0	-6.48	90.00	0.035	0.00e+00	3.21e-04
48	02/01/2008	23:00	1.30	50.0	1.00	2.10	103.3	0.11	10.58	8.0	-3.28	90.00	0.023	0.00e+00	3.20e-04
49	03/01/2008	00:00	2.00	120.0	1.10	3.10	131.6	0.17	8.60	8.0	-9.80	90.00	0.045	0.00e+00	3.25e-04
50	03/01/2008	01:00	3.30	120.0	1.84	3.20	224.5	0.31	6.70	8.0	-17.36	145.77	0.045	0.00e+00	3.26e-04
51	03/01/2008	02:00	3.60	120.0	2.01	3.20	262.0	0.34	6.42	8.0	-19.35	181.09	0.045	0.00e+00	3.26e-04
52	03/01/2008	03:00	1.00	260.0	1.00	3.10	88.9	0.09	11.99	8.0	-1.71	90.00	0.015	0.00e+00	3.25e-04
53	03/01/2008	04:00	2.30	120.0	1.26	2.60	142.1	0.20	8.04	8.0	-11.23	90.00	0.045	0.00e+00	3.23e-04
54	03/01/2008	05:00	2.80	100.0	1.52	2.40	158.3	0.24	7.31	8.0	-13.58	90.00	0.045	0.00e+00	3.22e-04
55	03/01/2008	06:00	3.80	120.0	2.13	2.30	286.9	0.36	6.25	8.0	-20.72	205.53	0.045	0.00e+00	3.21e-04
56	03/01/2008	07:00	1.30	30.0	1.00	2.40	103.3	0.11	10.58	8.0	-3.28	90.00	0.023	0.00e+00	3.22e-04
57	03/01/2008	08:00	1.80	180.0	1.00	2.60	124.1	0.16	9.05	8.0	-6.17	90.00	0.031	7.60e-05	3.23e-04
58	03/01/2008	09:00	3.80	120.0	2.12	3.50	1145.7	0.40	6.32	8.0	7.05	-789.15	-0.014	5.57e-04	3.27e-04
59	03/01/2008	10:00	4.70	130.0	2.60	5.50	1456.1	0.50	5.73	6.0	54.71	-208.80	-0.087	2.55e-03	3.37e-04
60	03/01/2008	11:00	4.10	130.0	2.26	7.40	1522.6	0.45	6.16	6.0	71.74	-116.63	-0.127	3.10e-03	3.47e-04
61	03/01/2008	12:00	4.20	120.0	2.32	6.80	1590.9	0.47	6.08	6.0	77.78	-115.90	-0.134	3.28e-03	3.44e-04
62	03/01/2008	13:00	3.40	100.0	1.88	7.60	1634.6	0.38	6.77	7.0	52.42	-95.08	-0.110	2.26e-03	3.48e-04
63	03/01/2008	14:00	3.20	120.0	1.76	9.60	1667.6	0.36	6.98	7.0	40.06	-101.82	-0.091	1.86e-03	3.58e-04
64	03/01/2008	15:00	3.40	130.0	1.89	8.80	1685.4	0.37	6.73	7.0	20.30	-214.37	-0.045	1.17e-03	3.54e-04
65	03/01/2008	16:00	3.30	130.0	1.86	8.90	422.4	0.33	6.72	7.0	-5.32	625.02	0.013	1.59e-04	3.54e-04
66	03/01/2008	17:00	5.30	170.0	2.97	10.70	447.0	0.52	5.31	7.0	-35.79	356.77	0.056	0.00e+00	3.63e-04
67	03/01/2008	18:00	2.20	100.0	1.21	9.60	138.7	0.19	8.21	7.0	-12.54	90.00	0.054	0.00e+00	3.58e-04
68	03/01/2008	19:00	1.00	110.0	1.00	6.90	88.9	0.09	11.99	7.0	-1.71	90.00	0.015	0.00e+00	3.44e-04
69	03/01/2008	20:00	1.60	130.0	1.00	6.30	116.2	0.14	9.57	7.0	-5.55	90.00	0.032	0.00e+00	3.41e-04
70	03/01/2008	21:00	2.30	120.0	1.26	6.30	142.1	0.20	8.04	7.0	-13.68	90.00	0.056	0.00e+00	3.41e-04
71	03/01/2008	22:00	3.00	110.0	1.63	5.70	164.3	0.25	7.07	7.0	-17.71	90.00	0.056	0.00e+00	3.38e-04
72	03/01/2008	23:00	2.30	100.0	1.26	5.40	142.1	0.20	8.04	8.0	-11.12	90.00	0.045	0.00e+00	3.37e-04
73	04/01/2008	00:00	2.10	300.0	1.16	5.40	135.2	0.18	8.40	8.0	-10.19	90.00	0.045	0.00e+00	3.37e-04
74	04/01/2008	01:00	2.30	40.0	1.26	4.40	142.1	0.20	8.04	8.0	-11.16	90.00	0.045	0.00e+00	3.32e-04
75	04/01/2008	02:00	2.20	340.0	1.21	4.70	138.7	0.19	8.21	8.0	-10.68	90.00	0.045	0.00e+00	3.33e-04
76	04/01/2008	03:00	2.70	350.0	1.47	4.70	155.2	0.23	7.44	8.0	-13.01	90.00	0.045	0.00e+00	3.33e-04
77	04/01/2008	04:00	1.60	70.0	1.00	4.30	116.2	0.14	9.57	8.0	-5.55	90.00	0.032	0.00e+00	3.31e-04
78	04/01/2008	05:00	1.20	350.0	1.00	4.20	98.7	0.11	10.99	8.0	-2.68	90.00	0.020	0.00e+00	3.31e-04
79	04/01/2008	06:00	1.10	320.0	1.00	3.90	93.9	0.10	11.46	8.0	-2.16	90.00	0.018	0.00e+00	3.29e-04
80	04/01/2008	07:00	1.40	80.0	1.00	3.70	107.7	0.12	10.21	6.0	-3.96	90.00	0.026	0.00e+00	3.28e-04
81	04/01/2008	08:00	1.10	50.0	1.00	3.50	93.9	0.10	11.46	8.0	-2.16	90.00	0.018	8.10e-05	3.27e-04
82	04/01/2008	09:00	1.20	330.0	1.00	3.70	421.6	0.15	11.52	8.0	7.25	-38.28	-0.039	5.62e-04	3.28e-04
83	04/01/2008	10:00	1.00	40.0	1.00	4.60	471.8	0.15	12.04	8.0	17.30	-17.69	-0.091	8.92e-04	3.33e-04
84	04/01/2008	11:00	2.90	130.0	1.60	5.50	924.2	0.32	7.32	8.0	23.60	-123.78	-0.059	1.08e-03	3.37e-04
85	04/01/2008	12:00	1.60	90.0	1.00	6.20	930.3	0.18	9.82	8.0	3.71	-132.74	-0.017	1.15e-03	3.41e-04
86	04/01/2008	13:00	2.90	140.0	1.61	8.60	1004.8	0.34	7.33	7.0	52.67	-65.56	-0.125	2.27e-03	3.53e-04
87	04/01/2008	14:00	4.50	170.0	2.49	10.10	1401.4	0.49	5.86	6.0	54.78	-185.94	-0.091	2.56e-03	3.60e-04
88	04/01/2008	15:00	4.00	160.0	2.22	9.70	1425.9	0.42	6.19	7.0	20.81	-326.08	-0.040	1.18e-03	3.58e-04
89	04/01/2008	16:00	2.30	110.0	1.33	7.60	203.6	0.22	7.89	7.0	-5.71	176.95	0.020	1.70e-04	3.48e-04
90	04/01/2008	17:00	3.00	200.0	1.63	7.80	164.3	0.25	7.07	7.0	-17.58	90.00	0.056	0.00e+00	3.49e-04
91	04/01/2008	18:00	3.20	240.0	1.75	7.60	178.7	0.28	6.84	7.0	-19.08	98.14	0.056	0.00e+00	3.48e-04
92	04/01/2008	19:00	1.90	160.0	1.05	7.60	127.9	0.16	8.82	7.0	-8.61	90.00	0.042	0.00e+00	3.48e-04
93	04/01/2008	20:00	2.10	120.0	1.16	6.90	135.2	0.18	8.40	7.0	-11.13	90.00	0.049	0.00e+00	3.44e-04
94	04/01/2008	21:00	1.60	80.0	1.00	6.10	116.2	0.14	9.57	7.0	-5.55	90.00	0.032	0.00e+00	3.40e-04
95	04/01/2008	22:00	1.50	120.0	1.00	6.10	112.0	0.13	9.88	7.0	-4.71	90.00	0.029	0.00e+00	3.40e-04
96	04/01/2008	23:00	3.40	140.0	1.88	6.70	206.9	0.31	6.60	7.0	-21.22	120.22	0.056	0.00e+00	3.43e-04
97	05/01/2008	00:00	5.80	140.0	3.24	7.00	472.7	0.57	5.08	6.0	-46.11	360.54	0.065	0.00e+00	3.45e-04
98	05/01/2008	01:00	5.50	170.0	3.07	8.00	435.2	0.54	5.22	6.0	-43.31	321.40	0.065	0.00e+00	3.50e-04
99	05/01/2008	02:00	1.50	270.0	1.00	7.60	112.0	0.13	9.88	6.0	-4.71	90.00	0.029	0.00e+00	3.48e-04
100	05/01/2008	03:00	2.10	360.0	1.16	7.40	135.2	0.18	8.40	6.0	-11.13	90.00	0.050	0.00e+00	3.47e-04
101	05/01/2008	04:00	4.10	160.0	2.28	7.80	265.6	0.38	6.03	6.0	-30.65	160.62	0.065	0.00e+00	3.49e-04
102	05/01/2008	05:00	5.80	180.0	3.24	8.90	474.3	0.57	5.08	6.0	-45.83	363.35	0.065	0.00e+00	3.54e-04
103	05/01/2008	06:00	7.20	200.0	4.04	9.80	662.9	0.72	4.56	6.0	-57.85	584.63	0.065	0.00e+00	3.59e-04
104	05/01/2008	07:00	6.60	180.0	3.71	9.50	625.2	0.67	4.76	7.0	-45.67	573.50	0.056	0.00e+00	3.57e-04
105	05/01/2008	08:00	7.20	190.0	4.02	9.60	1561.8	0.74	4.58	7.0	-4.44	8099.42	0.005	1.81e-04	3.58e-04
106	05/01/2008	09:00	8.20	190.0	4.56	10.30	2434.7	0.84	4.31	7.0	21.26	-2511.63	-0.020	1.19e-03	3.61e-04
107	05/01/2008	10:00	9.90	190.0	5.49	10.40	2934.6	1.02	3.93	7.0	40.72	-2296.70	-0.033	1.88e-03	3.62e-04
108	05/01/2008	11:00	9.30	190.0	5.17	10.80	2958.1	0.95	4.05	7.0	17.99	-4299.72	-0.015	2.28e-03	3.64e-04
109	05/01/2008	12:00	10.50	190.0	5.83	11.00	3106.7	1.08	3.81	8.0	26.94	-4119.11	-0.020	1.15e-03	3.65e-04
110	05/01/2008	13:00	10.40	190.0	5.77	10.70	3136.6	1.07	3.83	8.0	24.88	-4333.33	-0.019	1.09e-03	3.63e-04
111	05/01/2008	14:00	10.30	190.0	5.72	10.40	3163.0	1.06	3.85	8.0	18.98	-5516.21	-0.015	8.97e-04	3.62e-04
112	05/01/2008	15:00	9.50	180.0	5.28	10.00	3181.3	0.97	4.00	8.0	9.55	-8612.20	-0.008	5.67e-04	3.60e-04
113	05/01/2008	16:00	10.90	190.0	6.08	10.00	2139.5	1.12	3.73	8.0	-15.45	8023.70	0.011	8.64e-05	3.60e-04
114	05/01/2008	17:00	10.50	190.0	5.84	9.60	1304.4	1.07	3.80	8.0	-59.31	1821.49	0.045	0.00e+00	3.58e-04
115	05/01/2008	18:00	9.20	190.0	5.13	9.40	1085.8	0.93	4.06	8.0	-51.92	1392.99	0.045	0.00e+00	3.57e-04
116	05/01/2008	19:00	8.90	200.0	5.01	9.20	965.8	0.91	4.10	7.0	-62.46	1069.42	0.056	0.00e+00	3.56e-04
117	05/01/2008	20:00	8.90	200.0	5.01	9.30	907.0	0.91	4.10	6.0	-72.53	914.13	0.065	0.00e+00	3.56e-04
118	05/01/2008	21:00	13.80	180.0	7.66	9.70	1656.9	1.40	3.32	6.0	-111.92	2185.71	0.065	0.00e+00	3.58e-04
119	05/01/2008	22:00	14.50	180.0	8.05	10.10	1774.7	1.47	3.24	6.0	-117.46	2417.84	0.065	0.00e+00	3.60e-04
120	05/01/2008	23:00	13.90	190.0	7.72	10.20	1674.6	1.41	3.31	6.0	-112.54	2221.68	0.065	0.00e+00	3.61e-04
121	06/01/2008	00:00	12.40	180.0	6.89	10.10	1429.5	1.26	3.50	6.0	-100.34	1764.26	0.065	0.00e+00	3.60e-04
122	06/01/2008	01:00	12.60	190.0	7.00	10.40	1675.7	1.28	3.47	8.0	-71.05	2636.40	0.045	0.00e+00	3.62e-04
123	06/01/2008	02:00	11.40	190.0	6.34	10.80	1462.7	1.16	3.65	8.0	-64.16	2159.13	0.045	0.00e+00	3.64e-04
124	06/01/2008	03:00	11.20	190.0	6.23	10.60	1427.3	1.14	3.68	8.0	-63.08	2082.06	0.045	0.00e+00	3.63e-04
125	06/01/2008	04:00	6.00	200.0	3.39	9.50	598.7	0.61	4.98	8.0	-33.78	590.10	0.045	0.00e+00	3.57e-04
126	06/01/2008	05:00	3.70	180.0	2.05	9.20	220.7	0.33	6.33	6.0	-26.76	124.30	0.065	0.00e+00	3.56e-04
127	06/01/2008	06:00	2.40	180.0	1.31	9.10	145.5	0.21	7.88	7.0	-14.11	90.00	0.056	0.00e+00	3.55e-04
128	06/01/2008	07:00	2.30	240.0	1.26	9.10	142.1	0.20	8.04	7.0	-13.54	90.00	0.056	0.00e+00	3.55e-04
129	06/01/2008	08:00	1.00	160.0	1.00	9.00	88.9	0.09	11.99	7.0	-1.71	90.00	0.016	1.93e-04	3.55e-04
130	06/01/2008	09:00	1.40	210.0	1.00	9.30	535.2	0.19	10.50	7.0	21.29	-26.64	-0.093	1.20e-03	3.56e-04
131	06/01/2008	10:00	1.00	190.0	1.00	9.80	626.3	0.18	11.32	7.0	40.98	-12.84	-0.184	1.89e-03	3.59e-04
132	06/01/2008	11:00	1.00	180.0	1.00	10.30	676.1	0.17	11.58	8.0	24.94	-16.19	-0.122	1.09e-03	3.61e-04
133	06/01/2008	12:00	2.20	180.0	1.21	10.80	747.0	0.26	8.44	8.0	27.05	-57.03	-0.085	1.16e-03	3.64e-04
134	06/01/2008	13:00	3.30	190.0	1.83	10.60	1035.7	0.36	6.85	8.0	25.01	-164.37	-0.057	1.09e-03	3.63e-04
135	06/01/2008	14:00	1.50	210.0	1.00	10.50	112.0	0.13	9.88	8.0	-2.28	90.00	0.014	9.02e-04	3.62e-04
136	06/01/2008	15:00	1.00	180.0	1.00	10.50	386.2	0.13	12.57	8.0	9.89	-21.56	-0.060	5.73e-04	3.62e-04
137	06/01/2008	16:00	1.00	150.0	1.00	10.10	88.9	0.09	11.99	8.0	-1.71	90.00	0.016	9.21e-05	3.60e-04
138	06/01/2008	17:00	1.40	190.0	1.00	9.60	107.7	0.12	10.21	8.0	-3.96	90.00	0.026	0.00e+00	3.58e-04
139	06/01/2008	18:00	1.40	180.0	1.00	9.60	107.7	0.12	10.21	7.0	-3.96	90.00	0.026	0.00e+00	3.58e-04
140	06/01/2008	19:00	3.00	170.0	1.63	9.70	164.3	0.25	7.07	7.0	-17.46	90.00	0.056	0.00e+00	3.58e-04
141	06/01/2008	20:00	3.70	190.0	2.07	10.00	278.7	0.35	6.33	8.0	-19.59	199.49	0.045	0.00e+00	3.60e-04
142	06/01/2008	21:00	1.20	200.0	1.00	10.10	98.7	0.11	10.99	7.0	-2.68	90.00	0.021	0.00e+00	3.60e-04
143	06/01/2008	22:00	2.20	170.0	1.21	10.10	138.7	0.19	8.21	7.0	-12.54	90.00	0.054	0.00e+00	3.60e-04
144	06/01/2008	23:00	1.80	120.0	1.00	9.90	124.1	0.16	9.05	7.0	-7.50	90.00	0.039	0.00e+00	3.59e-04
145	07/01/2008	00:00	2.00	170.0	1.10	9.90	131.6	0.17	8.60	8.0	-9.56	90.00	0.045	0.00e+00	3.59e-04
146	07/01/2008	01:00	2.50	180.0	1.37	10.40	148.8	0.21	7.72	6.0	-17.01	90.00	0.065	0.00e+00	3.62e-04
147	07/01/2008	02:00	4.80	180.0	2.67	10.70	350.5	0.46	5.58	6.0	-36.72	237.86	0.065	0.00e+00	3.63e-04
148	07/01/2008	03:00	3.90	200.0	2.17	10.60	269.1	0.37	6.18	7.0	-25.05	174.58	0.056	0.00e+00	3.63e-04
149	07/01/2008	04:00	5.30	190.0	2.99	10.60	497.2	0.53	5.30	8.0	-29.43	453.27	0.045	0.00e+00	3.63e-04
150	07/01/2008	05:00	5.90	180.0	3.33	10.70	585.0	0.60	5.02	8.0	-33.04	571.89	0.045	0.00e+00	3.63e-04
151	07/01/2008	06:00	5.60	190.0	3.16	10.80	540.8	0.56	5.15	8.0	-31.22	511.28	0.045	0.00e+00	3.64e-04
152	07/01/2008	07:00	5.10	200.0	2.87	10.80	468.8	0.51	5.40	8.0	-28.20	416.98	0.045	0.00e+00	3.64e-04
153	07/01/2008	08:00	2.30	220.0	1.26	11.00	142.1	0.20	8.04	8.0	-10.90	90.00	0.045	9.82e-05	3.65e-04
154	07/01/2008	09:00	1.40	350.0	1.00	11.20	184.8	0.14	10.30	7.0	-0.76	304.78	0.005	1.21e-03	3.66e-04
155	07/01/2008	10:00	2.80	340.0	1.54	11.50	931.3	0.32	7.47	7.0	41.49	-72.04	-0.105	1.90e-03	3.68e-04
156	07/01/2008	11:00	1.60	360.0	1.07	12.50	1041.9	0.26	9.02	5.0	84.03	-19.55	-0.260	3.73e-03	3.73e-04
157	07/01/2008	12:00	4.70	350.0	2.60	13.40	1498.2	0.52	5.75	3.0	98.93	-125.78	-0.156	4.52e-03	3.78e-04
158	07/01/2008	13:00	3.00	330.0	1.72	12.80	1577.0	0.37	7.09	3.0	91.58	-50.19	-0.201	4.28e-03	3.74e-04
159	07/01/2008	14:00	4.30	330.0	2.37	12.70	1627.6	0.47	6.00	6.0	56.03	-161.92	-0.098	2.61e-03	3.74e-04
160	07/01/2008	15:00	1.80	20.0	1.02	11.30	1654.2	0.23	9.23	3.0	33.71	-33.09	-0.118	2.25e-03	3.67e-04
161	07/01/2008	16:00	1.00	70.0	1.00	10.40	88.9	0.09	11.99	2.0	-1.71	90.00	0.016	3.90e-04	3.62e-04
162	07/01/2008	17:00	1.30	40.0	1.00	8.10	103.3	0.11	10.58	2.0	-3.28	90.00	0.023	0.00e+00	3.50e-04
163	07/01/2008	18:00	1.70	30.0	1.00	7.10	120.2	0.15	9.30	2.0	-6.48	90.00	0.035	0.00e+00	3.45e-04
164	07/01/2008	19:00	1.10	200.0	1.00	5.40	93.9	0.10	11.46	2.0	-2.16	90.00	0.018	0.00e+00	3.37e-04
165	07/01/2008	20:00	1.00	190.0	1.00	4.10	88.9	0.09	11.99	2.0	-1.71	90.00	0.015	0.00e+00	3.30e-04
166	07/01/2008	21:00	1.00	260.0	1.00	3.70	88.9	0.09	11.99	2.0	-1.71	90.00	0.015	0.00e+00	3.28e-04
167	07/01/2008	22:00	1.10	180.0	1.00	2.70	93.9	0.10	11.46	2.0	-2.16	90.00	0.018	0.00e+00	3.23e-04
168	07/01/2008	23:00	1.10	160.0	1.00	2.20	93.9	0.10	11.46	1.0	-2.16	90.00	0.018	0.00e+00	3.21e-04
169	08/01/2008	00:00	1.00	190.0	1.00	1.60	88.9	0.09	11.99	1.0	-1.71	90.00	0.015	0.00e+00	3.18e-04
170	08/01/2008	01:00	1.00	130.0	1.00	1.00	88.9	0.09	11.99	1.0	-1.71	90.00	0.015	0.00e+00	3.15e-04
171	08/01/2008	02:00	1.30	110.0	1.00	0.50	103.3	0.11	10.58	0.0	-3.28	90.00	0.023	0.00e+00	3.12e-04
172	08/01/2008	03:00	1.00	0.0	1.00	0.00	88.9	0.09	11.99	0.0	-1.71	90.00	0.015	0.00e+00	3.10e-04
173	08/01/2008	04:00	1.00	140.0	1.00	-0.50	88.9	0.09	11.99	0.0	-1.71	90.00	0.015	0.00e+00	3.08e-04
174	08/01/2008	05:00	1.00	0.0	1.00	-1.00	88.9	0.09	11.99	0.0	-1.71	90.00	0.015	0.00e+00	3.05e-04
175	08/01/2008	06:00	1.00	0.0	1.00	-1.10	88.9	0.09	11.99	0.0	-1.71	90.00	0.015	0.00e+00	3.05e-04
176	08/01/2008	07:00	1.00	80.0	1.00	-1.10	88.9	0.09	11.99	0.0	-1.71	90.00	0.015	0.00e+00	3.05e-04
177	08/01/2008	08:00	2.00	90.0	1.10	-0.40	131.6	0.17	8.60	0.0	-9.82	90.00	0.045	4.19e-04	3.08e-04
178	08/01/2008	09:00	1.10	60.0	1.00	0.20	509.9	0.18	11.12	1.0	27.52	-17.83	-0.122	2.34e-03	3.11e-04
179	08/01/2008	10:00	1.30	320.0	1.00	0.50	665.4	0.23	9.99	3.0	72.90	-14.35	-0.251	3.55e-03	3.12e-04
180	08/01/2008	11:00	1.50	40.0	1.00	1.90	815.6	0.25	9.32	5.0	88.53	-16.59	-0.274	3.75e-03	3.19e-04
181	08/01/2008	12:00	1.50	330.0	1.00	4.40	957.9	0.26	9.34	1.0	100.33	-15.21	-0.309	4.66e-03	3.32e-04
182	08/01/2008	13:00	1.80	360.0	1.20	5.80	1072.4	0.29	8.52	1.0	91.28	-23.20	-0.253	4.41e-03	3.39e-04
183	08/01/2008	14:00	1.50	350.0	1.00	6.40	1148.6	0.25	9.31	1.0	66.77	-20.05	-0.216	3.65e-03	3.42e-04
184	08/01/2008	15:00	1.70	60.0	1.00	6.90	1180.8	0.22	9.52	6.0	29.25	-32.07	-0.107	1.68e-03	3.44e-04
185	08/01/2008	16:00	1.10	70.0	1.00	5.20	93.9	0.10	11.46	6.0	-2.16	90.00	0.018	3.01e-04	3.36e-04
186	08/01/2008	17:00	1.00	100.0	1.00	3.90	88.9	0.09	11.99	6.0	-1.71	90.00	0.015	0.00e+00	3.29e-04
187	08/01/2008	18:00	1.00	120.0	1.00	3.30	88.9	0.09	11.99	6.0	-1.71	90.00	0.015	0.00e+00	3.26e-04
188	08/01/2008	19:00	1.00	0.0	1.00	2.90	88.9	0.09	11.99	6.0	-1.71	90.00	0.015	0.00e+00	3.24e-04
189	08/01/2008	20:00	1.00	120.0	1.00	2.70	88.9	0.09	11.99	6.0	-1.71	90.00	0.015	0.00e+00	3.23e-04
190	08/01/2008	21:00	1.00	140.0	1.00	2.70	88.9	0.09	11.99	6.0	-1.71	90.00	0.015	0.00e+00	3.23e-04
191	08/01/2008	22:00	1.00	0.0	1.00	2.40	88.9	0.09	11.99	7.0	-1.71	90.00	0.015	0.00e+00	3.22e-04
192	08/01/2008	23:00	4.90	200.0	2.74	6.60	391.4	0.48	5.52	7.0	-33.20	293.94	0.056	0.00e+00	3.43e-04
193	09/01/2008	00:00	3.70	200.0	2.06	9.40	244.4	0.34	6.34	7.0	-23.55	152.31	0.056	0.00e+00	3.57e-04
194	09/01/2008	01:00	9.10	180.0	5.11	9.70	995.0	0.93	4.06	7.0	-63.67	1117.12	0.056	0.00e+00	3.58e-04
195	09/01/2008	02:00	8.80	190.0	4.90	9.60	1020.7	0.89	4.15	8.0	-49.59	1273.61	0.045	0.00e+00	3.58e-04
196	09/01/2008	03:00	7.80	190.0	4.37	9.50	866.6	0.79	4.39	8.0	-44.07	1004.52	0.045	0.00e+00	3.57e-04
197	09/01/2008	04:00	9.90	180.0	5.51	9.20	1201.9	1.00	3.91	8.0	-55.97	1614.97	0.045	0.00e+00	3.56e-04
198	09/01/2008	05:00	7.10	200.0	4.01	9.30	765.4	0.72	4.58	8.0	-40.33	839.48	0.045	0.00e+00	3.56e-04
199	09/01/2008	06:00	7.90	190.0	4.42	8.90	880.7	0.80	4.36	8.0	-44.71	1027.21	0.045	0.00e+00	3.54e-04
200	09/01/2008	07:00	6.20	200.0	3.50	8.60	627.8	0.63	4.90	8.0	-35.09	630.71	0.045	0.00e+00	3.53e-04
201	09/01/2008	08:00	5.40	190.0	3.04	8.30	680.1	0.55	5.26	8.0	-15.43	965.10	0.023	1.11e-04	3.51e-04
202	09/01/2008	09:00	4.90	190.0	2.76	7.90	744.0	0.50	5.53	8.0	-7.55	1491.27	0.012	5.91e-04	3.49e-04
203	09/01/2008	10:00	6.30	180.0	3.45	8.70	1833.6	0.64	4.95	8.0	-1.61	14204.51	0.002	9.19e-04	3.53e-04
204	09/01/2008	11:00	6.10	190.0	3.40	8.90	1811.5	0.63	4.99	8.0	2.08	-10564.84	-0.003	1.11e-03	3.54e-04
205	09/01/2008	12:00	6.60	180.0	3.68	9.00	1959.1	0.68	4.79	8.0	3.32	-8384.50	-0.004	1.17e-03	3.55e-04
206	09/01/2008	13:00	5.70	190.0	3.17	9.20	1980.3	0.59	5.17	7.0	20.23	-912.60	-0.028	2.32e-03	3.56e-04
207	09/01/2008	14:00	6.20	190.0	3.44	10.00	2017.5	0.65	4.97	7.0	42.08	-572.25	-0.053	1.93e-03	3.60e-04
208	09/01/2008	15:00	6.60	190.0	3.67	9.70	2043.6	0.68	4.81	7.0	22.43	-1261.71	-0.027	1.24e-03	3.58e-04
209	09/01/2008	16:00	6.50	180.0	3.64	9.20	1305.3	0.67	4.82	6.0	-5.09	5202.85	0.006	3.20e-04	3.56e-04
210	09/01/2008	17:00	3.50	190.0	1.91	8.60	192.4	0.30	6.55	6.0	-24.39	102.63	0.065	0.00e+00	3.53e-04
211	09/01/2008	18:00	1.50	140.0	1.00	7.00	112.0	0.13	9.88	6.0	-4.71	90.00	0.029	0.00e+00	3.45e-04
212	09/01/2008	19:00	2.10	170.0	1.16	7.10	135.2	0.18	8.40	6.0	-11.13	90.00	0.049	0.00e+00	3.45e-04
213	09/01/2008	20:00	1.00	0.0	1.00	5.80	88.9	0.09	11.99	7.0	-1.71	90.00	0.015	0.00e+00	3.39e-04
214	09/01/2008	21:00	1.00	140.0	1.00	3.80	88.9	0.09	11.99	7.0	-1.71	90.00	0.015	0.00e+00	3.29e-04
215	09/01/2008	22:00	1.00	0.0	1.00	3.20	88.9	0.09	11.99	8.0	-1.71	90.00	0.015	0.00e+00	3.26e-04
216	09/01/2008	23:00	1.00	0.0	1.00	3.40	88.9	0.09	11.99	8.0	-1.71	90.00	0.015	0.00e+00	3.27e-04
217	10/01/2008	00:00	1.70	110.0	1.00	4.50	120.2	0.15	9.30	8.0	-6.48	90.00	0.035	0.00e+00	3.32e-04
218	10/01/2008	01:00	1.40	130.0	1.00	5.10	107.7	0.12	10.21	8.0	-3.96	90.00	0.026	0.00e+00	3.35e-04
219	10/01/2008	02:00	1.50	170.0	1.00	6.10	112.0	0.13	9.88	8.0	-4.71	90.00	0.029	0.00e+00	3.40e-04
220	10/01/2008	03:00	2.70	190.0	1.47	6.30	155.2	0.23	7.44	8.0	-12.93	90.00	0.045	0.00e+00	3.41e-04
221	10/01/2008	04:00	1.90	200.0	1.05	6.00	127.9	0.16	8.82	8.0	-8.61	90.00	0.042	0.00e+00	3.40e-04
222	10/01/2008	05:00	2.70	200.0	1.47	6.50	155.2	0.23	7.44	8.0	-12.92	90.00	0.045	0.00e+00	3.42e-04
223	10/01/2008	06:00	4.40	190.0	2.47	6.70	368.7	0.43	5.81	8.0	-24.23	294.79	0.045	0.00e+00	3.43e-04
224	10/01/2008	07:00	3.80	190.0	2.13	6.90	289.7	0.36	6.25	8.0	-20.42	209.77	0.045	0.00e+00	3.44e-04
225	10/01/2008	08:00	3.40	180.0	1.92	7.00	493.0	0.35	6.63	7.0	-4.08	909.46	0.009	2.48e-04	3.45e-04
226	10/01/2008	09:00	2.80	170.0	1.55	7.40	894.6	0.31	7.45	7.0	22.26	-119.01	-0.058	1.25e-03	3.47e-04
227	10/01/2008	10:00	2.10	250.0	1.24	7.70	975.5	0.28	8.37	6.0	57.85	-34.20	-0.165	2.66e-03	3.48e-04
228	10/01/2008	11:00	2.10	200.0	1.35	9.60	1093.6	0.31	8.01	2.0	93.93	-29.39	-0.242	4.43e-03	3.58e-04
229	10/01/2008	12:00	3.60	210.0	2.02	12.00	1225.2	0.42	6.53	2.0	100.82	-67.50	-0.194	4.68e-03	3.70e-04
230	10/01/2008	13:00	7.00	190.0	3.87	13.90	2121.1	0.73	4.69	3.0	93.33	-378.37	-0.104	4.34e-03	3.80e-04
231	10/01/2008	14:00	8.80	190.0	4.87	13.40	2622.7	0.91	4.17	5.0	66.32	-1006.62	-0.060	3.14e-03	3.78e-04
232	10/01/2008	15:00	6.60	200.0	3.67	12.30	2645.1	0.68	4.81	6.0	31.28	-911.74	-0.037	1.72e-03	3.72e-04
233	10/01/2008	16:00	8.80	190.0	4.91	11.40	2611.2	0.90	4.15	7.0	-1.92	34340.05	0.002	2.48e-04	3.67e-04
234	10/01/2008	17:00	8.40	190.0	4.74	10.90	894.7	0.86	4.22	7.0	-58.66	960.33	0.056	0.00e+00	3.64e-04
235	10/01/2008	18:00	8.20	190.0	4.58	10.90	926.9	0.83	4.29	8.0	-45.98	1109.66	0.045	0.00e+00	3.64e-04
236	10/01/2008	19:00	7.30	180.0	4.11	10.60	795.1	0.74	4.53	8.0	-41.21	888.65	0.045	0.00e+00	3.63e-04
237	10/01/2008	20:00	6.50	170.0	3.67	10.30	675.2	0.66	4.78	8.0	-36.68	701.97	0.045	0.00e+00	3.61e-04
238	10/01/2008	21:00	5.30	200.0	2.99	10.30	496.9	0.53	5.30	8.0	-29.46	452.73	0.045	0.00e+00	3.61e-04
239	10/01/2008	22:00	6.90	200.0	3.90	10.40	737.2	0.70	4.64	8.0	-39.06	796.64	0.045	0.00e+00	3.62e-04
240	10/01/2008	23:00	5.70	190.0	3.20	10.40	500.6	0.57	5.12	7.0	-38.83	418.63	0.056	0.00e+00	3.62e-04
241	11/01/2008	00:00	7.60	190.0	4.28	10.50	772.5	0.77	4.43	7.0	-52.88	777.22	0.056	0.00e+00	3.62e-04
242	11/01/2008	01:00	7.30	190.0	4.10	10.50	677.6	0.74	4.53	6.0	-58.57	603.81	0.065	0.00e+00	3.62e-04
243	11/01/2008	02:00	6.80	180.0	3.81	10.80	608.9	0.68	4.69	6.0	-54.22	518.94	0.065	0.00e+00	3.64e-04
244	11/01/2008	03:00	5.00	180.0	2.81	10.80	454.6	0.50	5.46	8.0	-27.59	399.18	0.045	0.00e+00	3.64e-04
245	11/01/2008	04:00	3.60	180.0	2.01	11.00	266.4	0.34	6.42	8.0	-18.89	187.54	0.045	0.00e+00	3.65e-04
246	11/01/2008	05:00	3.70	180.0	2.06	11.30	245.5	0.34	6.34	7.0	-23.41	153.65	0.056	0.00e+00	3.67e-04
247	11/01/2008	06:00	3.20	160.0	1.73	10.50	170.2	0.27	6.86	6.0	-21.57	90.00	0.065	0.00e+00	3.62e-04
248	11/01/2008	07:00	4.00	170.0	2.22	10.90	255.9	0.37	6.10	6.0	-29.44	153.14	0.065	0.00e+00	3.64e-04
249	11/01/2008	08:00	8.00	200.0	4.47	12.40	2373.2	0.82	4.35	7.0	-1.03	48209.97	0.001	2.64e-04	3.72e-04
250	11/01/2008	09:00	6.30	190.0	3.50	12.30	1884.3	0.65	4.92	7.0	23.92	-1034.97	-0.030	1.27e-03	3.72e-04
251	11/01/2008	10:00	5.60	190.0	3.10	13.00	1922.0	0.59	5.24	7.0	43.19	-418.96	-0.060	1.95e-03	3.75e-04
252	11/01/2008	11:00	12.90	190.0	7.14	15.10	3811.5	1.32	3.44	6.0	74.22	-2760.73	-0.046	3.22e-03	3.87e-04
253	11/01/2008	12:00	12.80	190.0	7.08	15.00	3867.1	1.31	3.46	5.0	92.40	-2170.57	-0.058	4.02e-03	3.86e-04
254	11/01/2008	13:00	15.10	180.0	8.35	14.20	4000.0	1.54	3.18	6.0	74.34	-4390.75	-0.040	3.22e-03	3.82e-04
255	11/01/2008	14:00	15.10	190.0	8.36	14.30	4000.0	1.54	3.18	7.0	43.37	-7517.13	-0.023	1.95e-03	3.82e-04
256	11/01/2008	15:00	15.20	180.0	8.42	13.90	4000.0	1.55	3.17	7.0	24.42	-13609.98	-0.013	1.27e-03	3.80e-04
257	11/01/2008	16:00	11.80	180.0	6.55	13.60	3484.2	1.21	3.59	7.0	-0.38	416674.29	0.000	2.64e-04	3.79e-04
258	11/01/2008	17:00	9.30	190.0	5.21	13.60	1028.1	0.95	4.02	7.0	-64.06	1178.31	0.056	0.00e+00	3.79e-04
259	11/01/2008	18:00	11.70	190.0	6.51	12.90	1404.2	1.19	3.60	7.0	-80.57	1850.70	0.056	0.00e+00	3.75e-04
260	11/01/2008	19:00	13.50	190.0	7.50	13.10	1710.2	1.37	3.36	7.0	-92.99	2470.32	0.056	0.00e+00	3.76e-04
261	11/01/2008	20:00	13.70	200.0	7.61	12.80	1744.2	1.39	3.33	7.0	-94.47	2541.67	0.056	0.00e+00	3.74e-04
262	11/01/2008	21:00	11.80	200.0	6.56	13.20	1421.4	1.20	3.59	7.0	-81.18	1884.76	0.056	0.00e+00	3.76e-04
263	11/01/2008	22:00	7.00	290.0	3.94	5.70	678.4	0.71	4.62	7.0	-49.26	640.79	0.056	0.00e+00	3.38e-04
264	11/01/2008	23:00	1.00	120.0	1.00	4.90	88.9	0.09	11.99	7.0	-1.71	90.00	0.015	0.00e+00	3.34e-04
265	12/01/2008	00:00	4.50	100.0	2.51	4.50	339.1	0.43	5.76	7.0	-30.30	239.37	0.056	0.00e+00	3.32e-04
266	12/01/2008	01:00	3.60	120.0	1.97	3.20	202.5	0.32	6.44	6.0	-25.92	109.37	0.065	0.00e+00	3.26e-04
267	12/01/2008	02:00	3.70	140.0	2.05	3.30	216.9	0.33	6.34	6.0	-27.18	120.35	0.065	0.00e+00	3.26e-04
268	12/01/2008	03:00	3.30	140.0	1.79	3.50	173.0	0.28	6.76	6.0	-22.79	90.00	0.065	0.00e+00	3.27e-04
269	12/01/2008	04:00	2.60	180.0	1.42	3.80	152.0	0.22	7.58	7.0	-15.53	90.00	0.056	0.00e+00	3.29e-04
270	12/01/2008	05:00	2.90	190.0	1.59	3.60	170.3	0.25	7.18	8.0	-14.29	99.13	0.045	0.00e+00	3.28e-04
271	12/01/2008	06:00	2.00	180.0	1.10	3.50	131.6	0.17	8.60	8.0	-9.79	90.00	0.045	0.00e+00	3.27e-04
272	12/01/2008	07:00	1.00	160.0	1.00	3.50	88.9	0.09	11.99	7.0	-1.71	90.00	0.015	0.00e+00	3.27e-04
273	12/01/2008	08:00	1.00	190.0	1.00	3.70	88.9	0.09	11.99	7.0	-1.71	90.00	0.015	2.80e-04	3.28e-04
274	12/01/2008	09:00	1.30	120.0	1.00	3.80	520.2	0.18	10.77	7.0	22.41	-23.24	-0.099	1.28e-03	3.29e-04
275	12/01/2008	10:00	1.00	0.0	1.00	4.40	648.3	0.19	11.37	6.0	59.50	-9.98	-0.251	2.70e-03	3.32e-04
276	12/01/2008	11:00	1.00	20.0	1.00	5.30	749.1	0.19	11.37	7.0	56.06	-10.39	-0.239	2.37e-03	3.36e-04
277	12/01/2008	12:00	2.40	20.0	1.32	6.40	797.0	0.28	8.08	7.0	26.38	-71.01	-0.076	2.50e-03	3.42e-04
278	12/01/2008	13:00	2.00	360.0	1.10	6.50	835.6	0.24	8.86	7.0	23.42	-51.13	-0.079	2.37e-03	3.42e-04
279	12/01/2008	14:00	3.70	330.0	2.05	7.20	1204.6	0.42	6.48	5.0	68.62	-94.27	-0.132	3.19e-03	3.46e-04
280	12/01/2008	15:00	5.40	330.0	2.99	7.70	1636.4	0.57	5.33	4.0	37.50	-432.44	-0.053	2.27e-03	3.48e-04
281	12/01/2008	16:00	5.00	350.0	2.82	6.90	647.4	0.51	5.47	3.0	-12.25	964.90	0.019	5.20e-04	3.44e-04
282	12/01/2008	17:00	4.30	340.0	2.37	5.70	243.2	0.39	5.89	3.0	-40.71	128.04	0.084	0.00e+00	3.38e-04
283	12/01/2008	18:00	4.60	330.0	2.54	5.20	275.1	0.42	5.70	3.0	-44.45	151.84	0.084	0.00e+00	3.36e-04
284	12/01/2008	19:00	3.30	330.0	1.79	4.90	173.0	0.28	6.76	3.0	-29.33	90.00	0.084	0.00e+00	3.34e-04
285	12/01/2008	20:00	2.40	10.0	1.31	3.10	145.5	0.21	7.88	3.0	-15.70	90.00	0.060	0.00e+00	3.25e-04
286	12/01/2008	21:00	1.00	0.0	1.00	2.20	88.9	0.09	11.99	8.0	-1.71	90.00	0.015	0.00e+00	3.21e-04
287	12/01/2008	22:00	1.00	360.0	1.00	1.00	88.9	0.09	11.99	8.0	-1.71	90.00	0.015	0.00e+00	3.15e-04
288	12/01/2008	23:00	1.00	0.0	1.00	0.60	88.9	0.09	11.99	8.0	-1.71	90.00	0.015	0.00e+00	3.13e-04
289	13/01/2008	00:00	1.30	350.0	1.00	0.10	103.3	0.11	10.58	6.0	-3.28	90.00	0.023	0.00e+00	3.11e-04
290	13/01/2008	01:00	1.00	350.0	1.00	-0.30	88.9	0.09	11.99	0.0	-1.71	90.00	0.015	0.00e+00	3.09e-04
291	13/01/2008	02:00	1.90	330.0	1.05	0.30	127.9	0.16	8.82	0.0	-8.61	90.00	0.041	0.00e+00	3.11e-04
292	13/01/2008	03:00	1.00	0.0	1.00	0.30	88.9	0.09	11.99	0.0	-1.71	90.00	0.015	0.00e+00	3.11e-04
293	13/01/2008	04:00	1.00	150.0	1.00	-1.10	88.9	0.09	11.99	0.0	-1.71	90.00	0.015	0.00e+00	3.05e-04
294	13/01/2008	05:00	1.00	260.0	1.00	-1.00	88.9	0.09	11.99	0.0	-1.71	90.00	0.015	0.00e+00	3.05e-04
295	13/01/2008	06:00	1.70	260.0	1.00	-1.30	120.2	0.15	9.30	0.0	-6.48	90.00	0.034	0.00e+00	3.04e-04
296	13/01/2008	07:00	1.00	160.0	1.00	-1.70	88.9	0.09	11.99	1.0	-1.71	90.00	0.015	0.00e+00	3.02e-04
297	13/01/2008	08:00	1.00	160.0	1.00	-1.70	88.9	0.09	11.99	1.0	-1.71	90.00	0.015	5.66e-04	3.02e-04
298	13/01/2008	09:00	1.20	140.0	1.00	1.60	532.0	0.18	10.79	0.0	28.10	-19.83	-0.120	2.48e-03	3.18e-04
299	13/01/2008	10:00	1.00	280.0	1.00	3.90	673.2	0.19	11.39	0.0	68.01	-9.13	-0.282	3.79e-03	3.29e-04
300	13/01/2008	11:00	1.00	250.0	1.00	5.90	831.9	0.20	11.44	1.0	95.48	-7.30	-0.384	4.54e-03	3.39e-04
301	13/01/2008	12:00	2.10	190.0	1.37	6.60	979.6	0.32	7.95	1.0	103.45	-28.25	-0.259	4.79e-03	3.43e-04
302	13/01/2008	13:00	2.50	170.0	1.53	7.50	1101.9	0.34	7.51	2.0	97.45	-37.37	-0.227	4.51e-03	3.47e-04
303	13/01/2008	14:00	3.40	160.0	1.89	7.60	1185.9	0.39	6.76	1.0	70.60	-75.90	-0.145	3.78e-03	3.48e-04
304	13/01/2008	15:00	3.30	150.0	1.82	7.80	1229.9	0.37	6.87	3.0	37.58	-115.86	-0.083	2.41e-03	3.49e-04
305	13/01/2008	16:00	2.00	140.0	1.10	6.10	131.6	0.17	8.60	4.0	-8.92	90.00	0.041	5.27e-04	3.40e-04
306	13/01/2008	17:00	4.40	130.0	2.43	5.40	264.1	0.40	5.83	4.0	-39.89	147.00	0.079	0.00e+00	3.37e-04
307	13/01/2008	18:00	3.10	150.0	1.68	6.10	167.3	0.26	6.96	4.0	-25.87	90.00	0.079	0.00e+00	3.40e-04
308	13/01/2008	19:00	6.10	170.0	3.40	7.10	461.4	0.60	4.96	4.0	-58.47	321.60	0.079	0.00e+00	3.45e-04
309	13/01/2008	20:00	5.60	160.0	3.11	7.90	402.2	0.54	5.18	4.0	-52.90	265.54	0.079	0.00e+00	3.49e-04
310	13/01/2008	21:00	6.60	180.0	3.71	8.30	623.9	0.66	4.76	7.0	-45.85	570.80	0.056	0.00e+00	3.51e-04
311	13/01/2008	22:00	8.30	180.0	4.68	8.60	876.1	0.85	4.24	7.0	-58.38	928.44	0.056	0.00e+00	3.53e-04
312	13/01/2008	23:00	5.80	170.0	3.26	8.40	512.4	0.58	5.07	7.0	-39.84	431.45	0.056	0.00e+00	3.52e-04
313	14/01/2008	00:00	7.40	190.0	4.17	8.50	740.3	0.75	4.49	7.0	-51.76	729.00	0.056	0.00e+00	3.52e-04
314	14/01/2008	01:00	7.20	180.0	4.06	8.80	711.2	0.73	4.55	7.0	-50.23	688.67	0.056	0.00e+00	3.54e-04
315	14/01/2008	02:00	9.60	190.0	5.37	8.80	1066.2	0.98	3.96	7.0	-67.20	1232.74	0.056	0.00e+00	3.54e-04
316	14/01/2008	03:00	8.80	200.0	4.96	9.10	951.5	0.90	4.12	7.0	-61.82	1046.46	0.056	0.00e+00	3.55e-04
317	14/01/2008	04:00	10.50	210.0	5.84	9.10	1201.8	1.06	3.80	7.0	-73.19	1466.79	0.056	0.00e+00	3.55e-04
318	14/01/2008	05:00	9.40	190.0	5.27	9.10	1037.5	0.96	4.00	7.0	-65.80	1185.67	0.056	0.00e+00	3.55e-04
319	14/01/2008	06:00	6.90	200.0	3.88	8.80	667.5	0.70	4.65	7.0	-48.00	629.02	0.056	0.00e+00	3.54e-04
320	14/01/2008	07:00	5.70	200.0	3.20	8.90	499.2	0.57	5.12	7.0	-39.02	416.12	0.056	0.00e+00	3.54e-04
321	14/01/2008	08:00	5.60	190.0	3.06	8.80	1625.1	0.56	5.25	7.0	-1.62	10442.47	0.002	3.14e-04	3.54e-04
322	14/01/2008	09:00	6.20	190.0	3.45	9.00	1855.7	0.64	4.96	7.0	24.34	-971.44	-0.031	1.31e-03	3.55e-04
323	14/01/2008	10:00	5.10	190.0	2.82	8.90	1892.2	0.54	5.49	7.0	44.19	-316.36	-0.066	2.00e-03	3.54e-04
324	14/01/2008	11:00	4.70	170.0	2.61	8.80	1914.7	0.49	5.71	8.0	26.20	-411.33	-0.043	1.14e-03	3.54e-04
325	14/01/2008	12:00	3.50	140.0	1.94	8.60	1935.2	0.38	6.65	8.0	28.20	-172.58	-0.060	1.21e-03	3.53e-04
326	14/01/2008	13:00	5.50	190.0	3.04	8.80	1979.4	0.58	5.29	7.0	56.69	-309.13	-0.079	2.40e-03	3.54e-04
327	14/01/2008	14:00	3.60	170.0	1.99	8.80	2009.4	0.40	6.57	7.0	44.19	-125.89	-0.090	2.00e-03	3.54e-04
328	14/01/2008	15:00	5.40	200.0	3.02	8.20	2017.2	0.56	5.30	7.0	1.77	-8629.37	-0.003	1.31e-03	3.51e-04
329	14/01/2008	16:00	3.50	160.0	2.04	8.00	315.8	0.35	6.39	7.0	-14.88	267.36	0.034	3.14e-04	3.50e-04
330	14/01/2008	17:00	4.20	170.0	2.34	8.20	304.3	0.40	5.96	7.0	-27.60	206.69	0.056	0.00e+00	3.51e-04
331	14/01/2008	18:00	3.20	170.0	1.73	7.90	170.2	0.27	6.86	6.0	-21.77	90.00	0.065	0.00e+00	3.49e-04
332	14/01/2008	19:00	4.00	160.0	2.22	7.80	254.0	0.37	6.10	6.0	-29.71	150.97	0.065	0.00e+00	3.49e-04
333	14/01/2008	20:00	2.30	140.0	1.26	7.10	142.1	0.20	8.04	6.0	-14.06	90.00	0.057	0.00e+00	3.45e-04
334	14/01/2008	21:00	3.20	160.0	1.73	7.00	170.2	0.27	6.86	6.0	-21.84	90.00	0.065	0.00e+00	3.45e-04
335	14/01/2008	22:00	1.50	130.0	1.00	6.90	112.0	0.13	9.88	6.0	-4.71	90.00	0.029	0.00e+00	3.44e-04
336	14/01/2008	23:00	1.00	200.0	1.00	4.50	88.9	0.09	11.99	7.0	-1.71	90.00	0.015	0.00e+00	3.32e-04
337	15/01/2008	00:00	1.80	140.0	1.00	3.50	124.1	0.16	9.05	7.0	-7.50	90.00	0.038	0.00e+00	3.27e-04
338	15/01/2008	01:00	1.40	110.0	1.00	2.60	107.7	0.12	10.21	7.0	-3.96	90.00	0.026	0.00e+00	3.23e-04
339	15/01/2008	02:00	1.00	90.0	1.00	2.10	88.9	0.09	11.99	7.0	-1.71	90.00	0.015	0.00e+00	3.20e-04
340	15/01/2008	03:00	1.20	120.0	1.00	1.50	98.7	0.11	10.99	7.0	-2.68	90.00	0.020	0.00e+00	3.17e-04
341	15/01/2008	04:00	1.80	160.0	1.00	1.40	124.1	0.16	9.05	7.0	-7.50	90.00	0.038	0.00e+00	3.17e-04
342	15/01/2008	05:00	1.20	140.0	1.00	0.70	98.7	0.11	10.99	7.0	-2.68	90.00	0.020	0.00e+00	3.13e-04
343	15/01/2008	06:00	2.00	140.0	1.10	2.30	131.6	0.17	8.60	7.0	-9.82	90.00	0.045	0.00e+00	3.21e-04
344	15/01/2008	07:00	1.00	180.0	1.00	2.20	88.9	0.09	11.99	6.0	-1.71	90.00	0.015	0.00e+00	3.21e-04
345	15/01/2008	08:00	2.70	200.0	1.52	2.80	335.7	0.27	7.42	7.0	-3.72	478.28	0.011	3.33e-04	3.24e-04
346	15/01/2008	09:00	3.00	180.0	1.66	3.50	951.7	0.33	7.19	7.0	23.79	-134.06	-0.057	1.33e-03	3.27e-04
347	15/01/2008	10:00	4.50	180.0	2.49	4.60	1391.1	0.48	5.86	7.0	44.66	-223.04	-0.074	2.01e-03	3.33e-04
348	15/01/2008	11:00	4.10	190.0	2.26	7.40	1448.4	0.45	6.15	7.0	57.33	-140.49	-0.103	2.41e-03	3.47e-04
349	15/01/2008	12:00	9.50	190.0	5.26	10.20	2823.3	0.98	4.01	7.0	61.32	-1358.06	-0.051	2.54e-03	3.61e-04
350	15/01/2008	13:00	10.70	200.0	5.93	9.70	3170.2	1.10	3.78	7.0	57.14	-2063.39	-0.042	2.41e-03	3.58e-04
351	15/01/2008	14:00	9.00	200.0	4.99	9.60	3200.1	0.93	4.12	7.0	44.72	-1582.59	-0.039	2.01e-03	3.58e-04
352	15/01/2008	15:00	12.00	190.0	6.65	9.70	3544.2	1.23	3.57	7.0	24.98	-6595.31	-0.016	1.33e-03	3.58e-04
353	15/01/2008	16:00	11.70	200.0	6.50	9.90	3455.7	1.20	3.61	7.0	-0.66	231877.90	0.000	3.33e-04	3.59e-04
354	15/01/2008	17:00	12.20	190.0	6.78	10.10	1482.2	1.24	3.53	7.0	-84.87	1993.61	0.056	0.00e+00	3.60e-04
355	15/01/2008	18:00	13.60	190.0	7.55	10.70	1722.1	1.38	3.34	7.0	-94.47	2485.92	0.056	0.00e+00	3.63e-04
356	15/01/2008	19:00	15.00	190.0	8.32	10.70	1968.2	1.52	3.19	7.0	-104.23	3025.90	0.056	0.00e+00	3.63e-04
357	15/01/2008	20:00	15.40	200.0	8.54	10.60	2039.6	1.57	3.14	7.0	-107.05	3188.58	0.056	0.00e+00	3.63e-04
358	15/01/2008	21:00	18.10	190.0	10.03	10.80	2536.6	1.84	2.90	7.0	-125.73	4407.51	0.056	0.00e+00	3.64e-04
359	15/01/2008	22:00	14.90	190.0	8.27	10.60	1950.2	1.51	3.20	7.0	-103.57	2984.55	0.056	0.00e+00	3.63e-04
360	15/01/2008	23:00	14.40	200.0	7.99	10.70	1861.9	1.46	3.25	7.0	-100.05	2788.13	0.056	0.00e+00	3.63e-04
361	16/01/2008	00:00	12.90	200.0	7.17	10.20	1600.7	1.31	3.43	7.0	-89.74	2231.42	0.056	0.00e+00	3.61e-04
362	16/01/2008	01:00	15.80	180.0	8.76	9.00	2269.1	1.61	3.11	8.0	-89.56	4126.85	0.045	0.00e+00	3.55e-04
363	16/01/2008	02:00	11.30	190.0	6.28	9.30	1442.3	1.15	3.66	8.0	-63.93	2109.80	0.045	0.00e+00	3.56e-04
364	16/01/2008	03:00	8.00	240.0	4.47	9.60	896.0	0.81	4.34	8.0	-45.13	1054.41	0.045	0.00e+00	3.58e-04
365	16/01/2008	04:00	8.40	220.0	4.68	7.50	953.3	0.85	4.24	8.0	-47.65	1149.62	0.045	0.00e+00	3.47e-04
366	16/01/2008	05:00	4.50	170.0	2.53	6.90	382.4	0.44	5.75	8.0	-24.84	310.47	0.045	0.00e+00	3.44e-04
367	16/01/2008	06:00	5.60	190.0	3.16	7.30	537.6	0.56	5.16	8.0	-31.59	504.25	0.045	0.00e+00	3.46e-04
368	16/01/2008	07:00	2.80	230.0	1.52	7.20	158.3	0.24	7.31	8.0	-13.35	90.00	0.045	0.00e+00	3.46e-04
369	16/01/2008	08:00	5.80	180.0	3.24	6.60	1312.0	0.60	5.10	6.0	-2.36	7994.40	0.003	4.82e-04	3.43e-04
370	16/01/2008	09:00	3.90	200.0	2.16	6.90	1201.5	0.42	6.28	7.0	24.87	-258.04	-0.048	1.35e-03	3.44e-04
371	16/01/2008	10:00	5.20	180.0	2.87	8.60	1599.9	0.55	5.45	6.0	61.61	-245.94	-0.090	2.78e-03	3.53e-04
372	16/01/2008	11:00	4.90	180.0	2.71	8.30	1652.7	0.52	5.62	7.0	57.78	-222.23	-0.089	2.43e-03	3.51e-04
373	16/01/2008	12:00	7.10	190.0	3.93	8.70	2134.1	0.74	4.65	7.0	62.02	-579.92	-0.068	2.56e-03	3.53e-04
374	16/01/2008	13:00	7.30	180.0	4.04	8.60	2189.2	0.76	4.58	7.0	57.75	-672.26	-0.061	2.43e-03	3.53e-04
375	16/01/2008	14:00	5.40	180.0	2.99	9.10	2220.8	0.57	5.33	7.0	45.21	-362.71	-0.064	2.03e-03	3.55e-04
376	16/01/2008	15:00	5.50	190.0	3.06	9.80	2241.1	0.57	5.27	7.0	25.49	-658.45	-0.036	1.35e-03	3.59e-04
377	16/01/2008	16:00	6.70	190.0	3.74	9.60	1988.4	0.69	4.75	7.0	-0.35	84138.61	0.000	3.51e-04	3.58e-04
378	16/01/2008	17:00	6.20	190.0	3.48	9.40	568.6	0.62	4.91	7.0	-42.70	500.96	0.056	0.00e+00	3.57e-04
379	16/01/2008	18:00	5.10	210.0	2.86	8.90	419.2	0.50	5.41	7.0	-34.48	324.90	0.056	0.00e+00	3.54e-04
380	16/01/2008	19:00	3.70	220.0	2.05	8.20	220.1	0.33	6.33	6.0	-26.84	123.70	0.065	0.00e+00	3.51e-04
381	16/01/2008	20:00	2.40	260.0	1.31	8.20	145.5	0.21	7.88	6.0	-15.70	90.00	0.062	0.00e+00	3.51e-04
382	16/01/2008	21:00	2.70	270.0	1.47	8.30	155.2	0.23	7.44	6.0	-18.46	90.00	0.065	0.00e+00	3.51e-04
383	16/01/2008	22:00	1.90	230.0	1.05	7.00	127.9	0.16	8.82	6.0	-8.61	90.00	0.042	0.00e+00	3.45e-04
384	16/01/2008	23:00	1.80	150.0	1.00	4.70	124.1	0.16	9.05	7.0	-7.50	90.00	0.038	0.00e+00	3.33e-04
385	17/01/2008	00:00	2.30	200.0	1.26	5.80	142.1	0.20	8.04	7.0	-13.70	90.00	0.056	0.00e+00	3.39e-04
386	17/01/2008	01:00	1.90	150.0	1.05	5.40	127.9	0.16	8.82	7.0	-8.61	90.00	0.042	0.00e+00	3.37e-04
387	17/01/2008	02:00	2.10	170.0	1.16	6.00	135.2	0.18	8.40	7.0	-11.13	90.00	0.049	0.00e+00	3.40e-04
388	17/01/2008	03:00	2.20	240.0	1.21	5.60	138.7	0.19	8.21	7.0	-12.54	90.00	0.053	0.00e+00	3.38e-04
389	17/01/2008	04:00	1.20	180.0	1.00	4.00	98.7	0.11	10.99	7.0	-2.68	90.00	0.020	0.00e+00	3.30e-04
390	17/01/2008	05:00	2.20	180.0	1.21	5.50	138.7	0.19	8.21	7.0	-12.54	90.00	0.053	0.00e+00	3.37e-04
391	17/01/2008	06:00	2.30	200.0	1.26	5.90	142.1	0.20	8.04	7.0	-13.70	90.00	0.056	0.00e+00	3.39e-04
392	17/01/2008	07:00	1.00	0.0	1.00	5.70	88.9	0.09	11.99	7.0	-1.71	90.00	0.015	0.00e+00	3.38e-04
393	17/01/2008	08:00	1.10	70.0	1.00	5.50	93.9	0.10	11.46	6.0	-2.16	90.00	0.018	5.09e-04	3.37e-04
394	17/01/2008	09:00	1.10	120.0	1.00	7.20	537.7	0.19	10.90	6.0	34.77	-16.55	-0.150	1.87e-03	3.46e-04
395	17/01/2008	10:00	1.10	180.0	1.00	9.10	670.0	0.20	10.85	6.0	62.28	-11.59	-0.250	2.81e-03	3.55e-04
396	17/01/2008	11:00	2.50	210.0	1.47	10.10	947.7	0.33	7.67	6.0	79.16	-39.78	-0.196	3.35e-03	3.60e-04
397	17/01/2008	12:00	2.40	170.0	1.38	11.10	1031.4	0.31	7.93	7.0	62.31	-40.82	-0.166	2.57e-03	3.66e-04
398	17/01/2008	13:00	2.50	190.0	1.41	10.90	1103.9	0.31	7.83	7.0	58.13	-45.40	-0.153	2.44e-03	3.64e-04
399	17/01/2008	14:00	3.70	190.0	2.04	10.30	1174.5	0.41	6.48	7.0	45.79	-130.93	-0.091	2.05e-03	3.61e-04
400	17/01/2008	15:00	3.40	180.0	1.89	9.90	1192.3	0.36	6.71	8.0	11.83	-352.31	-0.027	6.52e-04	3.59e-04
401	17/01/2008	16:00	3.40	190.0	1.91	9.40	792.7	0.35	6.65	8.0	-0.70	5463.06	0.002	1.77e-04	3.57e-04
402	17/01/2008	17:00	3.80	170.0	2.12	9.20	256.3	0.35	6.25	7.0	-24.36	162.69	0.056	0.00e+00	3.56e-04
403	17/01/2008	18:00	4.00	180.0	2.23	9.30	280.5	0.38	6.10	7.0	-25.94	184.66	0.056	0.00e+00	3.56e-04
404	17/01/2008	19:00	4.60	190.0	2.59	9.40	397.9	0.45	5.69	8.0	-25.26	329.65	0.045	0.00e+00	3.57e-04
405	17/01/2008	20:00	5.10	180.0	2.86	8.60	418.9	0.50	5.41	7.0	-34.51	324.50	0.056	0.00e+00	3.53e-04
406	17/01/2008	21:00	5.30	180.0	2.97	8.30	445.0	0.52	5.31	7.0	-36.07	353.30	0.056	0.00e+00	3.51e-04
407	17/01/2008	22:00	4.60	180.0	2.57	8.10	354.2	0.45	5.69	7.0	-30.73	255.87	0.056	0.00e+00	3.50e-04
408	17/01/2008	23:00	4.00	180.0	2.23	8.60	280.0	0.38	6.10	7.0	-26.00	184.09	0.056	0.00e+00	3.53e-04
409	18/01/2008	00:00	4.80	200.0	2.68	8.40	379.9	0.47	5.58	7.0	-32.24	282.56	0.056	0.00e+00	3.52e-04
410	18/01/2008	01:00	4.10	180.0	2.29	8.10	291.9	0.39	6.03	7.0	-26.83	195.00	0.056	0.00e+00	3.50e-04
411	18/01/2008	02:00	1.10	10.0	1.00	8.00	93.9	0.10	11.46	7.0	-2.16	90.00	0.018	0.00e+00	3.50e-04
412	18/01/2008	03:00	1.60	120.0	1.00	7.70	116.2	0.14	9.57	7.0	-5.55	90.00	0.032	0.00e+00	3.48e-04
413	18/01/2008	04:00	1.00	130.0	1.00	7.20	88.9	0.09	11.99	7.0	-1.71	90.00	0.015	0.00e+00	3.46e-04
414	18/01/2008	05:00	2.20	90.0	1.21	6.60	138.7	0.19	8.21	7.0	-12.54	90.00	0.053	0.00e+00	3.43e-04
415	18/01/2008	06:00	1.20	150.0	1.00	6.30	98.7	0.11	10.99	7.0	-2.68	90.00	0.020	0.00e+00	3.41e-04
416	18/01/2008	07:00	1.00	160.0	1.00	6.80	88.9	0.09	11.99	7.0	-1.71	90.00	0.015	0.00e+00	3.44e-04
417	18/01/2008	08:00	1.00	0.0	1.00	6.90	88.9	0.09	11.99	6.0	-0.87	90.00	0.008	5.36e-04	3.44e-04
418	18/01/2008	09:00	1.30	160.0	1.00	9.00	600.0	0.21	10.15	2.0	40.14	-19.91	-0.156	2.63e-03	3.55e-04
419	18/01/2008	10:00	1.00	210.0	1.00	11.40	747.4	0.19	11.41	4.0	77.52	-8.37	-0.326	3.66e-03	3.67e-04
420	18/01/2008	11:00	1.00	160.0	1.00	11.80	872.9	0.19	11.41	6.0	79.49	-8.23	-0.333	3.37e-03	3.69e-04
421	18/01/2008	12:00	1.20	130.0	1.00	12.80	1007.7	0.22	10.44	5.0	98.72	-10.02	-0.362	4.20e-03	3.74e-04
422	18/01/2008	13:00	1.00	0.0	1.00	14.20	1125.9	0.20	11.44	4.0	98.15	-7.17	-0.405	4.37e-03	3.82e-04
423	18/01/2008	14:00	1.60	80.0	1.05	13.90	1196.2	0.25	9.11	6.0	62.63	-22.89	-0.204	2.83e-03	3.80e-04
424	18/01/2008	15:00	1.10	120.0	1.00	13.40	1225.5	0.18	11.12	7.0	27.43	-17.85	-0.127	1.39e-03	3.78e-04
425	18/01/2008	16:00	1.00	150.0	1.00	13.00	1227.9	0.12	12.54	7.0	2.28	-61.46	-0.016	3.91e-04	3.75e-04
426	18/01/2008	17:00	1.00	0.0	1.00	11.10	88.9	0.09	11.99	7.0	-1.71	90.00	0.016	0.00e+00	3.66e-04
427	18/01/2008	18:00	1.00	0.0	1.00	10.90	88.9	0.09	11.99	7.0	-1.71	90.00	0.016	0.00e+00	3.64e-04
428	18/01/2008	19:00	1.00	220.0	1.00	11.30	88.9	0.09	11.99	8.0	-1.71	90.00	0.016	0.00e+00	3.67e-04
429	18/01/2008	20:00	1.00	180.0	1.00	10.70	88.9	0.09	11.99	8.0	-1.71	90.00	0.016	0.00e+00	3.63e-04
430	18/01/2008	21:00	2.00	140.0	1.10	10.70	131.6	0.17	8.60	8.0	-9.54	90.00	0.045	0.00e+00	3.63e-04
431	18/01/2008	22:00	1.00	90.0	1.00	10.50	88.9	0.09	11.99	8.0	-1.71	90.00	0.016	0.00e+00	3.62e-04
432	18/01/2008	23:00	1.00	30.0	1.00	10.40	88.9	0.09	11.99	8.0	-1.71	90.00	0.016	0.00e+00	3.62e-04
433	19/01/2008	00:00	1.00	0.0	1.00	9.80	88.9	0.09	11.99	8.0	-1.71	90.00	0.016	0.00e+00	3.59e-04
434	19/01/2008	01:00	1.20	220.0	1.00	9.90	98.7	0.11	10.99	8.0	-2.68	90.00	0.021	0.00e+00	3.59e-04
435	19/01/2008	02:00	1.00	60.0	1.00	9.80	88.9	0.09	11.99	8.0	-1.71	90.00	0.016	0.00e+00	3.59e-04
436	19/01/2008	03:00	1.30	350.0	1.00	9.70	103.3	0.11	10.58	8.0	-3.28	90.00	0.023	0.00e+00	3.58e-04
437	19/01/2008	04:00	1.70	360.0	1.00	9.80	120.2	0.15	9.30	6.0	-6.48	90.00	0.036	0.00e+00	3.59e-04
438	19/01/2008	05:00	1.60	120.0	1.00	9.60	116.2	0.14	9.57	7.0	-5.55	90.00	0.032	0.00e+00	3.58e-04
439	19/01/2008	06:00	1.00	170.0	1.00	9.30	88.9	0.09	11.99	7.0	-1.71	90.00	0.016	0.00e+00	3.56e-04
440	19/01/2008	07:00	1.20	120.0	1.00	9.00	98.7	0.11	10.99	7.0	-2.68	90.00	0.021	0.00e+00	3.55e-04
441	19/01/2008	08:00	1.00	0.0	1.00	9.10	320.1	0.11	12.40	7.0	0.89	-135.68	-0.007	4.12e-04	3.55e-04
442	19/01/2008	09:00	1.00	20.0	1.00	9.40	486.7	0.17	11.50	7.0	26.96	-15.82	-0.129	1.40e-03	3.57e-04
443	19/01/2008	10:00	1.00	130.0	1.00	10.40	598.5	0.18	11.34	7.0	46.90	-11.71	-0.207	2.08e-03	3.62e-04
444	19/01/2008	11:00	1.00	0.0	1.00	11.50	714.5	0.19	11.37	7.0	59.22	-10.01	-0.256	2.48e-03	3.68e-04
445	19/01/2008	12:00	1.00	40.0	1.00	12.10	820.4	0.19	11.38	7.0	63.35	-9.57	-0.273	2.61e-03	3.71e-04
446	19/01/2008	13:00	1.00	40.0	1.00	12.70	908.3	0.19	11.37	7.0	59.17	-10.02	-0.257	2.48e-03	3.74e-04
447	19/01/2008	14:00	1.10	10.0	1.00	13.10	973.0	0.20	10.81	7.0	47.08	-14.03	-0.198	2.08e-03	3.76e-04
448	19/01/2008	15:00	1.10	80.0	1.00	13.60	1009.6	0.18	11.10	7.0	28.00	-17.75	-0.130	1.40e-03	3.79e-04
449	19/01/2008	16:00	1.30	360.0	1.00	13.00	1013.5	0.15	10.93	7.0	2.77	-100.31	-0.016	4.12e-04	3.75e-04
450	19/01/2008	17:00	1.30	60.0	1.00	12.20	103.3	0.11	10.58	8.0	-3.28	90.00	0.024	0.00e+00	3.71e-04
451	19/01/2008	18:00	1.10	350.0	1.00	11.60	93.9	0.10	11.46	8.0	-2.16	90.00	0.018	0.00e+00	3.68e-04
452	19/01/2008	19:00	1.80	360.0	1.00	11.50	124.1	0.16	9.05	8.0	-7.50	90.00	0.039	0.00e+00	3.68e-04
453	19/01/2008	20:00	1.60	350.0	1.00	11.60	116.2	0.14	9.57	8.0	-5.55	90.00	0.033	0.00e+00	3.68e-04
454	19/01/2008	21:00	1.10	10.0	1.00	10.90	93.9	0.10	11.46	8.0	-2.16	90.00	0.018	0.00e+00	3.64e-04
455	19/01/2008	22:00	1.30	350.0	1.00	10.60	103.3	0.11	10.58	8.0	-3.28	90.00	0.023	0.00e+00	3.63e-04
456	19/01/2008	23:00	1.20	10.0	1.00	10.40	98.7	0.11	10.99	8.0	-2.68	90.00	0.021	0.00e+00	3.62e-04
457	20/01/2008	00:00	1.10	30.0	1.00	10.30	93.9	0.10	11.46	8.0	-2.16	90.00	0.018	0.00e+00	3.61e-04
458	20/01/2008	01:00	1.50	360.0	1.00	10.10	112.0	0.13	9.88	8.0	-4.71	90.00	0.029	0.00e+00	3.60e-04
459	20/01/2008	02:00	1.00	120.0	1.00	9.50	88.9	0.09	11.99	8.0	-1.71	90.00	0.016	0.00e+00	3.57e-04
460	20/01/2008	03:00	1.00	110.0	1.00	8.20	88.9	0.09	11.99	8.0	-1.71	90.00	0.016	0.00e+00	3.51e-04
461	20/01/2008	04:00	1.00	130.0	1.00	7.40	88.9	0.09	11.99	8.0	-1.71	90.00	0.015	0.00e+00	3.47e-04
462	20/01/2008	05:00	1.20	100.0	1.00	6.20	98.7	0.11	10.99	6.0	-2.68	90.00	0.020	0.00e+00	3.41e-04
463	20/01/2008	06:00	1.00	100.0	1.00	4.90	88.9	0.09	11.99	6.0	-1.71	90.00	0.015	0.00e+00	3.34e-04
464	20/01/2008	07:00	1.00	0.0	1.00	3.80	88.9	0.09	11.99	4.0	-1.71	90.00	0.015	0.00e+00	3.29e-04
465	20/01/2008	08:00	1.00	130.0	1.00	3.90	88.9	0.09	11.99	2.0	-1.71	90.00	0.015	8.21e-04	3.29e-04
466	20/01/2008	09:00	1.00	0.0	1.00	7.10	523.5	0.18	11.33	2.0	42.13	-12.60	-0.186	2.70e-03	3.45e-04
467	20/01/2008	10:00	1.10	100.0	1.00	9.60	691.8	0.21	10.88	2.0	79.98	-9.79	-0.314	3.99e-03	3.58e-04
468	20/01/2008	11:00	1.00	120.0	1.00	11.40	861.7	0.20	11.45	3.0	103.62	-6.92	-0.421	4.64e-03	3.67e-04
469	20/01/2008	12:00	1.00	50.0	1.00	12.40	1012.6	0.20	11.45	3.0	110.87	-6.62	-0.449	4.88e-03	3.72e-04
470	20/01/2008	13:00	1.30	70.0	1.00	12.70	1135.6	0.24	10.04	3.0	103.02	-11.33	-0.357	4.64e-03	3.74e-04
471	20/01/2008	14:00	1.70	70.0	1.13	13.10	1223.0	0.27	8.78	2.0	79.12	-22.70	-0.238	3.99e-03	3.76e-04
472	20/01/2008	15:00	1.40	90.0	1.00	12.60	1267.2	0.22	9.85	2.0	42.56	-21.63	-0.160	2.70e-03	3.73e-04
473	20/01/2008	16:00	1.40	130.0	1.00	11.80	107.7	0.12	10.21	3.0	-2.71	90.00	0.018	8.05e-04	3.69e-04
474	20/01/2008	17:00	1.30	160.0	1.00	8.90	103.3	0.11	10.58	3.0	-3.28	90.00	0.023	0.00e+00	3.54e-04
475	20/01/2008	18:00	1.00	150.0	1.00	6.80	88.9	0.09	11.99	3.0	-1.71	90.00	0.015	0.00e+00	3.44e-04
476	20/01/2008	19:00	1.00	0.0	1.00	5.60	88.9	0.09	11.99	3.0	-1.71	90.00	0.015	0.00e+00	3.38e-04
477	20/01/2008	20:00	1.00	130.0	1.00	4.70	88.9	0.09	11.99	3.0	-1.71	90.00	0.015	0.00e+00	3.33e-04
478	20/01/2008	21:00	1.00	130.0	1.00	3.80	88.9	0.09	11.99	3.0	-1.71	90.00	0.015	0.00e+00	3.29e-04
479	20/01/2008	22:00	1.00	0.0	1.00	3.20	88.9	0.09	11.99	3.0	-1.71	90.00	0.015	0.00e+00	3.26e-04
480	20/01/2008	23:00	1.00	180.0	1.00	2.70	88.9	0.09	11.99	3.0	-1.71	90.00	0.015	0.00e+00	3.23e-04
481	21/01/2008	00:00	1.10	200.0	1.00	2.10	93.9	0.10	11.46	3.0	-2.16	90.00	0.018	0.00e+00	3.20e-04
482	21/01/2008	01:00	1.50	150.0	1.00	2.10	112.0	0.13	9.88	3.0	-4.71	90.00	0.028	0.00e+00	3.20e-04
483	21/01/2008	02:00	1.00	0.0	1.00	1.70	88.9	0.09	11.99	3.0	-1.71	90.00	0.015	0.00e+00	3.18e-04
484	21/01/2008	03:00	1.00	0.0	1.00	1.40	88.9	0.09	11.99	3.0	-1.71	90.00	0.015	0.00e+00	3.17e-04
485	21/01/2008	04:00	1.00	0.0	1.00	0.90	88.9	0.09	11.99	3.0	-1.71	90.00	0.015	0.00e+00	3.14e-04
486	21/01/2008	05:00	1.00	0.0	1.00	0.80	88.9	0.09	11.99	3.0	-1.71	90.00	0.015	0.00e+00	3.14e-04
487	21/01/2008	06:00	1.00	160.0	1.00	0.80	88.9	0.09	11.99	4.0	-1.71	90.00	0.015	0.00e+00	3.14e-04
488	21/01/2008	07:00	1.00	170.0	1.00	1.90	88.9	0.09	11.99	7.0	-1.71	90.00	0.015	0.00e+00	3.19e-04
489	21/01/2008	08:00	1.90	190.0	1.09	3.50	216.4	0.19	8.77	8.0	-2.21	270.98	0.009	2.17e-04	3.27e-04
490	21/01/2008	09:00	1.90	220.0	1.05	4.10	623.4	0.22	9.07	8.0	11.06	-81.06	-0.041	6.90e-04	3.30e-04
491	21/01/2008	10:00	3.20	200.0	1.77	4.80	1001.7	0.35	6.95	8.0	21.19	-175.55	-0.049	1.01e-03	3.34e-04
492	21/01/2008	11:00	2.20	190.0	1.21	5.50	1037.7	0.26	8.44	8.0	27.53	-56.30	-0.085	1.20e-03	3.37e-04
493	21/01/2008	12:00	2.40	210.0	1.32	6.10	1075.6	0.28	8.08	8.0	29.73	-64.84	-0.085	1.26e-03	3.40e-04
494	21/01/2008	13:00	2.50	200.0	1.38	6.90	1110.0	0.29	7.91	8.0	27.75	-75.19	-0.078	1.20e-03	3.44e-04
495	21/01/2008	14:00	2.50	160.0	1.38	7.20	1136.6	0.28	7.90	8.0	21.69	-91.61	-0.062	1.01e-03	3.46e-04
496	21/01/2008	15:00	3.00	190.0	1.67	7.30	1153.7	0.32	7.15	8.0	12.00	-246.70	-0.030	6.90e-04	3.46e-04
497	21/01/2008	16:00	3.10	210.0	1.74	7.10	689.1	0.32	6.97	8.0	-0.75	3877.33	0.002	2.17e-04	3.45e-04
498	21/01/2008	17:00	3.50	210.0	1.96	6.50	251.2	0.33	6.51	8.0	-18.51	171.55	0.045	0.00e+00	3.42e-04
499	21/01/2008	18:00	3.50	200.0	1.96	6.10	251.0	0.33	6.51	8.0	-18.53	171.24	0.045	0.00e+00	3.40e-04
500	21/01/2008	19:00	2.70	200.0	1.47	6.20	155.2	0.23	7.44	8.0	-12.94	90.00	0.045	0.00e+00	3.41e-04
501	21/01/2008	20:00	2.70	190.0	1.47	6.10	155.2	0.23	7.44	8.0	-12.94	90.00	0.045	0.00e+00	3.40e-04
502	21/01/2008	21:00	2.20	180.0	1.21	6.00	138.7	0.19	8.21	8.0	-10.63	90.00	0.045	0.00e+00	3.40e-04
503	21/01/2008	22:00	1.00	150.0	1.00	6.00	88.9	0.09	11.99	8.0	-1.71	90.00	0.015	0.00e+00	3.40e-04
504	21/01/2008	23:00	2.20	210.0	1.21	5.80	138.7	0.19	8.21	8.0	-10.64	90.00	0.045	0.00e+00	3.39e-04
505	22/01/2008	00:00	3.30	200.0	1.84	5.60	225.7	0.31	6.70	8.0	-17.24	147.43	0.045	0.00e+00	3.38e-04
506	22/01/2008	01:00	1.20	220.0	1.00	5.90	98.7	0.11	10.99	8.0	-2.68	90.00	0.020	0.00e+00	3.39e-04
507	22/01/2008	02:00	2.50	190.0	1.37	6.20	148.8	0.21	7.72	8.0	-12.01	90.00	0.045	0.00e+00	3.41e-04
508	22/01/2008	03:00	2.50	190.0	1.37	6.40	148.8	0.21	7.72	8.0	-12.00	90.00	0.045	0.00e+00	3.42e-04
509	22/01/2008	04:00	2.10	220.0	1.16	6.80	135.2	0.18	8.40	7.0	-11.13	90.00	0.049	0.00e+00	3.44e-04
510	22/01/2008	05:00	4.30	190.0	2.40	7.50	316.2	0.41	5.89	7.0	-28.45	217.92	0.056	0.00e+00	3.47e-04
511	22/01/2008	06:00	3.40	220.0	1.89	9.70	209.0	0.31	6.60	7.0	-21.08	122.48	0.056	0.00e+00	3.58e-04
512	22/01/2008	07:00	3.30	270.0	1.82	10.90	195.1	0.29	6.72	7.0	-19.98	111.42	0.056	0.00e+00	3.64e-04
513	22/01/2008	08:00	4.50	310.0	2.51	10.80	1343.1	0.47	5.80	7.0	3.28	-2736.02	-0.006	4.77e-04	3.64e-04
514	22/01/2008	09:00	2.20	340.0	1.21	11.30	1371.7	0.26	8.44	7.0	29.08	-54.14	-0.091	1.47e-03	3.67e-04
515	22/01/2008	10:00	4.60	340.0	2.54	11.00	1425.2	0.49	5.79	7.0	48.69	-218.87	-0.080	2.14e-03	3.65e-04
516	22/01/2008	11:00	5.30	360.0	2.93	10.40	1627.1	0.56	5.40	7.0	61.11	-260.85	-0.088	2.53e-03	3.62e-04
517	22/01/2008	12:00	8.60	330.0	4.76	11.00	2564.8	0.89	4.22	7.0	65.28	-956.37	-0.060	2.66e-03	3.65e-04
518	22/01/2008	13:00	8.80	340.0	4.89	10.00	2610.3	0.90	4.16	7.0	23.70	-2777.04	-0.021	2.53e-03	3.60e-04
519	22/01/2008	14:00	5.30	340.0	2.93	10.10	2637.6	0.56	5.39	7.0	48.67	-321.60	-0.070	2.14e-03	3.60e-04
520	22/01/2008	15:00	5.40	360.0	2.99	11.20	2660.3	0.57	5.33	6.0	39.05	-416.18	-0.056	2.01e-03	3.66e-04
521	22/01/2008	16:00	5.80	10.0	3.24	8.70	2665.2	0.60	5.11	4.0	0.27	-71230.15	-0.000	8.47e-04	3.53e-04
522	22/01/2008	17:00	3.50	360.0	1.89	7.60	178.6	0.30	6.57	4.0	-28.93	90.00	0.079	0.00e+00	3.48e-04
523	22/01/2008	18:00	3.70	360.0	1.99	6.60	184.1	0.31	6.39	4.0	-30.64	90.00	0.079	0.00e+00	3.43e-04
524	22/01/2008	19:00	4.40	360.0	2.43	5.80	264.4	0.40	5.83	4.0	-39.84	147.28	0.079	0.00e+00	3.39e-04
525	22/01/2008	20:00	4.70	350.0	2.60	5.10	285.8	0.43	5.64	3.0	-45.68	160.17	0.084	0.00e+00	3.35e-04
526	22/01/2008	21:00	5.50	10.0	3.05	4.70	374.7	0.53	5.22	3.0	-55.28	233.56	0.084	0.00e+00	3.33e-04
527	22/01/2008	22:00	5.50	350.0	3.05	4.30	374.4	0.53	5.22	3.0	-55.35	233.15	0.084	0.00e+00	3.31e-04
528	22/01/2008	23:00	4.90	340.0	2.71	3.70	306.8	0.46	5.53	3.0	-48.30	176.38	0.084	0.00e+00	3.28e-04
529	23/01/2008	00:00	4.20	340.0	2.31	3.10	230.1	0.37	5.96	3.0	-39.66	118.14	0.084	0.00e+00	3.25e-04
530	23/01/2008	01:00	3.80	330.0	2.05	2.80	186.7	0.32	6.31	2.0	-35.28	90.00	0.087	0.00e+00	3.24e-04
531	23/01/2008	02:00	3.80	330.0	2.05	2.90	186.7	0.32	6.31	2.0	-35.27	90.00	0.087	0.00e+00	3.24e-04
532	23/01/2008	03:00	1.90	360.0	1.05	2.90	127.9	0.16	8.82	1.0	-8.61	90.00	0.041	0.00e+00	3.24e-04
533	23/01/2008	04:00	1.40	10.0	1.00	2.00	107.7	0.12	10.21	1.0	-3.96	90.00	0.026	0.00e+00	3.20e-04
534	23/01/2008	05:00	3.40	350.0	1.84	2.40	175.9	0.29	6.66	1.0	-32.50	90.00	0.089	0.00e+00	3.22e-04
535	23/01/2008	06:00	3.50	350.0	1.89	2.60	178.6	0.30	6.57	2.0	-32.61	90.00	0.087	0.00e+00	3.23e-04
536	23/01/2008	07:00	3.20	360.0	1.73	2.00	170.2	0.27	6.86	3.0	-28.77	90.00	0.084	0.00e+00	3.20e-04
537	23/01/2008	08:00	3.20	10.0	1.80	2.60	456.4	0.33	6.83	3.0	-3.76	817.56	0.009	9.30e-04	3.23e-04
538	23/01/2008	09:00	3.30	30.0	1.82	2.90	1071.3	0.37	6.87	3.0	47.77	-95.24	-0.102	2.76e-03	3.24e-04
539	23/01/2008	10:00	2.80	80.0	1.62	3.40	1170.3	0.35	7.32	2.0	85.73	-45.98	-0.192	4.10e-03	3.27e-04
540	23/01/2008	11:00	3.00	120.0	1.76	3.90	1283.8	0.38	7.01	1.0	107.90	-46.99	-0.222	4.87e-03	3.29e-04
541	23/01/2008	12:00	2.70	70.0	1.67	4.30	1394.9	0.37	7.21	1.0	116.24	-39.41	-0.248	5.12e-03	3.31e-04
542	23/01/2008	13:00	1.90	90.0	1.26	5.50	1485.5	0.30	8.30	0.0	103.51	-23.74	-0.273	4.88e-03	3.37e-04
543	23/01/2008	14:00	2.50	70.0	1.47	5.80	1551.6	0.33	7.67	0.0	78.52	-39.88	-0.191	4.13e-03	3.39e-04
544	23/01/2008	15:00	2.40	90.0	1.33	5.90	1583.9	0.29	8.06	0.0	39.03	-53.38	-0.109	2.84e-03	3.39e-04
545	23/01/2008	16:00	2.30	60.0	1.26	4.80	142.1	0.20	8.04	0.0	-12.96	90.00	0.052	9.55e-04	3.34e-04
546	23/01/2008	17:00	1.00	50.0	1.00	3.20	88.9	0.09	11.99	0.0	-1.71	90.00	0.015	0.00e+00	3.26e-04
547	23/01/2008	18:00	1.10	40.0	1.00	2.80	93.9	0.10	11.46	0.0	-2.16	90.00	0.018	0.00e+00	3.24e-04
548	23/01/2008	19:00	1.00	230.0	1.00	1.40	88.9	0.09	11.99	0.0	-1.71	90.00	0.015	0.00e+00	3.17e-04
549	23/01/2008	20:00	1.00	200.0	1.00	0.80	88.9	0.09	11.99	0.0	-1.71	90.00	0.015	0.00e+00	3.14e-04
550	23/01/2008	21:00	1.00	180.0	1.00	0.80	88.9	0.09	11.99	0.0	-1.71	90.00	0.015	0.00e+00	3.14e-04
551	23/01/2008	22:00	1.00	180.0	1.00	-0.10	88.9	0.09	11.99	0.0	-1.71	90.00	0.015	0.00e+00	3.10e-04
552	23/01/2008	23:00	1.00	130.0	1.00	-0.50	88.9	0.09	11.99	0.0	-1.71	90.00	0.015	0.00e+00	3.08e-04
553	24/01/2008	00:00	1.00	110.0	1.00	-0.80	88.9	0.09	11.99	0.0	-1.71	90.00	0.015	0.00e+00	3.06e-04
554	24/01/2008	01:00	1.00	0.0	1.00	-1.10	88.9	0.09	11.99	0.0	-1.71	90.00	0.015	0.00e+00	3.05e-04
555	24/01/2008	02:00	1.00	60.0	1.00	-1.30	88.9	0.09	11.99	0.0	-1.71	90.00	0.015	0.00e+00	3.04e-04
556	24/01/2008	03:00	1.00	150.0	1.00	-2.00	88.9	0.09	11.99	0.0	-1.71	90.00	0.015	0.00e+00	3.00e-04
557	24/01/2008	04:00	1.00	150.0	1.00	-2.10	88.9	0.09	11.99	0.0	-1.71	90.00	0.015	0.00e+00	3.00e-04
558	24/01/2008	05:00	1.00	0.0	1.00	-2.10	88.9	0.09	11.99	0.0	-1.71	90.00	0.015	0.00e+00	3.00e-04
559	24/01/2008	06:00	1.00	0.0	1.00	-2.00	88.9	0.09	11.99	1.0	-1.71	90.00	0.015	0.00e+00	3.00e-04
560	24/01/2008	07:00	1.00	0.0	1.00	-2.20	88.9	0.09	11.99	2.0	-1.71	90.00	0.015	0.00e+00	3.00e-04
561	24/01/2008	08:00	1.20	160.0	1.00	-0.60	98.7	0.11	10.99	2.0	-2.68	90.00	0.020	9.94e-04	3.07e-04
562	24/01/2008	09:00	1.30	150.0	1.00	2.60	620.3	0.21	10.04	2.0	46.94	-18.81	-0.172	2.86e-03	3.23e-04
563	24/01/2008	10:00	1.50	190.0	1.00	4.40	779.7	0.25	9.32	3.0	87.87	-16.68	-0.274	4.06e-03	3.32e-04
564	24/01/2008	11:00	1.00	220.0	1.00	6.20	937.6	0.20	11.45	4.0	108.61	-6.71	-0.431	4.57e-03	3.41e-04
565	24/01/2008	12:00	1.00	0.0	1.00	8.20	1071.4	0.20	11.45	5.0	106.97	-6.77	-0.428	4.38e-03	3.51e-04
566	24/01/2008	13:00	1.10	310.0	1.00	8.30	1183.0	0.21	10.91	5.0	99.88	-8.45	-0.380	4.17e-03	3.51e-04
567	24/01/2008	14:00	1.00	20.0	1.00	10.00	1264.5	0.19	11.41	5.0	78.80	-8.28	-0.329	3.54e-03	3.60e-04
568	24/01/2008	15:00	1.00	350.0	1.00	10.50	1304.8	0.18	11.32	6.0	40.62	-12.92	-0.183	2.07e-03	3.62e-04
569	24/01/2008	16:00	1.00	20.0	1.00	9.20	1308.5	0.12	12.62	7.0	3.71	-41.76	-0.025	5.24e-04	3.56e-04
570	24/01/2008	17:00	1.00	0.0	1.00	6.70	88.9	0.09	11.99	7.0	-1.71	90.00	0.015	0.00e+00	3.43e-04
571	24/01/2008	18:00	1.00	0.0	1.00	5.30	88.9	0.09	11.99	7.0	-1.71	90.00	0.015	0.00e+00	3.36e-04
572	24/01/2008	19:00	1.00	0.0	1.00	4.10	88.9	0.09	11.99	7.0	-1.71	90.00	0.015	0.00e+00	3.30e-04
573	24/01/2008	20:00	1.00	0.0	1.00	3.60	88.9	0.09	11.99	7.0	-1.71	90.00	0.015	0.00e+00	3.28e-04
574	24/01/2008	21:00	1.40	300.0	1.00	4.80	107.7	0.12	10.21	7.0	-3.96	90.00	0.026	0.00e+00	3.34e-04
575	24/01/2008	22:00	1.00	360.0	1.00	6.00	88.9	0.09	11.99	7.0	-1.71	90.00	0.015	0.00e+00	3.40e-04
576	24/01/2008	23:00	1.50	340.0	1.00	6.90	112.0	0.13	9.88	6.0	-4.71	90.00	0.029	0.00e+00	3.44e-04
577	25/01/2008	00:00	1.50	320.0	1.00	6.70	112.0	0.13	9.88	6.0	-4.71	90.00	0.029	0.00e+00	3.43e-04
578	25/01/2008	01:00	3.80	350.0	2.11	7.20	230.9	0.35	6.25	6.0	-27.87	132.01	0.065	0.00e+00	3.46e-04
579	25/01/2008	02:00	4.50	340.0	2.50	6.90	311.8	0.43	5.76	6.0	-34.43	200.83	0.065	0.00e+00	3.44e-04
580	25/01/2008	03:00	4.50	350.0	2.50	6.60	311.6	0.43	5.76	6.0	-34.47	200.56	0.065	0.00e+00	3.43e-04
581	25/01/2008	04:00	5.90	340.0	3.30	6.70	485.3	0.58	5.04	6.0	-47.04	374.05	0.065	0.00e+00	3.43e-04
582	25/01/2008	05:00	3.80	350.0	2.11	6.30	254.6	0.35	6.25	7.0	-24.58	160.55	0.056	0.00e+00	3.41e-04
583	25/01/2008	06:00	6.70	360.0	3.79	6.50	701.7	0.68	4.71	8.0	-38.37	737.53	0.045	0.00e+00	3.42e-04
584	25/01/2008	07:00	7.70	360.0	4.32	6.50	849.2	0.78	4.41	8.0	-44.02	970.91	0.045	0.00e+00	3.42e-04
585	25/01/2008	08:00	8.20	360.0	4.57	6.20	3999.9	0.84	4.30	8.0	0.00	-11995024.19	-0.000	2.62e-04	3.41e-04
586	25/01/2008	09:00	7.10	350.0	3.95	6.10	2110.6	0.73	4.63	8.0	12.83	-2711.12	-0.014	7.31e-04	3.40e-04
587	25/01/2008	10:00	5.80	350.0	3.22	6.20	2131.5	0.60	5.13	8.0	22.73	-856.79	-0.030	1.05e-03	3.41e-04
588	25/01/2008	11:00	6.70	350.0	3.71	6.00	2179.6	0.70	4.79	7.0	63.73	-479.54	-0.073	2.59e-03	3.40e-04
589	25/01/2008	12:00	5.30	10.0	2.93	6.70	2237.9	0.57	5.41	6.0	93.21	-179.17	-0.130	3.73e-03	3.43e-04
590	25/01/2008	13:00	3.50	30.0	1.98	7.80	2299.9	0.42	6.60	4.0	108.91	-60.94	-0.208	4.60e-03	3.49e-04
591	25/01/2008	14:00	2.50	20.0	1.50	8.50	2347.3	0.34	7.60	2.0	86.34	-38.78	-0.208	4.18e-03	3.52e-04
592	25/01/2008	15:00	4.40	360.0	2.43	9.80	2376.8	0.47	5.93	3.0	49.92	-190.25	-0.085	2.85e-03	3.59e-04
593	25/01/2008	16:00	4.00	10.0	2.24	9.00	2379.5	0.41	6.15	3.0	1.15	-5463.70	-0.002	1.02e-03	3.55e-04
594	25/01/2008	17:00	4.10	360.0	2.25	8.00	220.4	0.36	6.04	3.0	-37.61	112.00	0.084	0.00e+00	3.50e-04
595	25/01/2008	18:00	4.50	360.0	2.49	7.20	265.5	0.41	5.76	3.0	-42.97	144.98	0.084	0.00e+00	3.46e-04
596	25/01/2008	19:00	2.10	360.0	1.16	6.60	135.2	0.18	8.40	3.0	-11.13	90.00	0.049	0.00e+00	3.43e-04
597	25/01/2008	20:00	1.10	350.0	1.00	5.00	93.9	0.10	11.46	6.0	-2.16	90.00	0.018	0.00e+00	3.35e-04
598	25/01/2008	21:00	1.00	360.0	1.00	3.00	88.9	0.09	11.99	6.0	-1.71	90.00	0.015	0.00e+00	3.25e-04
599	25/01/2008	22:00	1.90	350.0	1.05	3.40	127.9	0.16	8.82	8.0	-8.61	90.00	0.042	0.00e+00	3.27e-04
600	25/01/2008	23:00	3.00	360.0	1.63	4.40	164.3	0.25	7.07	6.0	-20.72	90.00	0.065	0.00e+00	3.32e-04
601	26/01/2008	00:00	1.80	40.0	1.00	2.60	124.1	0.16	9.05	6.0	-7.50	90.00	0.038	0.00e+00	3.23e-04
602	26/01/2008	01:00	2.20	340.0	1.21	2.00	138.7	0.19	8.21	8.0	-10.78	90.00	0.045	0.00e+00	3.20e-04
603	26/01/2008	02:00	1.30	10.0	1.00	2.30	103.3	0.11	10.58	8.0	-3.28	90.00	0.023	0.00e+00	3.21e-04
604	26/01/2008	03:00	1.00	360.0	1.00	3.30	88.9	0.09	11.99	8.0	-1.71	90.00	0.015	0.00e+00	3.26e-04
605	26/01/2008	04:00	2.20	350.0	1.21	2.80	138.7	0.19	8.21	8.0	-10.75	90.00	0.045	0.00e+00	3.24e-04
606	26/01/2008	05:00	3.80	340.0	2.13	2.30	286.9	0.36	6.25	8.0	-20.72	205.53	0.045	0.00e+00	3.21e-04
607	26/01/2008	06:00	1.40	330.0	1.00	1.40	107.7	0.12	10.21	6.0	-3.96	90.00	0.025	0.00e+00	3.17e-04
608	26/01/2008	07:00	1.40	310.0	1.00	1.40	107.7	0.12	10.21	8.0	-3.96	90.00	0.025	0.00e+00	3.17e-04
609	26/01/2008	08:00	3.20	330.0	1.79	2.00	961.1	0.33	6.88	7.0	2.30	-1427.17	-0.005	5.72e-04	3.20e-04
610	26/01/2008	09:00	2.90	340.0	1.60	2.10	1004.0	0.32	7.33	7.0	30.32	-100.35	-0.074	1.55e-03	3.20e-04
611	26/01/2008	10:00	2.20	300.0	1.21	2.50	1033.3	0.25	8.44	8.0	22.43	-65.60	-0.069	1.06e-03	3.22e-04
612	26/01/2008	11:00	1.30	330.0	1.00	2.90	1109.0	0.22	9.98	7.0	65.10	-15.52	-0.229	2.62e-03	3.24e-04
613	26/01/2008	12:00	1.50	10.0	1.00	2.80	1143.7	0.21	9.94	8.0	31.07	-25.76	-0.118	1.31e-03	3.24e-04
614	26/01/2008	13:00	2.30	20.0	1.48	3.30	1262.8	0.34	7.64	4.0	112.97	-31.38	-0.262	4.64e-03	3.26e-04
615	26/01/2008	14:00	1.00	30.0	1.00	4.10	1347.5	0.20	11.43	2.0	89.42	-7.62	-0.360	4.22e-03	3.30e-04
616	26/01/2008	15:00	1.00	0.0	1.00	5.50	1392.5	0.18	11.35	2.0	49.32	-11.32	-0.213	2.95e-03	3.37e-04
617	26/01/2008	16:00	1.00	10.0	1.00	4.40	88.9	0.09	11.99	1.0	-1.71	90.00	0.015	1.09e-03	3.32e-04
618	26/01/2008	17:00	1.00	70.0	1.00	2.70	88.9	0.09	11.99	1.0	-1.71	90.00	0.015	0.00e+00	3.23e-04
619	26/01/2008	18:00	1.00	340.0	1.00	1.30	88.9	0.09	11.99	2.0	-1.71	90.00	0.015	0.00e+00	3.16e-04
620	26/01/2008	19:00	1.00	310.0	1.00	0.70	88.9	0.09	11.99	2.0	-1.71	90.00	0.015	0.00e+00	3.13e-04
621	26/01/2008	20:00	1.10	150.0	1.00	0.20	93.9	0.10	11.46	3.0	-2.16	90.00	0.017	0.00e+00	3.11e-04
622	26/01/2008	21:00	1.60	200.0	1.00	-0.20	116.2	0.14	9.57	3.0	-5.55	90.00	0.031	0.00e+00	3.09e-04
623	26/01/2008	22:00	1.10	200.0	1.00	-0.90	93.9	0.10	11.46	4.0	-2.16	90.00	0.017	0.00e+00	3.06e-04
624	26/01/2008	23:00	1.00	150.0	1.00	-1.60	88.9	0.09	11.99	4.0	-1.71	90.00	0.015	0.00e+00	3.02e-04
625	27/01/2008	00:00	1.00	0.0	1.00	-2.20	88.9	0.09	11.99	5.0	-1.71	90.00	0.015	0.00e+00	3.00e-04
626	27/01/2008	01:00	1.00	230.0	1.00	-2.30	88.9	0.09	11.99	6.0	-1.71	90.00	0.015	0.00e+00	2.99e-04
627	27/01/2008	02:00	1.00	0.0	1.00	-2.80	88.9	0.09	11.99	6.0	-1.71	90.00	0.015	0.00e+00	2.97e-04
628	27/01/2008	03:00	1.00	150.0	1.00	-2.80	88.9	0.09	11.99	8.0	-1.71	90.00	0.015	0.00e+00	2.97e-04
629	27/01/2008	04:00	1.00	0.0	1.00	-3.20	88.9	0.09	11.99	8.0	-1.71	90.00	0.015	0.00e+00	2.95e-04
630	27/01/2008	05:00	1.00	0.0	1.00	-3.70	88.9	0.09	11.99	8.0	-1.71	90.00	0.015	0.00e+00	2.92e-04
631	27/01/2008	06:00	1.30	340.0	1.00	-3.80	103.3	0.11	10.58	5.0	-3.28	90.00	0.022	0.00e+00	2.92e-04
632	27/01/2008	07:00	1.50	60.0	1.00	-3.80	112.0	0.13	9.88	5.0	-4.71	90.00	0.028	0.00e+00	2.92e-04
633	27/01/2008	08:00	1.20	60.0	1.00	-3.50	98.7	0.11	10.99	8.0	-2.60	90.00	0.019	2.85e-04	2.93e-04
634	27/01/2008	09:00	1.00	30.0	1.00	-3.10	396.1	0.14	12.49	8.0	11.48	-20.03	-0.065	7.53e-04	2.95e-04
635	27/01/2008	10:00	1.00	90.0	1.00	-2.50	464.7	0.16	11.72	8.0	22.24	-16.70	-0.107	1.07e-03	2.98e-04
636	27/01/2008	11:00	1.00	280.0	1.00	-2.10	537.0	0.17	11.44	8.0	28.96	-15.44	-0.131	1.26e-03	3.00e-04
637	27/01/2008	12:00	1.00	80.0	1.00	-1.00	605.3	0.17	11.38	8.0	31.26	-15.00	-0.140	1.32e-03	3.05e-04
638	27/01/2008	13:00	1.00	80.0	1.00	-0.30	662.5	0.17	11.44	8.0	29.03	-15.43	-0.132	1.26e-03	3.09e-04
639	27/01/2008	14:00	1.00	120.0	1.00	-0.10	703.5	0.16	11.70	8.0	22.46	-16.65	-0.109	1.07e-03	3.10e-04
640	27/01/2008	15:00	1.30	120.0	1.00	-0.20	725.0	0.16	11.05	8.0	11.98	-32.09	-0.057	7.53e-04	3.09e-04
641	27/01/2008	16:00	1.00	120.0	1.00	-0.20	88.9	0.09	11.99	8.0	-1.66	90.00	0.015	2.85e-04	3.09e-04
642	27/01/2008	17:00	1.00	0.0	1.00	-0.60	88.9	0.09	11.99	8.0	-1.71	90.00	0.015	0.00e+00	3.07e-04
643	27/01/2008	18:00	1.00	110.0	1.00	-0.60	88.9	0.09	11.99	8.0	-1.71	90.00	0.015	0.00e+00	3.07e-04
644	27/01/2008	19:00	1.00	0.0	1.00	-0.70	88.9	0.09	11.99	8.0	-1.71	90.00	0.015	0.00e+00	3.07e-04
645	27/01/2008	20:00	1.60	90.0	1.00	-0.70	116.2	0.14	9.57	8.0	-5.55	90.00	0.031	0.00e+00	3.07e-04
646	27/01/2008	21:00	1.00	30.0	1.00	-1.10	88.9	0.09	11.99	8.0	-1.71	90.00	0.015	0.00e+00	3.05e-04
647	27/01/2008	22:00	1.20	50.0	1.00	-1.20	98.7	0.11	10.99	8.0	-2.68	90.00	0.020	0.00e+00	3.04e-04
648	27/01/2008	23:00	1.20	350.0	1.00	-1.20	98.7	0.11	10.99	8.0	-2.68	90.00	0.020	0.00e+00	3.04e-04
649	28/01/2008	00:00	1.00	220.0	1.00	-1.40	88.9	0.09	11.99	8.0	-1.71	90.00	0.015	0.00e+00	3.03e-04
650	28/01/2008	01:00	1.00	100.0	1.00	-1.60	88.9	0.09	11.99	8.0	-1.71	90.00	0.015	0.00e+00	3.02e-04
651	28/01/2008	02:00	1.00	0.0	1.00	-2.30	88.9	0.09	11.99	8.0	-1.71	90.00	0.015	0.00e+00	2.99e-04
652	28/01/2008	03:00	1.00	50.0	1.00	-2.80	88.9	0.09	11.99	8.0	-1.71	90.00	0.015	0.00e+00	2.97e-04
653	28/01/2008	04:00	1.00	170.0	1.00	-3.10	88.9	0.09	11.99	8.0	-1.71	90.00	0.015	0.00e+00	2.95e-04
654	28/01/2008	05:00	1.00	120.0	1.00	-2.80	88.9	0.09	11.99	0.0	-1.71	90.00	0.015	0.00e+00	2.97e-04
655	28/01/2008	06:00	1.40	250.0	1.00	-2.70	107.7	0.12	10.21	0.0	-3.96	90.00	0.025	0.00e+00	2.97e-04
656	28/01/2008	07:00	2.60	260.0	1.42	-2.70	152.0	0.22	7.58	0.0	-19.31	90.00	0.067	0.00e+00	2.97e-04
657	28/01/2008	08:00	1.00	240.0	1.00	-1.90	321.5	0.11	12.41	3.0	0.99	-123.79	-0.007	1.16e-03	3.01e-04
658	28/01/2008	09:00	1.00	150.0	1.00	0.00	538.3	0.19	11.36	3.0	54.62	-10.57	-0.229	2.98e-03	3.10e-04
659	28/01/2008	10:00	1.00	0.0	1.00	2.10	723.5	0.20	11.43	3.0	94.32	-7.35	-0.375	4.22e-03	3.20e-04
660	28/01/2008	11:00	1.60	10.0	1.06	3.20	906.4	0.27	9.06	3.0	118.70	-15.36	-0.343	4.94e-03	3.26e-04
661	28/01/2008	12:00	1.70	50.0	1.13	5.10	1067.0	0.29	8.79	3.0	125.74	-16.62	-0.350	5.18e-03	3.35e-04
662	28/01/2008	13:00	1.20	50.0	1.00	5.90	1195.9	0.23	10.46	3.0	116.84	-8.95	-0.410	4.94e-03	3.39e-04
663	28/01/2008	14:00	1.70	80.0	1.12	6.80	1270.6	0.27	8.82	6.0	72.34	-23.67	-0.216	3.11e-03	3.44e-04
664	28/01/2008	15:00	2.30	90.0	1.28	6.50	1314.8	0.28	8.20	6.0	44.04	-45.25	-0.125	2.20e-03	3.42e-04
665	28/01/2008	16:00	1.50	80.0	1.00	5.80	1321.7	0.17	10.23	6.0	6.82	-67.48	-0.032	8.54e-04	3.39e-04
666	28/01/2008	17:00	1.30	90.0	1.00	4.00	103.3	0.11	10.58	6.0	-3.28	90.00	0.023	0.00e+00	3.30e-04
667	28/01/2008	18:00	1.30	350.0	1.00	2.50	103.3	0.11	10.58	5.0	-3.28	90.00	0.023	0.00e+00	3.22e-04
668	28/01/2008	19:00	1.00	0.0	1.00	1.30	88.9	0.09	11.99	5.0	-1.71	90.00	0.015	0.00e+00	3.16e-04
669	28/01/2008	20:00	1.00	0.0	1.00	0.40	88.9	0.09	11.99	5.0	-1.71	90.00	0.015	0.00e+00	3.12e-04
670	28/01/2008	21:00	1.20	120.0	1.00	-0.30	98.7	0.11	10.99	4.0	-2.68	90.00	0.020	0.00e+00	3.09e-04
671	28/01/2008	22:00	1.00	0.0	1.00	-0.70	88.9	0.09	11.99	4.0	-1.71	90.00	0.015	0.00e+00	3.07e-04
672	28/01/2008	23:00	1.00	0.0	1.00	-0.70	88.9	0.09	11.99	4.0	-1.71	90.00	0.015	0.00e+00	3.07e-04
673	29/01/2008	00:00	1.00	0.0	1.00	-1.30	88.9	0.09	11.99	3.0	-1.71	90.00	0.015	0.00e+00	3.04e-04
674	29/01/2008	01:00	1.00	0.0	1.00	-1.70	88.9	0.09	11.99	3.0	-1.71	90.00	0.015	0.00e+00	3.02e-04
675	29/01/2008	02:00	1.00	0.0	1.00	-2.10	88.9	0.09	11.99	3.0	-1.71	90.00	0.015	0.00e+00	3.00e-04
676	29/01/2008	03:00	1.00	0.0	1.00	-2.40	88.9	0.09	11.99	2.0	-1.71	90.00	0.015	0.00e+00	2.99e-04
677	29/01/2008	04:00	1.00	0.0	1.00	-2.80	88.9	0.09	11.99	2.0	-1.71	90.00	0.015	0.00e+00	2.97e-04
678	29/01/2008	05:00	1.00	0.0	1.00	-2.90	88.9	0.09	11.99	2.0	-1.71	90.00	0.015	0.00e+00	2.96e-04
679	29/01/2008	06:00	1.00	0.0	1.00	-2.90	88.9	0.09	11.99	1.0	-1.71	90.00	0.015	0.00e+00	2.96e-04
680	29/01/2008	07:00	1.00	0.0	1.00	-2.90	88.9	0.09	11.99	1.0	-1.71	90.00	0.015	0.00e+00	2.96e-04
681	29/01/2008	08:00	1.00	0.0	1.00	-2.20	88.9	0.09	11.99	1.0	-1.71	90.00	0.015	1.24e-03	3.00e-04
682	29/01/2008	09:00	1.00	0.0	1.00	0.00	534.2	0.19	11.35	1.0	50.85	-11.09	-0.215	3.10e-03	3.10e-04
683	29/01/2008	10:00	1.00	0.0	1.00	1.90	715.9	0.20	11.43	1.0	91.84	-7.48	-0.366	4.38e-03	3.19e-04
684	29/01/2008	11:00	1.00	10.0	1.00	3.70	895.1	0.20	11.46	1.0	116.52	-6.41	-0.454	5.11e-03	3.28e-04
685	29/01/2008	12:00	1.30	340.0	1.00	5.20	1043.1	0.24	10.05	5.0	114.75	-10.54	-0.383	4.55e-03	3.36e-04
686	29/01/2008	13:00	1.20	350.0	1.00	5.80	1147.6	0.22	10.43	6.0	91.61	-10.54	-0.330	3.67e-03	3.39e-04
687	29/01/2008	14:00	1.60	350.0	1.07	7.10	1226.2	0.26	9.03	6.0	73.28	-21.31	-0.226	3.14e-03	3.45e-04
688	29/01/2008	15:00	1.20	110.0	1.00	7.80	1259.9	0.19	10.62	7.0	33.00	-18.98	-0.138	1.63e-03	3.49e-04
689	29/01/2008	16:00	1.00	80.0	1.00	6.80	1266.0	0.13	12.66	7.0	5.94	-29.57	-0.038	6.49e-04	3.44e-04
690	29/01/2008	17:00	1.00	0.0	1.00	5.60	88.9	0.09	11.99	7.0	-1.71	90.00	0.015	0.00e+00	3.38e-04
691	29/01/2008	18:00	1.50	10.0	1.00	4.80	112.0	0.13	9.88	7.0	-4.71	90.00	0.029	0.00e+00	3.34e-04
692	29/01/2008	19:00	1.50	20.0	1.00	3.90	112.0	0.13	9.88	7.0	-4.71	90.00	0.029	0.00e+00	3.29e-04
693	29/01/2008	20:00	1.40	330.0	1.00	3.00	107.7	0.12	10.21	7.0	-3.96	90.00	0.026	0.00e+00	3.25e-04
694	29/01/2008	21:00	1.00	0.0	1.00	2.70	88.9	0.09	11.99	7.0	-1.71	90.00	0.015	0.00e+00	3.23e-04
695	29/01/2008	22:00	1.00	0.0	1.00	2.00	88.9	0.09	11.99	7.0	-1.71	90.00	0.015	0.00e+00	3.20e-04
696	29/01/2008	23:00	1.00	0.0	1.00	1.80	88.9	0.09	11.99	8.0	-1.71	90.00	0.015	0.00e+00	3.19e-04
697	30/01/2008	00:00	1.00	70.0	1.00	1.80	88.9	0.09	11.99	8.0	-1.71	90.00	0.015	0.00e+00	3.19e-04
698	30/01/2008	01:00	1.40	40.0	1.00	1.90	107.7	0.12	10.21	8.0	-3.96	90.00	0.025	0.00e+00	3.19e-04
699	30/01/2008	02:00	2.20	40.0	1.21	0.90	138.7	0.19	8.21	8.0	-10.83	90.00	0.045	0.00e+00	3.14e-04
700	30/01/2008	03:00	2.00	360.0	1.10	0.70	131.6	0.17	8.60	8.0	-9.82	90.00	0.045	0.00e+00	3.13e-04
701	30/01/2008	04:00	1.00	240.0	1.00	0.60	88.9	0.09	11.99	8.0	-1.71	90.00	0.015	0.00e+00	3.13e-04
702	30/01/2008	05:00	1.00	0.0	1.00	1.00	88.9	0.09	11.99	8.0	-1.71	90.00	0.015	0.00e+00	3.15e-04
703	30/01/2008	06:00	1.20	330.0	1.00	1.50	98.7	0.11	10.99	8.0	-2.68	90.00	0.020	0.00e+00	3.17e-04
704	30/01/2008	07:00	1.00	190.0	1.00	1.80	88.9	0.09	11.99	8.0	-1.71	90.00	0.015	0.00e+00	3.19e-04
705	30/01/2008	08:00	1.00	0.0	1.00	2.20	304.0	0.11	12.27	8.0	0.13	-818.54	-0.001	3.23e-04	3.21e-04
706	30/01/2008	09:00	1.10	270.0	1.00	3.20	532.9	0.18	10.93	7.0	33.31	-16.81	-0.143	1.65e-03	3.26e-04
707	30/01/2008	10:00	1.00	0.0	1.00	4.70	723.5	0.20	11.44	3.0	95.92	-7.27	-0.384	4.31e-03	3.33e-04
708	30/01/2008	11:00	1.00	360.0	1.00	6.30	902.2	0.20	11.46	1.0	116.27	-6.42	-0.458	5.16e-03	3.41e-04
709	30/01/2008	12:00	1.00	360.0	1.00	7.20	1060.4	0.20	11.47	1.0	124.12	-6.15	-0.487	5.40e-03	3.46e-04
710	30/01/2008	13:00	1.00	70.0	1.00	7.90	1191.5	0.20	11.46	2.0	117.81	-6.36	-0.466	5.13e-03	3.49e-04
711	30/01/2008	14:00	2.10	30.0	1.30	8.00	1269.2	0.30	8.17	6.0	74.09	-31.85	-0.200	3.18e-03	3.50e-04
712	30/01/2008	15:00	4.30	20.0	2.39	7.10	1301.0	0.45	5.96	8.0	14.79	-551.17	-0.026	7.88e-04	3.45e-04
713	30/01/2008	16:00	4.50	10.0	2.52	6.10	1340.6	0.46	5.80	8.0	1.54	-5771.01	-0.003	3.23e-04	3.40e-04
714	30/01/2008	17:00	3.20	10.0	1.78	5.50	213.3	0.29	6.80	8.0	-16.58	136.18	0.045	0.00e+00	3.37e-04
715	30/01/2008	18:00	2.80	30.0	1.52	4.90	158.3	0.24	7.31	7.0	-16.62	90.00	0.056	0.00e+00	3.34e-04
716	30/01/2008	19:00	3.40	40.0	1.88	4.00	205.0	0.30	6.61	7.0	-21.35	118.20	0.056	0.00e+00	3.30e-04
717	30/01/2008	20:00	3.00	50.0	1.66	3.80	185.1	0.27	7.04	8.0	-15.13	111.38	0.045	0.00e+00	3.29e-04
718	30/01/2008	21:00	3.20	30.0	1.78	3.10	212.1	0.29	6.80	8.0	-16.70	134.61	0.045	0.00e+00	3.25e-04
719	30/01/2008	22:00	1.70	80.0	1.00	2.40	120.2	0.15	9.30	8.0	-6.48	90.00	0.035	0.00e+00	3.22e-04
720	30/01/2008	23:00	1.00	120.0	1.00	1.90	88.9	0.09	11.99	8.0	-1.71	90.00	0.015	0.00e+00	3.19e-04
721	31/01/2008	00:00	1.00	0.0	1.00	1.90	88.9	0.09	11.99	8.0	-1.71	90.00	0.015	0.00e+00	3.19e-04
722	31/01/2008	01:00	1.00	60.0	1.00	2.10	88.9	0.09	11.99	8.0	-1.71	90.00	0.015	0.00e+00	3.20e-04
723	31/01/2008	02:00	1.00	20.0	1.00	2.10	88.9	0.09	11.99	8.0	-1.71	90.00	0.015	0.00e+00	3.20e-04
724	31/01/2008	03:00	3.70	340.0	2.07	2.60	274.3	0.35	6.33	8.0	-20.05	193.03	0.045	0.00e+00	3.23e-04
725	31/01/2008	04:00	3.60	350.0	2.01	2.50	261.6	0.34	6.42	8.0	-19.40	180.51	0.045	0.00e+00	3.22e-04
726	31/01/2008	05:00	3.60	360.0	2.01	2.50	261.6	0.34	6.42	8.0	-19.40	180.51	0.045	0.00e+00	3.22e-04
727	31/01/2008	06:00	3.00	360.0	1.66	2.50	184.2	0.27	7.04	8.0	-15.17	110.47	0.045	0.00e+00	3.22e-04
728	31/01/2008	07:00	2.30	10.0	1.26	2.40	142.1	0.20	8.04	8.0	-11.24	90.00	0.045	0.00e+00	3.22e-04
729	31/01/2008	08:00	3.00	20.0	1.68	2.40	896.6	0.31	7.09	8.0	0.54	-4916.10	-0.001	3.35e-04	3.22e-04
730	31/01/2008	09:00	2.20	360.0	1.21	2.70	918.3	0.25	8.42	8.0	14.03	-95.69	-0.045	8.00e-04	3.23e-04
731	31/01/2008	10:00	1.70	360.0	1.00	3.00	951.8	0.21	9.59	8.0	24.34	-35.47	-0.090	1.12e-03	3.25e-04
732	31/01/2008	11:00	2.00	360.0	1.11	3.50	993.0	0.25	8.83	8.0	30.82	-42.51	-0.100	1.30e-03	3.27e-04
733	31/01/2008	12:00	1.30	30.0	1.00	3.90	1034.1	0.20	10.34	8.0	33.03	-21.07	-0.132	1.36e-03	3.29e-04
734	31/01/2008	13:00	1.10	140.0	1.00	4.50	1113.6	0.20	10.86	7.0	68.63	-10.85	-0.269	2.73e-03	3.32e-04
735	31/01/2008	14:00	1.90	120.0	1.15	4.50	1175.2	0.27	8.68	7.0	55.32	-30.24	-0.165	2.34e-03	3.32e-04
736	31/01/2008	15:00	3.10	110.0	1.72	5.30	1239.4	0.36	7.08	3.0	58.02	-71.01	-0.129	3.11e-03	3.36e-04
737	31/01/2008	16:00	2.80	130.0	1.56	4.50	1251.3	0.30	7.40	6.0	9.28	-258.69	-0.025	9.63e-04	3.32e-04
738	31/01/2008	17:00	3.30	130.0	1.79	2.40	173.0	0.28	6.76	6.0	-22.88	90.00	0.065	0.00e+00	3.22e-04
739	31/01/2008	18:00	2.00	130.0	1.10	1.40	131.6	0.17	8.60	6.0	-9.82	90.00	0.045	0.00e+00	3.17e-04
740	31/01/2008	19:00	1.00	160.0	1.00	0.60	88.9	0.09	11.99	6.0	-1.71	90.00	0.015	0.00e+00	3.13e-04
741	31/01/2008	20:00	2.00	160.0	1.10	0.20	131.6	0.17	8.60	6.0	-9.82	90.00	0.045	0.00e+00	3.11e-04
742	31/01/2008	21:00	1.10	130.0	1.00	-0.10	93.9	0.10	11.46	6.0	-2.16	90.00	0.017	0.00e+00	3.10e-04
743	31/01/2008	22:00	2.40	140.0	1.31	0.10	145.5	0.21	7.88	6.0	-15.70	90.00	0.060	0.00e+00	3.11e-04
744	31/01/2008	23:00	1.00	150.0	1.00	0.80	88.9	0.09	11.99	7.0	-1.71	90.00	0.015	0.00e+00	3.14e-04
