i	Date	Heure	Uext	Direct	Uh	To	h	us	sigmatheta	Cld	Fo	Lmo	thetas	k1	k3
3649	01/06/2008	00:00	1.00	160.0	1.00	16.20	88.9	0.09	11.99	8.0	-1.70	90.00	0.016	0.00e+00	3.90e-04
3650	01/06/2008	01:00	2.60	130.0	1.42	16.30	152.0	0.22	7.58	8.0	-11.98	90.00	0.045	0.00e+00	3.91e-04
3651	01/06/2008	02:00	2.50	140.0	1.37	16.20	148.8	0.21	7.72	8.0	-11.54	90.00	0.045	0.00e+00	3.90e-04
3652	01/06/2008	03:00	1.00	250.0	1.00	15.90	88.9	0.09	11.99	8.0	-1.70	90.00	0.016	0.00e+00	3.89e-04
3653	01/06/2008	04:00	1.20	170.0	1.00	15.80	98.7	0.11	10.99	8.0	-2.67	90.00	0.021	0.00e+00	3.88e-04
3654	01/06/2008	05:00	2.00	130.0	1.11	16.20	630.0	0.22	8.77	8.0	5.44	-169.31	-0.021	2.89e-04	3.90e-04
3655	01/06/2008	06:00	3.40	130.0	1.89	17.30	1055.6	0.37	6.73	8.0	20.26	-213.80	-0.046	8.52e-04	3.96e-04
3656	01/06/2008	07:00	3.40	150.0	1.88	17.30	1104.1	0.37	6.76	8.0	34.46	-133.87	-0.077	1.33e-03	3.96e-04
3657	01/06/2008	08:00	2.50	180.0	1.39	15.90	1119.3	0.27	7.86	8.0	10.75	-166.53	-0.033	1.71e-03	3.89e-04
3658	01/06/2008	09:00	1.00	60.0	1.00	16.20	1138.5	0.15	12.09	8.0	16.63	-17.81	-0.093	1.99e-03	3.90e-04
3659	01/06/2008	10:00	3.70	100.0	2.13	17.70	1308.2	0.45	6.37	7.0	138.59	-59.48	-0.256	4.55e-03	3.98e-04
3660	01/06/2008	11:00	2.80	100.0	1.78	18.70	1454.0	0.40	6.97	7.0	149.30	-37.94	-0.313	4.75e-03	4.04e-04
3661	01/06/2008	12:00	2.10	90.0	1.39	19.80	1587.3	0.34	7.92	7.0	152.37	-22.05	-0.382	4.81e-03	4.10e-04
3662	01/06/2008	13:00	1.00	60.0	1.00	20.80	1646.9	0.19	11.40	8.0	73.24	-8.66	-0.321	2.27e-03	4.15e-04
3663	01/06/2008	14:00	2.40	320.0	1.40	20.50	1701.5	0.31	7.88	8.0	67.90	-39.37	-0.184	2.17e-03	4.14e-04
3664	01/06/2008	15:00	2.70	350.0	1.51	20.50	1748.4	0.33	7.56	8.0	59.43	-51.89	-0.154	1.99e-03	4.14e-04
3665	01/06/2008	16:00	3.90	340.0	2.15	20.90	1788.5	0.43	6.31	8.0	48.49	-141.99	-0.096	1.71e-03	4.16e-04
3666	01/06/2008	17:00	2.70	340.0	1.49	19.90	1815.6	0.31	7.61	8.0	35.32	-74.51	-0.096	1.33e-03	4.10e-04
3667	01/06/2008	18:00	2.80	330.0	1.55	19.50	1832.2	0.31	7.45	8.0	21.25	-123.26	-0.058	8.52e-04	4.08e-04
3668	01/06/2008	19:00	2.30	320.0	1.28	18.70	1837.8	0.25	8.17	8.0	6.86	-199.46	-0.023	2.89e-04	4.04e-04
3669	01/06/2008	20:00	1.60	330.0	1.00	18.10	116.2	0.14	9.57	8.0	-5.53	90.00	0.033	0.00e+00	4.01e-04
3670	01/06/2008	21:00	1.00	320.0	1.00	18.30	88.9	0.09	11.99	8.0	-1.70	90.00	0.016	0.00e+00	4.02e-04
3671	01/06/2008	22:00	1.50	340.0	1.00	18.10	112.0	0.13	9.88	8.0	-4.69	90.00	0.030	0.00e+00	4.01e-04
3672	01/06/2008	23:00	1.00	0.0	1.00	17.30	88.9	0.09	11.99	8.0	-1.70	90.00	0.016	0.00e+00	3.96e-04
3673	02/06/2008	00:00	1.00	200.0	1.00	16.80	88.9	0.09	11.99	8.0	-1.70	90.00	0.016	0.00e+00	3.94e-04
3674	02/06/2008	01:00	1.00	210.0	1.00	16.40	88.9	0.09	11.99	8.0	-1.70	90.00	0.016	0.00e+00	3.91e-04
3675	02/06/2008	02:00	1.00	180.0	1.00	16.00	88.9	0.09	11.99	8.0	-1.70	90.00	0.016	0.00e+00	3.89e-04
3676	02/06/2008	03:00	2.20	180.0	1.21	15.70	138.7	0.19	8.21	8.0	-10.22	90.00	0.045	0.00e+00	3.88e-04
3677	02/06/2008	04:00	3.00	140.0	1.67	15.60	192.6	0.27	7.02	8.0	-14.66	119.72	0.045	0.00e+00	3.87e-04
3678	02/06/2008	05:00	2.10	210.0	1.17	15.60	657.1	0.23	8.55	8.0	5.25	-198.86	-0.019	2.95e-04	3.87e-04
3679	02/06/2008	06:00	1.00	200.0	1.00	15.80	88.9	0.09	11.99	8.0	-1.70	90.00	0.016	8.57e-04	3.88e-04
3680	02/06/2008	07:00	1.00	130.0	1.00	15.80	466.9	0.16	11.69	7.0	22.56	-16.62	-0.116	2.80e-03	3.88e-04
3681	02/06/2008	08:00	2.60	130.0	1.57	16.30	1014.0	0.35	7.42	7.0	97.28	-39.46	-0.231	3.59e-03	3.91e-04
3682	02/06/2008	09:00	3.60	140.0	2.05	17.80	1257.0	0.44	6.49	7.0	120.53	-60.67	-0.232	4.17e-03	3.99e-04
3683	02/06/2008	10:00	3.70	160.0	2.13	19.40	1400.5	0.45	6.37	7.0	137.71	-59.66	-0.256	4.55e-03	4.08e-04
3684	02/06/2008	11:00	5.00	180.0	2.78	19.90	1623.0	0.56	5.56	7.0	148.63	-105.91	-0.223	4.75e-03	4.10e-04
3685	02/06/2008	12:00	4.30	170.0	2.37	19.60	1675.7	0.47	6.00	7.0	58.77	-154.72	-0.106	4.81e-03	4.09e-04
3686	02/06/2008	13:00	3.70	180.0	2.15	20.20	1792.6	0.46	6.34	7.0	148.43	-57.74	-0.273	4.75e-03	4.12e-04
3687	02/06/2008	14:00	2.00	160.0	1.31	21.50	1945.4	0.34	8.15	5.0	215.34	-15.68	-0.542	7.37e-03	4.19e-04
3688	02/06/2008	15:00	2.50	180.0	1.64	22.10	2069.7	0.39	7.27	5.0	186.32	-27.25	-0.410	6.76e-03	4.22e-04
3689	02/06/2008	16:00	5.00	180.0	2.78	21.20	2168.8	0.56	5.56	5.0	149.97	-105.22	-0.226	5.82e-03	4.17e-04
3690	02/06/2008	17:00	5.70	200.0	3.15	20.60	2239.9	0.61	5.21	5.0	106.81	-191.55	-0.147	4.53e-03	4.14e-04
3691	02/06/2008	18:00	2.10	240.0	1.25	19.40	2275.0	0.28	8.34	5.0	59.92	-33.82	-0.178	2.91e-03	4.08e-04
3692	02/06/2008	19:00	1.00	360.0	1.00	17.70	2281.9	0.14	12.47	5.0	11.78	-19.77	-0.071	9.99e-04	3.98e-04
3693	02/06/2008	20:00	1.30	140.0	1.00	16.50	103.3	0.11	10.58	5.0	-3.27	90.00	0.024	0.00e+00	3.92e-04
3694	02/06/2008	21:00	1.00	70.0	1.00	15.60	88.9	0.09	11.99	5.0	-1.70	90.00	0.016	0.00e+00	3.87e-04
3695	02/06/2008	22:00	1.00	150.0	1.00	14.80	88.9	0.09	11.99	5.0	-1.70	90.00	0.016	0.00e+00	3.83e-04
3696	02/06/2008	23:00	1.00	0.0	1.00	14.40	88.9	0.09	11.99	4.0	-1.70	90.00	0.016	0.00e+00	3.81e-04
3697	03/06/2008	00:00	1.00	70.0	1.00	15.10	88.9	0.09	11.99	4.0	-1.70	90.00	0.016	0.00e+00	3.85e-04
3698	03/06/2008	01:00	1.00	0.0	1.00	14.80	88.9	0.09	11.99	4.0	-1.70	90.00	0.016	0.00e+00	3.83e-04
3699	03/06/2008	02:00	1.00	120.0	1.00	14.80	88.9	0.09	11.99	4.0	-1.70	90.00	0.016	0.00e+00	3.83e-04
3700	03/06/2008	03:00	1.20	170.0	1.00	14.30	98.7	0.11	10.99	4.0	-2.67	90.00	0.021	0.00e+00	3.80e-04
3701	03/06/2008	04:00	1.10	150.0	1.00	13.70	93.9	0.10	11.46	4.0	-2.15	90.00	0.018	0.00e+00	3.77e-04
3702	03/06/2008	05:00	1.10	190.0	1.00	13.60	406.1	0.14	12.04	4.0	9.08	-27.14	-0.053	1.12e-03	3.77e-04
3703	03/06/2008	06:00	1.00	210.0	1.00	15.90	574.6	0.19	11.38	2.0	62.51	-9.62	-0.274	3.42e-03	3.89e-04
3704	03/06/2008	07:00	1.00	340.0	1.00	17.80	800.7	0.20	11.46	2.0	118.65	-6.31	-0.487	5.32e-03	3.99e-04
3705	03/06/2008	08:00	1.00	20.0	1.00	18.80	1039.4	0.21	11.51	1.0	168.02	-5.04	-0.665	6.87e-03	4.04e-04
3706	03/06/2008	09:00	1.60	340.0	1.05	19.90	1281.6	0.29	9.12	2.0	213.04	-10.27	-0.617	7.92e-03	4.10e-04
3707	03/06/2008	10:00	1.40	20.0	1.00	20.10	1460.1	0.26	9.74	6.0	185.88	-8.74	-0.594	6.24e-03	4.11e-04
3708	03/06/2008	11:00	1.70	320.0	1.12	20.10	1589.0	0.29	8.81	7.0	148.65	-14.74	-0.430	4.75e-03	4.11e-04
3709	03/06/2008	12:00	1.60	340.0	1.06	22.10	1710.6	0.28	9.08	7.0	151.16	-12.96	-0.457	4.81e-03	4.22e-04
3710	03/06/2008	13:00	1.90	20.0	1.25	21.80	1858.8	0.32	8.36	6.0	199.35	-14.96	-0.524	6.51e-03	4.21e-04
3711	03/06/2008	14:00	6.30	330.0	3.49	21.40	1998.7	0.69	4.96	6.0	184.63	-155.77	-0.228	6.24e-03	4.18e-04
3712	03/06/2008	15:00	7.40	340.0	4.08	22.10	2264.7	0.78	4.57	6.0	160.05	-267.24	-0.173	5.73e-03	4.22e-04
3713	03/06/2008	16:00	7.00	310.0	3.86	21.00	2350.7	0.74	4.70	6.0	129.32	-278.89	-0.148	4.94e-03	4.16e-04
3714	03/06/2008	17:00	5.20	340.0	2.87	20.90	2406.9	0.56	5.46	6.0	92.64	-170.74	-0.139	3.85e-03	4.16e-04
3715	03/06/2008	18:00	5.80	340.0	3.21	20.10	2441.8	0.61	5.15	6.0	53.06	-378.97	-0.073	2.47e-03	4.11e-04
3716	03/06/2008	19:00	4.40	350.0	2.45	18.70	2451.0	0.46	5.88	6.0	12.60	-682.72	-0.023	8.62e-04	4.04e-04
3717	03/06/2008	20:00	4.30	340.0	2.40	18.00	323.0	0.41	5.89	7.0	-27.40	227.90	0.056	0.00e+00	4.00e-04
3718	03/06/2008	21:00	4.50	330.0	2.52	17.10	347.7	0.44	5.76	7.0	-28.97	252.50	0.056	0.00e+00	3.95e-04
3719	03/06/2008	22:00	3.10	330.0	1.69	16.50	170.4	0.26	6.96	7.0	-17.63	92.96	0.056	0.00e+00	3.92e-04
3720	03/06/2008	23:00	2.40	320.0	1.31	15.70	145.5	0.21	7.88	7.0	-13.72	90.00	0.056	0.00e+00	3.88e-04
3721	04/06/2008	00:00	3.30	320.0	1.84	15.20	230.7	0.31	6.70	8.0	-16.67	154.09	0.045	0.00e+00	3.85e-04
3722	04/06/2008	01:00	2.80	310.0	1.53	14.60	162.4	0.24	7.31	8.0	-13.07	94.19	0.045	0.00e+00	3.82e-04
3723	04/06/2008	02:00	1.50	330.0	1.00	14.20	112.0	0.13	9.88	8.0	-4.69	90.00	0.030	0.00e+00	3.80e-04
3724	04/06/2008	03:00	3.00	350.0	1.67	13.60	191.3	0.27	7.02	8.0	-14.73	118.29	0.045	0.00e+00	3.77e-04
3725	04/06/2008	04:00	1.20	10.0	1.00	13.30	98.7	0.11	10.99	8.0	-2.67	90.00	0.021	0.00e+00	3.75e-04
3726	04/06/2008	05:00	2.90	350.0	1.62	14.10	892.6	0.31	7.26	7.0	8.76	-298.95	-0.023	6.40e-04	3.79e-04
3727	04/06/2008	06:00	3.50	340.0	1.93	14.70	1112.4	0.39	6.66	7.0	39.45	-128.45	-0.085	1.81e-03	3.82e-04
3728	04/06/2008	07:00	4.10	340.0	2.26	15.30	1310.7	0.45	6.16	7.0	69.81	-118.75	-0.128	2.81e-03	3.86e-04
3729	04/06/2008	08:00	4.20	350.0	2.33	16.20	1412.2	0.47	6.08	7.0	97.70	-96.62	-0.172	3.60e-03	3.90e-04
3730	04/06/2008	09:00	4.70	10.0	2.61	17.30	1529.7	0.53	5.74	7.0	121.12	-106.88	-0.192	4.18e-03	3.96e-04
3731	04/06/2008	10:00	4.50	20.0	2.51	18.50	1651.5	0.52	5.85	7.0	138.57	-87.82	-0.225	4.55e-03	4.03e-04
3732	04/06/2008	11:00	5.30	10.0	2.94	19.00	1776.2	0.59	5.40	7.0	149.54	-120.89	-0.213	4.75e-03	4.05e-04
3733	04/06/2008	12:00	5.10	30.0	2.84	19.30	1893.9	0.57	5.50	7.0	153.16	-108.44	-0.225	4.81e-03	4.07e-04
3734	04/06/2008	13:00	4.60	30.0	2.57	20.00	1999.9	0.53	5.78	7.0	148.85	-87.76	-0.238	4.75e-03	4.11e-04
3735	04/06/2008	14:00	5.10	360.0	2.83	19.80	2094.6	0.57	5.51	7.0	137.79	-117.49	-0.205	4.55e-03	4.10e-04
3736	04/06/2008	15:00	6.40	350.0	3.53	20.00	2179.1	0.68	4.92	7.0	119.90	-234.75	-0.148	4.18e-03	4.11e-04
3737	04/06/2008	16:00	5.20	360.0	2.87	18.70	2242.1	0.56	5.46	7.0	97.01	-164.14	-0.144	3.60e-03	4.04e-04
3738	04/06/2008	17:00	5.90	340.0	3.26	18.40	2289.7	0.62	5.11	7.0	69.71	-308.23	-0.094	2.81e-03	4.02e-04
3739	04/06/2008	18:00	5.60	340.0	3.10	18.70	2318.7	0.59	5.23	7.0	40.41	-444.07	-0.058	1.81e-03	4.04e-04
3740	04/06/2008	19:00	4.20	10.0	2.34	17.50	2327.0	0.44	6.02	7.0	10.47	-714.79	-0.020	6.40e-04	3.97e-04
3741	04/06/2008	20:00	3.00	10.0	1.63	17.30	164.3	0.25	7.07	7.0	-16.92	90.00	0.056	0.00e+00	3.96e-04
3742	04/06/2008	21:00	3.40	350.0	1.85	16.60	184.0	0.29	6.65	6.0	-22.69	97.54	0.065	0.00e+00	3.93e-04
3743	04/06/2008	22:00	4.70	350.0	2.62	16.20	342.1	0.45	5.64	6.0	-35.05	231.73	0.065	0.00e+00	3.90e-04
3744	04/06/2008	23:00	3.50	10.0	1.92	14.60	196.6	0.31	6.54	6.0	-23.97	106.59	0.065	0.00e+00	3.82e-04
3745	05/06/2008	00:00	1.90	360.0	1.05	14.80	127.9	0.16	8.82	6.0	-8.57	90.00	0.043	0.00e+00	3.83e-04
3746	05/06/2008	01:00	3.30	330.0	1.79	14.90	173.0	0.28	6.76	6.0	-21.78	90.00	0.065	0.00e+00	3.84e-04
3747	05/06/2008	02:00	4.10	340.0	2.29	14.70	296.0	0.39	6.03	7.0	-26.15	200.69	0.056	0.00e+00	3.82e-04
3748	05/06/2008	03:00	3.90	340.0	2.17	14.60	271.4	0.37	6.18	7.0	-24.62	177.71	0.056	0.00e+00	3.82e-04
3749	05/06/2008	04:00	4.80	340.0	2.70	14.60	429.5	0.48	5.57	8.0	-25.92	370.26	0.045	0.00e+00	3.82e-04
3750	05/06/2008	05:00	4.60	340.0	2.57	14.40	1374.8	0.48	5.74	8.0	5.00	-1913.60	-0.009	3.10e-04	3.81e-04
3751	05/06/2008	06:00	3.90	340.0	2.19	14.20	650.7	0.40	6.20	8.0	-3.55	1596.35	0.007	8.69e-04	3.80e-04
3752	05/06/2008	07:00	4.30	340.0	2.40	14.30	1286.6	0.45	5.94	8.0	4.54	-1727.95	-0.008	1.35e-03	3.80e-04
3753	05/06/2008	08:00	4.50	330.0	2.51	14.40	1354.9	0.47	5.82	8.0	12.02	-761.93	-0.021	1.72e-03	3.81e-04
3754	05/06/2008	09:00	4.90	330.0	2.71	14.90	1515.5	0.52	5.62	8.0	59.29	-216.17	-0.094	2.00e-03	3.84e-04
3755	05/06/2008	10:00	4.10	330.0	2.26	15.20	1578.2	0.45	6.16	8.0	68.16	-121.11	-0.125	2.18e-03	3.85e-04
3756	05/06/2008	11:00	4.20	330.0	2.32	15.70	1643.2	0.46	6.08	8.0	73.68	-120.62	-0.132	2.27e-03	3.88e-04
3757	05/06/2008	12:00	4.60	330.0	2.54	16.10	1708.4	0.50	5.81	8.0	75.52	-148.45	-0.125	2.30e-03	3.90e-04
3758	05/06/2008	13:00	3.70	310.0	2.05	16.20	1767.0	0.42	6.48	8.0	73.63	-88.99	-0.146	2.27e-03	3.90e-04
3759	05/06/2008	14:00	4.30	320.0	2.37	15.40	1820.9	0.47	6.01	8.0	68.15	-136.44	-0.120	2.18e-03	3.86e-04
3760	05/06/2008	15:00	2.30	320.0	1.27	15.70	1833.9	0.26	8.24	8.0	17.27	-89.56	-0.055	2.00e-03	3.88e-04
3761	05/06/2008	16:00	4.30	330.0	2.40	14.40	1846.6	0.45	5.95	8.0	12.02	-668.99	-0.022	1.72e-03	3.81e-04
3762	05/06/2008	17:00	4.50	330.0	2.51	14.20	1854.6	0.47	5.80	8.0	4.58	-1954.25	-0.008	1.35e-03	3.80e-04
3763	05/06/2008	18:00	4.70	330.0	2.64	13.60	883.7	0.48	5.66	8.0	-3.44	2905.09	0.006	8.69e-04	3.77e-04
3764	05/06/2008	19:00	4.70	330.0	2.65	13.00	586.8	0.48	5.64	8.0	-11.79	823.39	0.020	3.10e-04	3.74e-04
3765	05/06/2008	20:00	5.40	330.0	3.04	12.80	513.5	0.54	5.25	8.0	-29.67	476.23	0.045	0.00e+00	3.73e-04
3766	05/06/2008	21:00	3.60	330.0	2.01	12.50	267.3	0.34	6.42	8.0	-18.71	188.78	0.045	0.00e+00	3.71e-04
3767	05/06/2008	22:00	3.60	320.0	2.01	12.30	267.2	0.34	6.42	8.0	-18.72	188.61	0.045	0.00e+00	3.70e-04
3768	05/06/2008	23:00	1.30	280.0	1.00	12.30	103.3	0.11	10.58	8.0	-3.27	90.00	0.024	0.00e+00	3.70e-04
3769	06/06/2008	00:00	2.20	310.0	1.21	12.50	138.7	0.19	8.21	8.0	-10.34	90.00	0.045	0.00e+00	3.71e-04
3770	06/06/2008	01:00	1.20	280.0	1.00	12.40	98.7	0.11	10.99	8.0	-2.67	90.00	0.021	0.00e+00	3.70e-04
3771	06/06/2008	02:00	1.00	240.0	1.00	12.20	88.9	0.09	11.99	8.0	-1.70	90.00	0.016	0.00e+00	3.69e-04
3772	06/06/2008	03:00	2.40	280.0	1.31	12.10	145.5	0.21	7.88	8.0	-11.25	90.00	0.045	0.00e+00	3.69e-04
3773	06/06/2008	04:00	2.50	290.0	1.37	12.00	148.8	0.21	7.72	8.0	-11.71	90.00	0.045	0.00e+00	3.68e-04
3774	06/06/2008	05:00	1.70	280.0	1.00	11.90	120.2	0.15	9.30	8.0	-6.45	90.00	0.036	3.15e-04	3.68e-04
3775	06/06/2008	06:00	1.00	310.0	1.00	11.90	88.9	0.09	11.99	8.0	-1.70	90.00	0.016	8.73e-04	3.68e-04
3776	06/06/2008	07:00	1.00	250.0	1.00	12.20	359.9	0.12	12.66	8.0	5.57	-30.84	-0.037	1.35e-03	3.69e-04
3777	06/06/2008	08:00	2.50	270.0	1.39	12.70	869.7	0.30	7.88	8.0	47.56	-50.93	-0.130	1.73e-03	3.72e-04
3778	06/06/2008	09:00	1.80	300.0	1.13	13.10	955.9	0.26	8.78	8.0	59.37	-27.50	-0.185	2.00e-03	3.74e-04
3779	06/06/2008	10:00	2.00	310.0	1.24	14.00	1046.8	0.29	8.36	8.0	68.31	-30.47	-0.197	2.18e-03	3.79e-04
3780	06/06/2008	11:00	2.00	330.0	1.26	14.40	1136.6	0.29	8.30	8.0	73.89	-29.73	-0.210	2.27e-03	3.81e-04
3781	06/06/2008	12:00	1.50	350.0	1.00	14.80	1220.6	0.25	9.31	8.0	75.74	-18.44	-0.250	2.30e-03	3.83e-04
3782	06/06/2008	13:00	1.50	60.0	1.01	13.80	1297.2	0.25	9.30	8.0	73.97	-18.75	-0.244	2.27e-03	3.78e-04
3783	06/06/2008	14:00	2.30	60.0	1.36	13.60	1365.4	0.31	7.99	8.0	68.35	-36.92	-0.185	2.18e-03	3.77e-04
3784	06/06/2008	15:00	2.80	40.0	1.56	13.20	1422.7	0.33	7.43	8.0	59.36	-55.92	-0.146	2.00e-03	3.75e-04
3785	06/06/2008	16:00	2.50	10.0	1.39	13.00	1466.7	0.30	7.88	8.0	47.58	-50.91	-0.130	1.73e-03	3.74e-04
3786	06/06/2008	17:00	2.00	20.0	1.10	12.70	1490.6	0.24	8.85	7.0	26.55	-46.70	-0.091	2.82e-03	3.72e-04
3787	06/06/2008	18:00	1.00	360.0	1.00	13.00	1524.5	0.18	11.32	7.0	39.59	-13.10	-0.181	1.83e-03	3.74e-04
3788	06/06/2008	19:00	2.50	50.0	1.42	12.40	191.2	0.23	7.63	6.0	-8.00	142.97	0.028	9.05e-04	3.70e-04
3789	06/06/2008	20:00	3.00	70.0	1.63	12.10	164.3	0.25	7.07	6.0	-20.06	90.00	0.065	0.00e+00	3.69e-04
3790	06/06/2008	21:00	2.00	30.0	1.10	11.40	131.6	0.17	8.60	6.0	-9.77	90.00	0.046	0.00e+00	3.65e-04
3791	06/06/2008	22:00	1.00	40.0	1.00	11.30	88.9	0.09	11.99	6.0	-1.70	90.00	0.016	0.00e+00	3.65e-04
3792	06/06/2008	23:00	1.00	350.0	1.00	11.40	88.9	0.09	11.99	7.0	-1.70	90.00	0.016	0.00e+00	3.65e-04
3793	07/06/2008	00:00	1.00	0.0	1.00	11.40	88.9	0.09	11.99	7.0	-1.70	90.00	0.016	0.00e+00	3.65e-04
3794	07/06/2008	01:00	1.00	0.0	1.00	11.40	88.9	0.09	11.99	7.0	-1.70	90.00	0.016	0.00e+00	3.65e-04
3795	07/06/2008	02:00	1.00	0.0	1.00	11.50	88.9	0.09	11.99	8.0	-1.70	90.00	0.016	0.00e+00	3.66e-04
3796	07/06/2008	03:00	1.00	0.0	1.00	11.40	88.9	0.09	11.99	8.0	-1.70	90.00	0.016	0.00e+00	3.65e-04
3797	07/06/2008	04:00	1.00	0.0	1.00	11.40	88.9	0.09	11.99	8.0	-1.70	90.00	0.016	0.00e+00	3.65e-04
3798	07/06/2008	05:00	1.30	350.0	1.00	11.70	103.3	0.11	10.58	8.0	-3.27	90.00	0.024	3.19e-04	3.67e-04
3799	07/06/2008	06:00	2.50	350.0	1.41	12.00	315.7	0.25	7.71	8.0	-3.02	463.35	0.010	8.76e-04	3.68e-04
3800	07/06/2008	07:00	3.90	340.0	2.18	12.40	1171.9	0.41	6.24	8.0	5.52	-1072.80	-0.011	1.35e-03	3.70e-04
3801	07/06/2008	08:00	4.30	360.0	2.38	13.40	1339.6	0.46	6.00	8.0	47.70	-185.59	-0.085	1.73e-03	3.76e-04
3802	07/06/2008	09:00	2.80	360.0	1.56	13.90	1398.3	0.33	7.43	8.0	59.42	-55.88	-0.147	2.00e-03	3.78e-04
3803	07/06/2008	10:00	3.40	10.0	1.88	13.30	1464.0	0.39	6.76	8.0	68.44	-77.34	-0.144	2.18e-03	3.75e-04
3804	07/06/2008	11:00	4.30	330.0	2.37	14.50	1534.8	0.47	6.01	8.0	73.93	-127.51	-0.129	2.27e-03	3.81e-04
3805	07/06/2008	12:00	4.40	340.0	2.43	14.70	1604.1	0.48	5.94	8.0	75.81	-132.27	-0.130	2.30e-03	3.82e-04
3806	07/06/2008	13:00	4.70	340.0	2.59	14.70	1670.0	0.51	5.74	8.0	73.91	-159.76	-0.120	2.27e-03	3.82e-04
3807	07/06/2008	14:00	4.50	340.0	2.48	14.70	1728.1	0.49	5.87	8.0	68.32	-152.84	-0.115	2.18e-03	3.82e-04
3808	07/06/2008	15:00	3.60	350.0	1.99	14.20	1775.0	0.40	6.57	8.0	59.42	-98.42	-0.122	2.00e-03	3.80e-04
3809	07/06/2008	16:00	2.70	350.0	1.50	13.70	1810.7	0.32	7.59	8.0	47.73	-59.81	-0.124	1.73e-03	3.77e-04
3810	07/06/2008	17:00	3.20	340.0	1.77	13.30	1836.5	0.35	6.97	8.0	34.01	-116.09	-0.079	1.35e-03	3.75e-04
3811	07/06/2008	18:00	3.80	330.0	2.10	13.20	1867.3	0.41	6.39	7.0	39.82	-157.36	-0.079	1.83e-03	3.75e-04
3812	07/06/2008	19:00	2.20	340.0	1.22	13.00	1874.1	0.24	8.38	7.0	8.96	-139.84	-0.031	6.69e-04	3.74e-04
3813	07/06/2008	20:00	1.80	330.0	1.00	12.80	124.1	0.16	9.05	7.0	-7.46	90.00	0.039	0.00e+00	3.73e-04
3814	07/06/2008	21:00	2.90	340.0	1.58	13.10	161.3	0.25	7.19	6.0	-19.35	90.00	0.065	0.00e+00	3.74e-04
3815	07/06/2008	22:00	2.90	340.0	1.58	13.20	161.3	0.25	7.19	6.0	-19.34	90.00	0.065	0.00e+00	3.75e-04
3816	07/06/2008	23:00	2.40	340.0	1.31	13.30	145.5	0.21	7.88	6.0	-15.62	90.00	0.063	0.00e+00	3.75e-04
3817	08/06/2008	00:00	2.90	330.0	1.58	13.10	161.3	0.25	7.19	7.0	-16.61	90.00	0.056	0.00e+00	3.74e-04
3818	08/06/2008	01:00	3.50	340.0	1.96	13.00	254.8	0.33	6.51	8.0	-18.05	176.62	0.045	0.00e+00	3.74e-04
3819	08/06/2008	02:00	2.50	340.0	1.37	13.10	148.8	0.21	7.72	8.0	-11.66	90.00	0.045	0.00e+00	3.74e-04
3820	08/06/2008	03:00	2.60	350.0	1.42	13.10	152.0	0.22	7.58	7.0	-14.95	90.00	0.056	0.00e+00	3.74e-04
3821	08/06/2008	04:00	3.00	350.0	1.66	13.10	191.0	0.27	7.02	8.0	-14.74	117.94	0.045	0.00e+00	3.74e-04
3822	08/06/2008	05:00	2.70	350.0	1.51	13.20	824.4	0.29	7.51	8.0	4.71	-438.01	-0.014	3.23e-04	3.75e-04
3823	08/06/2008	06:00	2.50	350.0	1.38	13.40	858.8	0.28	7.90	8.0	19.46	-99.77	-0.057	8.79e-04	3.76e-04
3824	08/06/2008	07:00	4.10	360.0	2.26	14.20	1311.6	0.45	6.16	7.0	70.64	-117.61	-0.129	2.83e-03	3.80e-04
3825	08/06/2008	08:00	3.60	10.0	1.99	14.00	1362.9	0.40	6.57	8.0	47.83	-117.35	-0.099	1.73e-03	3.79e-04
3826	08/06/2008	09:00	4.30	350.0	2.37	15.50	1426.1	0.47	6.01	8.0	59.50	-153.08	-0.105	2.00e-03	3.87e-04
3827	08/06/2008	10:00	3.60	360.0	1.99	15.40	1491.3	0.41	6.57	8.0	68.33	-88.33	-0.139	2.18e-03	3.86e-04
3828	08/06/2008	11:00	4.50	350.0	2.48	16.20	1561.9	0.49	5.87	8.0	73.80	-143.15	-0.125	2.27e-03	3.90e-04
3829	08/06/2008	12:00	2.60	360.0	1.50	16.90	1625.4	0.33	7.59	8.0	75.61	-42.83	-0.190	2.30e-03	3.94e-04
3830	08/06/2008	13:00	1.80	350.0	1.17	15.90	1684.0	0.28	8.62	8.0	73.83	-25.55	-0.221	2.27e-03	3.89e-04
3831	08/06/2008	14:00	2.10	320.0	1.15	16.50	1701.0	0.24	8.65	8.0	21.24	-61.15	-0.072	2.18e-03	3.92e-04
3832	08/06/2008	15:00	2.70	320.0	1.51	16.60	1747.4	0.33	7.56	8.0	59.55	-51.83	-0.152	2.00e-03	3.93e-04
3833	08/06/2008	16:00	1.00	190.0	1.00	16.90	1755.2	0.13	12.55	8.0	10.35	-21.00	-0.064	1.73e-03	3.94e-04
3834	08/06/2008	17:00	1.70	160.0	1.00	17.00	1781.4	0.23	9.41	8.0	35.03	-29.59	-0.129	1.35e-03	3.95e-04
3835	08/06/2008	18:00	1.50	200.0	1.00	16.70	1796.8	0.19	10.20	8.0	20.74	-30.48	-0.090	8.79e-04	3.93e-04
3836	08/06/2008	19:00	1.10	170.0	1.00	16.50	1801.4	0.14	12.05	8.0	6.42	-34.31	-0.040	3.23e-04	3.92e-04
3837	08/06/2008	20:00	1.00	220.0	1.00	16.40	88.9	0.09	11.99	7.0	-1.70	90.00	0.016	0.00e+00	3.91e-04
3838	08/06/2008	21:00	2.30	340.0	1.26	16.80	142.1	0.20	8.04	7.0	-13.12	90.00	0.056	0.00e+00	3.94e-04
3839	08/06/2008	22:00	3.90	350.0	2.17	16.80	272.7	0.37	6.18	7.0	-24.46	179.42	0.056	0.00e+00	3.94e-04
3840	08/06/2008	23:00	2.60	350.0	1.42	16.20	152.0	0.22	7.58	7.0	-14.79	90.00	0.056	0.00e+00	3.90e-04
3841	09/06/2008	00:00	2.60	350.0	1.42	15.90	152.0	0.22	7.58	7.0	-14.81	90.00	0.056	0.00e+00	3.89e-04
3842	09/06/2008	01:00	5.00	340.0	2.80	15.20	410.9	0.49	5.46	7.0	-32.88	318.81	0.056	0.00e+00	3.85e-04
3843	09/06/2008	02:00	1.00	360.0	1.00	14.10	88.9	0.09	11.99	7.0	-1.70	90.00	0.016	0.00e+00	3.79e-04
3844	09/06/2008	03:00	1.50	340.0	1.00	14.10	112.0	0.13	9.88	8.0	-4.69	90.00	0.030	0.00e+00	3.79e-04
3845	09/06/2008	04:00	2.90	350.0	1.60	13.80	176.4	0.25	7.16	8.0	-13.90	105.63	0.045	0.00e+00	3.78e-04
3846	09/06/2008	05:00	3.20	340.0	1.78	14.00	979.8	0.34	6.91	7.0	9.81	-352.91	-0.024	6.85e-04	3.79e-04
3847	09/06/2008	06:00	2.00	10.0	1.13	14.40	1033.8	0.26	8.75	7.0	40.39	-36.39	-0.131	1.85e-03	3.81e-04
3848	09/06/2008	07:00	1.00	310.0	1.00	15.00	1119.0	0.19	11.40	7.0	70.72	-8.87	-0.305	2.84e-03	3.84e-04
3849	09/06/2008	08:00	1.80	330.0	1.19	16.30	1265.7	0.30	8.55	6.0	133.19	-17.81	-0.371	4.97e-03	3.91e-04
3850	09/06/2008	09:00	2.00	340.0	1.31	17.80	1466.4	0.34	8.15	4.0	208.39	-16.04	-0.520	7.44e-03	3.99e-04
3851	09/06/2008	10:00	1.40	350.0	1.00	19.70	1672.0	0.27	9.77	3.0	246.31	-7.26	-0.762	8.49e-03	4.09e-04
3852	09/06/2008	11:00	1.00	170.0	1.00	21.30	1868.0	0.22	11.56	3.0	264.35	-3.78	-0.998	8.85e-03	4.18e-04
3853	09/06/2008	12:00	1.00	30.0	1.00	21.90	2043.3	0.22	11.56	4.0	260.49	-3.81	-0.988	8.55e-03	4.21e-04
3854	09/06/2008	13:00	1.70	360.0	1.12	23.00	2168.8	0.30	8.84	6.0	199.08	-12.07	-0.564	6.53e-03	4.27e-04
3855	09/06/2008	14:00	2.00	320.0	1.31	23.50	2296.8	0.34	8.15	5.0	214.49	-15.72	-0.544	7.40e-03	4.30e-04
3856	09/06/2008	15:00	1.70	340.0	1.12	23.00	2402.5	0.30	8.83	5.0	187.10	-12.59	-0.534	6.80e-03	4.27e-04
3857	09/06/2008	16:00	2.00	30.0	1.32	23.60	2484.5	0.32	8.11	5.0	150.35	-20.18	-0.395	5.87e-03	4.31e-04
3858	09/06/2008	17:00	1.30	310.0	1.00	24.20	2541.6	0.24	10.04	5.0	108.06	-10.94	-0.390	4.60e-03	4.34e-04
3859	09/06/2008	18:00	1.00	80.0	1.00	23.20	2574.1	0.19	11.38	5.0	62.80	-9.59	-0.283	2.99e-03	4.28e-04
3860	09/06/2008	19:00	2.00	190.0	1.10	21.80	2582.9	0.23	8.86	5.0	16.55	-66.12	-0.061	1.11e-03	4.21e-04
3861	09/06/2008	20:00	3.40	330.0	1.84	19.50	175.9	0.29	6.66	5.0	-24.70	90.00	0.072	0.00e+00	4.08e-04
3862	09/06/2008	21:00	1.00	80.0	1.00	19.20	88.9	0.09	11.99	5.0	-1.70	90.00	0.016	0.00e+00	4.07e-04
3863	09/06/2008	22:00	2.20	130.0	1.21	17.30	138.7	0.19	8.21	6.0	-12.48	90.00	0.055	0.00e+00	3.96e-04
3864	09/06/2008	23:00	1.20	10.0	1.00	16.50	98.7	0.11	10.99	6.0	-2.67	90.00	0.021	0.00e+00	3.92e-04
3865	10/06/2008	00:00	1.30	10.0	1.00	15.60	103.3	0.11	10.58	6.0	-3.27	90.00	0.024	0.00e+00	3.87e-04
3866	10/06/2008	01:00	1.00	140.0	1.00	14.90	88.9	0.09	11.99	6.0	-1.70	90.00	0.016	0.00e+00	3.84e-04
3867	10/06/2008	02:00	1.80	130.0	1.00	14.60	124.1	0.16	9.05	6.0	-7.46	90.00	0.040	0.00e+00	3.82e-04
3868	10/06/2008	03:00	1.00	350.0	1.00	15.00	88.9	0.09	11.99	6.0	-1.70	90.00	0.016	0.00e+00	3.84e-04
3869	10/06/2008	04:00	1.00	70.0	1.00	15.00	88.9	0.09	11.99	6.0	-1.70	90.00	0.016	0.00e+00	3.84e-04
3870	10/06/2008	05:00	1.00	0.0	1.00	15.40	391.2	0.14	12.53	7.0	10.65	-20.70	-0.065	6.92e-04	3.86e-04
3871	10/06/2008	06:00	1.00	160.0	1.00	16.10	545.3	0.19	11.36	6.0	54.32	-10.57	-0.242	2.54e-03	3.90e-04
3872	10/06/2008	07:00	1.30	350.0	1.00	18.40	780.9	0.24	10.05	4.0	117.92	-10.31	-0.413	5.04e-03	4.02e-04
3873	10/06/2008	08:00	1.00	340.0	1.00	20.60	1028.0	0.21	11.51	3.0	169.72	-5.01	-0.675	6.74e-03	4.14e-04
3874	10/06/2008	09:00	1.00	40.0	1.00	22.20	1121.5	0.19	11.41	4.0	75.74	-8.47	-0.333	7.45e-03	4.23e-04
3875	10/06/2008	10:00	1.60	350.0	1.05	23.30	1370.5	0.29	9.13	4.0	232.78	-9.67	-0.675	8.10e-03	4.29e-04
3876	10/06/2008	11:00	1.80	60.0	1.18	24.00	1596.6	0.32	8.61	4.0	250.98	-11.50	-0.672	8.45e-03	4.33e-04
3877	10/06/2008	12:00	1.80	330.0	1.18	25.10	1805.5	0.32	8.62	3.0	265.53	-11.07	-0.709	8.96e-03	4.39e-04
3878	10/06/2008	13:00	1.40	40.0	1.00	25.90	1981.1	0.27	9.77	4.0	248.49	-7.22	-0.784	8.45e-03	4.43e-04
3879	10/06/2008	14:00	1.20	240.0	1.00	25.50	2119.3	0.24	10.54	5.0	212.58	-6.02	-0.750	7.40e-03	4.41e-04
3880	10/06/2008	15:00	6.80	310.0	3.75	22.60	2230.1	0.73	4.77	6.0	160.96	-212.52	-0.188	5.76e-03	4.25e-04
3881	10/06/2008	16:00	2.70	130.0	1.70	20.90	2307.3	0.38	7.13	6.0	130.79	-37.76	-0.290	4.97e-03	4.16e-04
3882	10/06/2008	17:00	1.00	50.0	1.00	19.10	2325.1	0.17	11.37	6.0	31.35	-14.95	-0.151	3.90e-03	4.06e-04
3883	10/06/2008	18:00	1.50	180.0	1.00	19.70	2331.7	0.18	10.27	6.0	11.29	-45.47	-0.053	2.54e-03	4.09e-04
3884	10/06/2008	19:00	3.50	110.0	1.95	19.00	2341.4	0.37	6.62	6.0	14.78	-308.75	-0.033	9.49e-04	4.05e-04
3885	10/06/2008	20:00	1.80	90.0	1.00	17.90	124.1	0.16	9.05	6.0	-7.46	90.00	0.040	0.00e+00	4.00e-04
3886	10/06/2008	21:00	1.80	130.0	1.00	17.00	124.1	0.16	9.05	6.0	-7.46	90.00	0.040	0.00e+00	3.95e-04
3887	10/06/2008	22:00	1.60	250.0	1.00	17.00	116.2	0.14	9.57	7.0	-5.53	90.00	0.033	0.00e+00	3.95e-04
3888	10/06/2008	23:00	1.50	140.0	1.00	15.90	112.0	0.13	9.88	7.0	-4.69	90.00	0.030	0.00e+00	3.89e-04
3889	11/06/2008	00:00	1.00	0.0	1.00	15.50	88.9	0.09	11.99	7.0	-1.70	90.00	0.016	0.00e+00	3.87e-04
3890	11/06/2008	01:00	1.10	190.0	1.00	15.80	93.9	0.10	11.46	7.0	-2.15	90.00	0.018	0.00e+00	3.88e-04
3891	11/06/2008	02:00	2.20	180.0	1.21	15.70	138.7	0.19	8.21	7.0	-12.48	90.00	0.055	0.00e+00	3.88e-04
3892	11/06/2008	03:00	1.00	140.0	1.00	16.10	88.9	0.09	11.99	7.0	-1.70	90.00	0.016	0.00e+00	3.90e-04
3893	11/06/2008	04:00	1.00	50.0	1.00	15.70	88.9	0.09	11.99	7.0	-1.70	90.00	0.016	0.00e+00	3.88e-04
3894	11/06/2008	05:00	1.00	120.0	1.00	15.90	393.7	0.14	12.51	7.0	11.05	-20.34	-0.067	6.99e-04	3.89e-04
3895	11/06/2008	06:00	1.00	220.0	1.00	16.40	522.3	0.18	11.33	7.0	41.08	-12.77	-0.189	1.86e-03	3.91e-04
3896	11/06/2008	07:00	1.20	220.0	1.00	17.10	679.1	0.22	10.40	7.0	70.84	-12.50	-0.275	2.85e-03	3.95e-04
3897	11/06/2008	08:00	1.00	0.0	1.00	18.00	744.0	0.18	11.32	7.0	34.76	-14.22	-0.164	3.63e-03	4.00e-04
3898	11/06/2008	09:00	1.00	0.0	1.00	18.60	933.7	0.20	11.47	7.0	121.38	-6.22	-0.499	4.20e-03	4.03e-04
3899	11/06/2008	10:00	1.00	90.0	1.00	19.20	1005.7	0.19	11.36	7.0	52.94	-10.76	-0.239	4.57e-03	4.07e-04
3900	11/06/2008	11:00	1.50	60.0	1.00	21.20	1298.5	0.29	9.44	4.0	255.23	-8.06	-0.757	8.45e-03	4.17e-04
3901	11/06/2008	12:00	2.50	20.0	1.63	22.40	1544.1	0.40	7.30	4.0	259.99	-21.43	-0.556	8.56e-03	4.24e-04
3902	11/06/2008	13:00	6.10	300.0	3.37	19.70	1908.2	0.66	5.04	7.0	149.79	-170.79	-0.191	4.76e-03	4.09e-04
3903	11/06/2008	14:00	3.90	320.0	2.15	18.00	1949.1	0.43	6.31	7.0	55.77	-126.18	-0.109	4.57e-03	4.00e-04
3904	11/06/2008	15:00	5.30	340.0	2.95	20.80	2063.4	0.59	5.40	6.0	162.37	-113.54	-0.232	5.76e-03	4.15e-04
3905	11/06/2008	16:00	4.80	320.0	2.66	22.50	2150.5	0.54	5.68	6.0	130.23	-106.30	-0.206	4.98e-03	4.25e-04
3906	11/06/2008	17:00	7.40	340.0	4.11	22.30	2204.2	0.76	4.54	6.0	26.62	-1481.16	-0.030	3.90e-03	4.23e-04
3907	11/06/2008	18:00	3.80	340.0	2.12	20.50	2212.8	0.40	6.33	6.0	10.73	-524.92	-0.023	2.55e-03	4.14e-04
3908	11/06/2008	19:00	4.50	350.0	2.51	19.60	2225.2	0.47	5.82	6.0	15.30	-604.04	-0.027	9.58e-04	4.09e-04
3909	11/06/2008	20:00	3.20	350.0	1.73	19.20	170.2	0.27	6.86	6.0	-20.83	90.00	0.065	0.00e+00	4.07e-04
3910	11/06/2008	21:00	5.30	340.0	2.96	19.00	418.7	0.52	5.31	6.0	-39.90	309.13	0.065	0.00e+00	4.05e-04
3911	11/06/2008	22:00	6.90	350.0	3.89	17.60	677.2	0.70	4.65	7.0	-46.39	650.65	0.056	0.00e+00	3.98e-04
3912	11/06/2008	23:00	5.00	340.0	2.80	16.60	412.0	0.49	5.46	7.0	-32.73	320.62	0.056	0.00e+00	3.93e-04
3913	12/06/2008	00:00	5.20	340.0	2.92	16.10	438.1	0.51	5.36	7.0	-34.26	349.43	0.056	0.00e+00	3.90e-04
3914	12/06/2008	01:00	6.50	360.0	3.66	15.40	617.0	0.65	4.79	7.0	-43.83	567.85	0.056	0.00e+00	3.86e-04
3915	12/06/2008	02:00	4.80	340.0	2.69	15.10	384.8	0.47	5.57	7.0	-31.40	290.50	0.056	0.00e+00	3.85e-04
3916	12/06/2008	03:00	4.30	340.0	2.40	14.60	320.8	0.41	5.89	7.0	-27.69	224.66	0.056	0.00e+00	3.82e-04
3917	12/06/2008	04:00	6.10	350.0	3.43	14.50	559.5	0.61	4.95	7.0	-41.05	493.38	0.056	0.00e+00	3.81e-04
3918	12/06/2008	05:00	5.20	350.0	2.90	14.40	1555.6	0.54	5.41	7.0	10.47	-1324.00	-0.016	7.05e-04	3.81e-04
3919	12/06/2008	06:00	5.00	350.0	2.77	14.80	1598.5	0.53	5.55	7.0	40.88	-320.52	-0.064	1.86e-03	3.83e-04
3920	12/06/2008	07:00	4.80	340.0	2.65	16.00	1682.3	0.53	5.68	6.0	95.65	-135.66	-0.151	3.91e-03	3.89e-04
3921	12/06/2008	08:00	5.10	330.0	2.85	16.80	1820.4	0.58	5.49	3.0	173.58	-99.09	-0.250	6.75e-03	3.94e-04
3922	12/06/2008	09:00	6.10	310.0	3.39	17.90	1976.7	0.68	5.03	4.0	208.78	-130.70	-0.259	7.46e-03	4.00e-04
3923	12/06/2008	10:00	5.40	340.0	3.06	19.00	2137.1	0.63	5.30	4.0	239.05	-90.81	-0.321	8.11e-03	4.05e-04
3924	12/06/2008	11:00	3.50	350.0	2.26	19.30	2292.8	0.50	6.19	4.0	258.45	-42.65	-0.435	8.45e-03	4.07e-04
3925	12/06/2008	12:00	4.90	360.0	2.84	20.50	2433.0	0.59	5.51	5.0	242.49	-74.97	-0.347	7.81e-03	4.14e-04
3926	12/06/2008	13:00	3.00	360.0	1.96	20.40	2559.0	0.45	6.65	5.0	236.52	-33.47	-0.447	7.72e-03	4.13e-04
3927	12/06/2008	14:00	2.70	10.0	1.77	21.80	2678.3	0.42	7.01	4.0	235.02	-26.98	-0.480	8.11e-03	4.21e-04
3928	12/06/2008	15:00	3.00	330.0	1.96	22.30	2781.6	0.44	6.66	3.0	210.72	-36.13	-0.406	7.81e-03	4.23e-04
3929	12/06/2008	16:00	2.00	330.0	1.32	22.80	2861.0	0.33	8.13	3.0	168.38	-18.62	-0.437	6.75e-03	4.26e-04
3930	12/06/2008	17:00	3.10	340.0	1.84	22.00	2916.6	0.40	6.86	3.0	119.96	-47.53	-0.254	5.30e-03	4.22e-04
3931	12/06/2008	18:00	2.30	360.0	1.35	21.40	2947.1	0.30	8.00	3.0	67.29	-37.08	-0.187	3.46e-03	4.18e-04
3932	12/06/2008	19:00	5.40	350.0	3.01	20.60	2956.7	0.56	5.31	3.0	13.95	-1115.52	-0.021	1.31e-03	4.14e-04
3933	12/06/2008	20:00	5.60	340.0	3.11	15.20	394.4	0.54	5.18	3.0	-54.33	254.69	0.084	0.00e+00	3.85e-04
3934	12/06/2008	21:00	3.20	330.0	1.73	15.30	170.2	0.27	6.86	3.0	-27.31	90.00	0.084	0.00e+00	3.86e-04
3935	12/06/2008	22:00	4.90	330.0	2.71	15.20	314.6	0.46	5.53	3.0	-46.38	185.65	0.084	0.00e+00	3.85e-04
3936	12/06/2008	23:00	4.70	330.0	2.60	14.50	291.9	0.44	5.64	3.0	-44.17	167.12	0.084	0.00e+00	3.81e-04
3937	13/06/2008	00:00	2.60	350.0	1.42	13.40	152.0	0.22	7.58	3.0	-19.21	90.00	0.071	0.00e+00	3.76e-04
3938	13/06/2008	01:00	2.10	350.0	1.16	12.50	135.2	0.18	8.40	3.0	-11.07	90.00	0.050	0.00e+00	3.71e-04
3939	13/06/2008	02:00	1.00	60.0	1.00	12.70	88.9	0.09	11.99	3.0	-1.70	90.00	0.016	0.00e+00	3.72e-04
3940	13/06/2008	03:00	2.20	360.0	1.21	12.50	138.7	0.19	8.21	3.0	-12.48	90.00	0.054	0.00e+00	3.71e-04
3941	13/06/2008	04:00	4.30	350.0	2.38	11.90	246.9	0.39	5.89	3.0	-39.77	131.87	0.084	0.00e+00	3.68e-04
3942	13/06/2008	05:00	2.70	350.0	1.50	11.80	839.4	0.29	7.54	3.0	9.86	-220.80	-0.028	1.32e-03	3.67e-04
3943	13/06/2008	06:00	4.10	10.0	2.26	12.80	1302.8	0.45	6.15	5.0	62.97	-129.29	-0.115	3.02e-03	3.73e-04
3944	13/06/2008	07:00	5.20	330.0	2.87	13.20	1642.3	0.57	5.46	5.0	112.63	-144.79	-0.163	4.62e-03	3.75e-04
3945	13/06/2008	08:00	4.90	350.0	2.73	14.50	1770.1	0.56	5.61	5.0	157.71	-96.93	-0.234	5.89e-03	3.81e-04
3946	13/06/2008	09:00	5.70	360.0	3.17	15.50	1918.6	0.64	5.20	5.0	195.72	-117.03	-0.255	6.81e-03	3.87e-04
3947	13/06/2008	10:00	5.50	360.0	3.11	16.10	2085.6	0.64	5.26	4.0	243.82	-93.16	-0.319	8.11e-03	3.90e-04
3948	13/06/2008	11:00	5.30	30.0	3.04	16.60	2250.6	0.63	5.32	4.0	263.33	-82.94	-0.350	8.46e-03	3.93e-04
3949	13/06/2008	12:00	5.50	20.0	3.14	16.80	2408.1	0.64	5.23	4.0	269.89	-87.80	-0.349	8.56e-03	3.94e-04
3950	13/06/2008	13:00	6.00	340.0	3.37	18.10	2552.6	0.68	5.05	4.0	260.63	-107.30	-0.321	8.46e-03	4.01e-04
3951	13/06/2008	14:00	5.80	350.0	3.25	18.40	2678.3	0.66	5.14	4.0	240.10	-105.31	-0.306	8.11e-03	4.02e-04
3952	13/06/2008	15:00	6.30	340.0	3.49	18.40	2784.5	0.69	4.95	4.0	208.27	-141.47	-0.252	7.46e-03	4.02e-04
3953	13/06/2008	16:00	5.90	340.0	3.27	18.20	2866.6	0.65	5.12	4.0	166.97	-143.69	-0.216	6.45e-03	4.01e-04
3954	13/06/2008	17:00	7.00	340.0	3.86	18.10	2927.4	0.74	4.70	4.0	118.63	-301.69	-0.134	5.06e-03	4.01e-04
3955	13/06/2008	18:00	6.50	350.0	3.60	16.40	2962.8	0.68	4.86	3.0	67.28	-416.53	-0.082	3.47e-03	3.91e-04
3956	13/06/2008	19:00	5.10	340.0	2.84	15.90	2970.6	0.53	5.46	3.0	11.71	-1121.30	-0.018	1.32e-03	3.89e-04
3957	13/06/2008	20:00	4.90	340.0	2.71	14.70	314.2	0.46	5.53	3.0	-46.46	185.25	0.084	0.00e+00	3.82e-04
3958	13/06/2008	21:00	4.40	350.0	2.43	13.80	258.8	0.40	5.82	3.0	-40.74	141.16	0.084	0.00e+00	3.78e-04
3959	13/06/2008	22:00	3.30	360.0	1.79	12.90	173.0	0.28	6.76	2.0	-29.56	90.00	0.087	0.00e+00	3.73e-04
3960	13/06/2008	23:00	2.90	350.0	1.58	12.30	161.3	0.25	7.19	2.0	-25.51	90.00	0.085	0.00e+00	3.70e-04
3961	14/06/2008	00:00	3.60	340.0	1.94	12.20	181.4	0.30	6.48	2.0	-32.22	90.00	0.087	0.00e+00	3.69e-04
3962	14/06/2008	01:00	4.50	330.0	2.48	11.80	261.2	0.41	5.76	2.0	-43.66	140.31	0.087	0.00e+00	3.67e-04
3963	14/06/2008	02:00	3.50	340.0	1.89	11.30	178.6	0.30	6.57	1.0	-32.22	90.00	0.089	0.00e+00	3.65e-04
3964	14/06/2008	03:00	3.50	350.0	1.89	11.00	178.6	0.30	6.57	1.0	-32.25	90.00	0.089	0.00e+00	3.63e-04
3965	14/06/2008	04:00	2.70	350.0	1.47	10.50	155.2	0.23	7.44	1.0	-21.19	90.00	0.075	0.00e+00	3.61e-04
3966	14/06/2008	05:00	3.70	340.0	2.07	10.90	1110.4	0.38	6.40	1.0	3.80	-1326.32	-0.008	1.36e-03	3.63e-04
3967	14/06/2008	06:00	4.70	350.0	2.60	12.20	1464.7	0.51	5.74	1.0	63.48	-182.28	-0.103	3.57e-03	3.69e-04
3968	14/06/2008	07:00	4.00	350.0	2.25	13.50	1573.9	0.47	6.19	1.0	121.74	-74.33	-0.215	5.45e-03	3.76e-04
3969	14/06/2008	08:00	4.60	10.0	2.60	15.10	1720.3	0.54	5.75	2.0	176.39	-78.78	-0.271	6.90e-03	3.85e-04
3970	14/06/2008	09:00	4.50	360.0	2.63	15.80	1885.1	0.55	5.73	3.0	219.41	-67.83	-0.330	7.82e-03	3.88e-04
3971	14/06/2008	10:00	4.70	360.0	2.75	16.80	2052.1	0.58	5.59	4.0	242.77	-69.94	-0.351	8.11e-03	3.94e-04
3972	14/06/2008	11:00	5.50	340.0	3.11	17.00	2207.9	0.63	5.26	5.0	241.94	-93.61	-0.318	7.72e-03	3.95e-04
3973	14/06/2008	12:00	4.70	350.0	2.76	18.30	2353.9	0.58	5.59	5.0	246.10	-69.59	-0.357	7.82e-03	4.02e-04
3974	14/06/2008	13:00	7.10	330.0	3.92	18.60	2476.2	0.76	4.67	6.0	204.43	-193.53	-0.224	6.54e-03	4.03e-04
3975	14/06/2008	14:00	5.80	350.0	3.24	19.30	2596.1	0.65	5.15	5.0	220.22	-111.81	-0.284	7.41e-03	4.07e-04
3976	14/06/2008	15:00	5.50	350.0	3.08	18.60	2703.5	0.62	5.28	4.0	208.14	-103.29	-0.280	7.46e-03	4.03e-04
3977	14/06/2008	16:00	5.70	340.0	3.16	19.00	2787.7	0.63	5.21	4.0	166.40	-132.47	-0.222	6.45e-03	4.05e-04
3978	14/06/2008	17:00	4.60	350.0	2.55	19.10	2841.4	0.51	5.80	5.0	110.19	-109.21	-0.180	4.63e-03	4.06e-04
3979	14/06/2008	18:00	4.00	10.0	2.21	18.30	2871.7	0.44	6.23	5.0	63.12	-121.33	-0.120	3.03e-03	4.02e-04
3980	14/06/2008	19:00	2.50	360.0	1.38	17.10	2879.0	0.28	7.88	5.0	15.17	-123.18	-0.046	1.16e-03	3.95e-04
3981	14/06/2008	20:00	2.10	20.0	1.16	15.70	135.2	0.18	8.40	6.0	-11.07	90.00	0.051	0.00e+00	3.88e-04
3982	14/06/2008	21:00	1.10	60.0	1.00	13.80	93.9	0.10	11.46	6.0	-2.15	90.00	0.018	0.00e+00	3.78e-04
3983	14/06/2008	22:00	1.00	250.0	1.00	12.90	88.9	0.09	11.99	6.0	-1.70	90.00	0.016	0.00e+00	3.73e-04
3984	14/06/2008	23:00	1.00	180.0	1.00	11.90	88.9	0.09	11.99	7.0	-1.70	90.00	0.016	0.00e+00	3.68e-04
3985	15/06/2008	00:00	1.40	200.0	1.00	11.50	107.7	0.12	10.21	7.0	-3.94	90.00	0.026	0.00e+00	3.66e-04
3986	15/06/2008	01:00	1.00	210.0	1.00	10.90	88.9	0.09	11.99	7.0	-1.70	90.00	0.016	0.00e+00	3.63e-04
3987	15/06/2008	02:00	1.70	200.0	1.00	10.80	120.2	0.15	9.30	8.0	-6.45	90.00	0.036	0.00e+00	3.62e-04
3988	15/06/2008	03:00	1.70	190.0	1.00	11.00	120.2	0.15	9.30	8.0	-6.45	90.00	0.036	0.00e+00	3.63e-04
3989	15/06/2008	04:00	1.00	150.0	1.00	11.50	88.9	0.09	11.99	8.0	-1.70	90.00	0.016	0.00e+00	3.66e-04
3990	15/06/2008	05:00	1.20	100.0	1.00	11.60	405.9	0.14	11.47	8.0	4.42	-55.71	-0.026	3.43e-04	3.66e-04
3991	15/06/2008	06:00	1.00	150.0	1.00	12.10	465.7	0.16	11.88	8.0	19.44	-17.22	-0.102	8.94e-04	3.69e-04
3992	15/06/2008	07:00	1.20	110.0	1.00	13.40	636.4	0.22	10.40	7.0	71.53	-12.42	-0.273	2.86e-03	3.76e-04
3993	15/06/2008	08:00	1.30	210.0	1.00	15.10	815.8	0.24	10.03	7.0	99.40	-11.57	-0.351	3.64e-03	3.85e-04
3994	15/06/2008	09:00	1.00	110.0	1.00	17.00	992.3	0.20	11.47	7.0	122.45	-6.18	-0.500	4.21e-03	3.95e-04
3995	15/06/2008	10:00	1.00	0.0	1.00	16.50	1078.5	0.19	11.39	8.0	68.54	-9.05	-0.298	2.18e-03	3.92e-04
3996	15/06/2008	11:00	1.70	360.0	1.12	17.70	1249.6	0.29	8.81	7.0	151.48	-14.55	-0.434	4.77e-03	3.98e-04
3997	15/06/2008	12:00	1.00	140.0	1.00	18.50	1326.5	0.19	11.41	8.0	75.74	-8.47	-0.328	2.30e-03	4.03e-04
3998	15/06/2008	13:00	1.10	180.0	1.00	18.90	1397.8	0.20	10.87	8.0	73.89	-10.29	-0.303	2.28e-03	4.05e-04
3999	15/06/2008	14:00	3.60	10.0	1.99	17.40	1465.2	0.41	6.57	8.0	68.52	-88.14	-0.140	2.18e-03	3.97e-04
4000	15/06/2008	15:00	4.00	10.0	2.21	17.30	1523.3	0.44	6.23	8.0	59.88	-126.73	-0.113	2.01e-03	3.96e-04
4001	15/06/2008	16:00	3.70	20.0	2.04	16.90	1568.5	0.41	6.48	8.0	48.54	-124.14	-0.099	1.74e-03	3.94e-04
4002	15/06/2008	17:00	3.70	30.0	2.04	16.00	1601.2	0.40	6.47	8.0	35.12	-163.82	-0.073	1.36e-03	3.89e-04
4003	15/06/2008	18:00	3.70	10.0	2.05	15.50	1621.5	0.39	6.44	8.0	20.67	-263.75	-0.043	8.94e-04	3.87e-04
4004	15/06/2008	19:00	2.40	360.0	1.31	14.40	145.5	0.21	7.88	8.0	-11.16	90.00	0.045	3.43e-04	3.81e-04
4005	15/06/2008	20:00	2.20	10.0	1.21	13.50	138.7	0.19	8.21	8.0	-10.30	90.00	0.045	0.00e+00	3.76e-04
4006	15/06/2008	21:00	1.90	340.0	1.05	13.20	127.9	0.16	8.82	8.0	-8.57	90.00	0.043	0.00e+00	3.75e-04
4007	15/06/2008	22:00	1.00	0.0	1.00	13.10	88.9	0.09	11.99	8.0	-1.70	90.00	0.016	0.00e+00	3.74e-04
4008	15/06/2008	23:00	1.00	290.0	1.00	13.00	88.9	0.09	11.99	8.0	-1.70	90.00	0.016	0.00e+00	3.74e-04
4009	16/06/2008	00:00	1.00	260.0	1.00	13.20	88.9	0.09	11.99	8.0	-1.70	90.00	0.016	0.00e+00	3.75e-04
4010	16/06/2008	01:00	1.00	180.0	1.00	13.20	88.9	0.09	11.99	8.0	-1.70	90.00	0.016	0.00e+00	3.75e-04
4011	16/06/2008	02:00	1.10	160.0	1.00	13.00	93.9	0.10	11.46	8.0	-2.15	90.00	0.018	0.00e+00	3.74e-04
4012	16/06/2008	03:00	1.00	150.0	1.00	12.90	88.9	0.09	11.99	8.0	-1.70	90.00	0.016	0.00e+00	3.73e-04
4013	16/06/2008	04:00	1.00	0.0	1.00	12.90	88.9	0.09	11.99	8.0	-1.70	90.00	0.016	0.00e+00	3.73e-04
4014	16/06/2008	05:00	1.00	90.0	1.00	13.00	88.9	0.09	11.99	8.0	-1.70	90.00	0.016	3.44e-04	3.74e-04
4015	16/06/2008	06:00	1.20	80.0	1.00	13.00	98.7	0.11	10.99	8.0	-2.67	90.00	0.021	8.95e-04	3.74e-04
4016	16/06/2008	07:00	1.50	90.0	1.00	13.50	491.9	0.17	10.20	8.0	5.29	-82.90	-0.026	1.37e-03	3.76e-04
4017	16/06/2008	08:00	1.00	100.0	1.00	13.60	526.0	0.14	12.39	8.0	12.93	-19.05	-0.076	1.74e-03	3.77e-04
4018	16/06/2008	09:00	1.00	100.0	1.00	14.00	572.6	0.16	11.90	8.0	19.16	-17.28	-0.102	2.01e-03	3.79e-04
4019	16/06/2008	10:00	1.00	0.0	1.00	14.70	624.6	0.16	11.65	8.0	23.38	-16.46	-0.119	2.18e-03	3.82e-04
4020	16/06/2008	11:00	2.20	110.0	1.21	15.00	744.9	0.26	8.44	8.0	26.08	-58.36	-0.084	2.28e-03	3.84e-04
4021	16/06/2008	12:00	2.60	140.0	1.43	15.80	849.2	0.29	7.75	8.0	26.12	-86.33	-0.074	2.30e-03	3.88e-04
4022	16/06/2008	13:00	2.70	130.0	1.49	15.90	892.0	0.30	7.60	8.0	24.99	-98.17	-0.069	2.28e-03	3.89e-04
4023	16/06/2008	14:00	3.20	110.0	1.77	15.80	1003.6	0.35	6.95	8.0	22.16	-167.99	-0.053	2.18e-03	3.88e-04
4024	16/06/2008	15:00	2.90	110.0	1.61	15.40	1031.1	0.32	7.30	8.0	17.83	-157.17	-0.047	2.01e-03	3.86e-04
4025	16/06/2008	16:00	3.30	110.0	1.82	16.50	1097.3	0.37	6.87	8.0	48.51	-93.73	-0.109	1.74e-03	3.92e-04
4026	16/06/2008	17:00	3.00	110.0	1.68	15.80	1106.3	0.31	7.11	8.0	4.19	-659.12	-0.011	1.37e-03	3.88e-04
4027	16/06/2008	18:00	3.70	120.0	2.05	16.20	1140.3	0.39	6.45	8.0	20.98	-260.17	-0.044	8.95e-04	3.90e-04
4028	16/06/2008	19:00	2.70	90.0	1.51	15.50	1150.3	0.29	7.52	8.0	6.39	-329.21	-0.018	3.44e-04	3.87e-04
4029	16/06/2008	20:00	2.50	100.0	1.37	15.10	148.8	0.21	7.72	8.0	-11.58	90.00	0.045	0.00e+00	3.85e-04
4030	16/06/2008	21:00	1.00	0.0	1.00	15.30	88.9	0.09	11.99	8.0	-1.70	90.00	0.016	0.00e+00	3.86e-04
4031	16/06/2008	22:00	1.60	90.0	1.00	15.40	116.2	0.14	9.57	8.0	-5.53	90.00	0.033	0.00e+00	3.86e-04
4032	16/06/2008	23:00	1.40	140.0	1.00	15.00	107.7	0.12	10.21	8.0	-3.94	90.00	0.027	0.00e+00	3.84e-04
4033	17/06/2008	00:00	1.00	150.0	1.00	14.80	88.9	0.09	11.99	8.0	-1.70	90.00	0.016	0.00e+00	3.83e-04
4034	17/06/2008	01:00	1.00	0.0	1.00	14.70	88.9	0.09	11.99	8.0	-1.70	90.00	0.016	0.00e+00	3.82e-04
4035	17/06/2008	02:00	1.00	0.0	1.00	14.40	88.9	0.09	11.99	8.0	-1.70	90.00	0.016	0.00e+00	3.81e-04
4036	17/06/2008	03:00	1.20	110.0	1.00	14.30	98.7	0.11	10.99	8.0	-2.67	90.00	0.021	0.00e+00	3.80e-04
4037	17/06/2008	04:00	1.00	160.0	1.00	14.40	88.9	0.09	11.99	8.0	-1.70	90.00	0.016	0.00e+00	3.81e-04
4038	17/06/2008	05:00	1.00	120.0	1.00	14.60	362.4	0.13	12.66	8.0	5.95	-29.44	-0.039	3.45e-04	3.82e-04
4039	17/06/2008	06:00	1.00	90.0	1.00	15.30	522.8	0.18	11.33	7.0	41.39	-12.71	-0.190	1.88e-03	3.86e-04
4040	17/06/2008	07:00	1.10	190.0	1.00	17.10	679.6	0.20	10.87	7.0	71.31	-10.54	-0.292	2.86e-03	3.95e-04
4041	17/06/2008	08:00	1.00	190.0	1.00	18.00	848.8	0.20	11.44	7.0	98.59	-7.12	-0.414	3.64e-03	4.00e-04
4042	17/06/2008	09:00	1.00	0.0	1.00	18.80	1019.4	0.20	11.47	7.0	121.65	-6.21	-0.500	4.21e-03	4.04e-04
4043	17/06/2008	10:00	1.00	0.0	1.00	19.40	1184.7	0.21	11.48	7.0	139.14	-5.69	-0.564	4.58e-03	4.08e-04
4044	17/06/2008	11:00	1.00	270.0	1.00	20.20	1340.2	0.21	11.49	7.0	149.76	-5.43	-0.604	4.77e-03	4.12e-04
4045	17/06/2008	12:00	1.00	30.0	1.00	20.90	1482.8	0.21	11.50	7.0	153.06	-5.35	-0.617	4.83e-03	4.16e-04
4046	17/06/2008	13:00	1.00	0.0	1.00	21.10	1609.7	0.21	11.49	7.0	149.18	-5.44	-0.603	4.77e-03	4.17e-04
4047	17/06/2008	14:00	1.80	360.0	1.18	22.30	1756.2	0.31	8.58	6.0	185.51	-14.14	-0.510	6.27e-03	4.23e-04
4048	17/06/2008	15:00	2.70	360.0	1.68	22.70	1846.6	0.38	7.18	7.0	120.15	-38.91	-0.273	4.21e-03	4.26e-04
4049	17/06/2008	16:00	8.00	340.0	4.42	19.10	2405.2	0.83	4.38	7.0	98.31	-521.17	-0.099	3.64e-03	4.06e-04
4050	17/06/2008	17:00	1.00	20.0	1.00	18.20	2423.2	0.18	11.34	6.0	33.14	-14.58	-0.158	3.92e-03	4.01e-04
4051	17/06/2008	18:00	1.00	140.0	1.00	18.30	2452.8	0.19	11.36	6.0	55.48	-10.43	-0.249	2.57e-03	4.02e-04
4052	17/06/2008	19:00	1.30	160.0	1.00	17.70	103.3	0.11	10.58	5.0	-3.27	90.00	0.024	1.17e-03	3.98e-04
4053	17/06/2008	20:00	1.90	260.0	1.05	17.20	127.9	0.16	8.82	5.0	-8.57	90.00	0.044	0.00e+00	3.96e-04
4054	17/06/2008	21:00	1.00	280.0	1.00	17.20	88.9	0.09	11.99	4.0	-1.70	90.00	0.016	0.00e+00	3.96e-04
4055	17/06/2008	22:00	2.10	320.0	1.16	16.30	135.2	0.18	8.40	4.0	-11.07	90.00	0.051	0.00e+00	3.91e-04
4056	17/06/2008	23:00	1.30	290.0	1.00	15.90	103.3	0.11	10.58	3.0	-3.27	90.00	0.024	0.00e+00	3.89e-04
4057	18/06/2008	00:00	1.00	0.0	1.00	15.30	88.9	0.09	11.99	3.0	-1.70	90.00	0.016	0.00e+00	3.86e-04
4058	18/06/2008	01:00	1.00	240.0	1.00	14.60	88.9	0.09	11.99	2.0	-1.70	90.00	0.016	0.00e+00	3.82e-04
4059	18/06/2008	02:00	1.00	260.0	1.00	14.80	88.9	0.09	11.99	2.0	-1.70	90.00	0.016	0.00e+00	3.83e-04
4060	18/06/2008	03:00	1.30	310.0	1.00	15.10	103.3	0.11	10.58	1.0	-3.27	90.00	0.024	0.00e+00	3.85e-04
4061	18/06/2008	04:00	1.00	0.0	1.00	13.90	88.9	0.09	11.99	2.0	-1.70	90.00	0.016	0.00e+00	3.78e-04
4062	18/06/2008	05:00	1.30	300.0	1.00	14.40	441.8	0.15	11.03	1.0	6.02	-52.75	-0.033	1.38e-03	3.81e-04
4063	18/06/2008	06:00	1.00	350.0	1.00	16.70	596.6	0.19	11.38	0.0	60.68	-9.82	-0.268	3.59e-03	3.93e-04
4064	18/06/2008	07:00	2.80	340.0	1.72	18.40	1100.8	0.38	7.10	1.0	119.56	-41.09	-0.263	5.46e-03	4.02e-04
4065	18/06/2008	08:00	3.10	20.0	1.96	19.50	1295.3	0.43	6.65	1.0	170.46	-42.14	-0.332	6.95e-03	4.08e-04
4066	18/06/2008	09:00	2.70	10.0	1.77	19.80	1502.1	0.41	7.00	2.0	215.86	-28.71	-0.441	7.98e-03	4.10e-04
4067	18/06/2008	10:00	3.80	350.0	2.39	21.20	1712.3	0.52	6.01	2.0	247.26	-49.95	-0.404	8.68e-03	4.17e-04
4068	18/06/2008	11:00	3.50	350.0	2.27	21.90	1912.0	0.50	6.18	2.0	266.93	-41.90	-0.452	9.05e-03	4.21e-04
4069	18/06/2008	12:00	2.50	10.0	1.63	23.20	2093.4	0.40	7.30	2.0	271.85	-20.76	-0.580	9.16e-03	4.28e-04
4070	18/06/2008	13:00	2.00	350.0	1.31	23.50	2255.2	0.34	8.17	2.0	264.41	-13.60	-0.656	9.05e-03	4.30e-04
4071	18/06/2008	14:00	2.60	340.0	1.70	24.20	2395.4	0.41	7.15	2.0	243.07	-24.36	-0.512	8.68e-03	4.34e-04
4072	18/06/2008	15:00	3.00	10.0	1.96	25.00	2511.1	0.44	6.66	2.0	209.99	-36.21	-0.408	7.98e-03	4.38e-04
4073	18/06/2008	16:00	1.00	320.0	1.00	24.80	2598.5	0.21	11.51	2.0	168.32	-5.04	-0.679	6.91e-03	4.37e-04
4074	18/06/2008	17:00	2.10	30.0	1.39	24.80	2659.5	0.33	7.91	2.0	119.58	-26.12	-0.313	5.43e-03	4.37e-04
4075	18/06/2008	18:00	2.20	60.0	1.31	24.10	2693.2	0.30	8.12	2.0	67.12	-34.91	-0.193	3.56e-03	4.33e-04
4076	18/06/2008	19:00	1.90	100.0	1.04	22.20	2700.1	0.22	9.09	2.0	13.30	-69.52	-0.052	1.38e-03	4.23e-04
4077	18/06/2008	20:00	1.60	140.0	1.00	19.80	116.2	0.14	9.57	3.0	-5.53	90.00	0.034	0.00e+00	4.10e-04
4078	18/06/2008	21:00	1.00	160.0	1.00	18.10	88.9	0.09	11.99	3.0	-1.70	90.00	0.016	0.00e+00	4.01e-04
4079	18/06/2008	22:00	1.10	220.0	1.00	17.20	93.9	0.10	11.46	3.0	-2.15	90.00	0.018	0.00e+00	3.96e-04
4080	18/06/2008	23:00	1.00	170.0	1.00	16.50	88.9	0.09	11.99	3.0	-1.70	90.00	0.016	0.00e+00	3.92e-04
4081	19/06/2008	00:00	1.70	140.0	1.00	15.50	120.2	0.15	9.30	4.0	-6.45	90.00	0.036	0.00e+00	3.87e-04
4082	19/06/2008	01:00	1.90	170.0	1.05	15.30	127.9	0.16	8.82	4.0	-8.57	90.00	0.043	0.00e+00	3.86e-04
4083	19/06/2008	02:00	1.00	0.0	1.00	14.30	88.9	0.09	11.99	4.0	-1.70	90.00	0.016	0.00e+00	3.80e-04
4084	19/06/2008	03:00	1.00	200.0	1.00	14.10	88.9	0.09	11.99	4.0	-1.70	90.00	0.016	0.00e+00	3.79e-04
4085	19/06/2008	04:00	1.00	150.0	1.00	14.20	88.9	0.09	11.99	4.0	-1.70	90.00	0.016	0.00e+00	3.80e-04
4086	19/06/2008	05:00	1.00	0.0	1.00	14.50	398.6	0.14	12.47	3.0	11.81	-19.74	-0.071	1.35e-03	3.81e-04
4087	19/06/2008	06:00	1.00	0.0	1.00	17.50	582.4	0.19	11.39	3.0	67.93	-9.11	-0.297	3.49e-03	3.97e-04
4088	19/06/2008	07:00	1.30	190.0	1.00	19.10	795.5	0.24	10.04	5.0	110.56	-10.77	-0.391	4.64e-03	4.06e-04
4089	19/06/2008	08:00	2.50	180.0	1.64	20.80	1089.6	0.38	7.27	5.0	153.12	-31.11	-0.343	5.90e-03	4.15e-04
4090	19/06/2008	09:00	2.10	160.0	1.38	23.10	1274.0	0.34	7.92	6.0	161.30	-21.17	-0.407	5.77e-03	4.28e-04
4091	19/06/2008	10:00	1.90	180.0	1.24	24.50	1498.7	0.33	8.37	4.0	232.09	-13.47	-0.606	8.12e-03	4.36e-04
4092	19/06/2008	11:00	1.20	50.0	1.00	25.30	1706.7	0.25	10.55	4.0	249.96	-5.43	-0.864	8.46e-03	4.40e-04
4093	19/06/2008	12:00	2.90	230.0	1.89	26.30	1899.3	0.44	6.77	4.0	255.07	-29.48	-0.500	8.56e-03	4.46e-04
4094	19/06/2008	13:00	2.20	240.0	1.44	26.50	2055.8	0.36	7.77	5.0	229.35	-18.12	-0.548	7.73e-03	4.47e-04
4095	19/06/2008	14:00	1.20	130.0	1.00	27.20	2189.6	0.24	10.54	5.0	211.73	-6.04	-0.751	7.41e-03	4.51e-04
4096	19/06/2008	15:00	1.10	230.0	1.00	27.80	2299.9	0.23	10.99	5.0	184.46	-5.64	-0.703	6.82e-03	4.54e-04
4097	19/06/2008	16:00	1.00	0.0	1.00	27.40	2385.6	0.21	11.49	5.0	149.71	-5.43	-0.618	5.90e-03	4.52e-04
4098	19/06/2008	17:00	1.00	60.0	1.00	28.50	2450.6	0.20	11.46	4.0	116.51	-6.39	-0.497	5.08e-03	4.58e-04
4099	19/06/2008	18:00	2.20	90.0	1.32	27.20	2488.4	0.30	8.10	4.0	68.64	-34.69	-0.198	3.33e-03	4.51e-04
4100	19/06/2008	19:00	2.30	90.0	1.27	25.70	2499.4	0.26	8.25	4.0	19.68	-80.52	-0.065	1.29e-03	4.42e-04
4101	19/06/2008	20:00	1.00	40.0	1.00	23.00	88.9	0.09	11.99	4.0	-1.70	90.00	0.016	0.00e+00	4.27e-04
4102	19/06/2008	21:00	2.70	360.0	1.47	21.70	155.2	0.23	7.44	3.0	-21.19	90.00	0.078	0.00e+00	4.20e-04
4103	19/06/2008	22:00	1.00	0.0	1.00	20.60	88.9	0.09	11.99	3.0	-1.70	90.00	0.016	0.00e+00	4.14e-04
4104	19/06/2008	23:00	1.00	0.0	1.00	18.70	88.9	0.09	11.99	3.0	-1.70	90.00	0.016	0.00e+00	4.04e-04
4105	20/06/2008	00:00	1.00	270.0	1.00	17.70	88.9	0.09	11.99	3.0	-1.70	90.00	0.016	0.00e+00	3.98e-04
4106	20/06/2008	01:00	2.00	330.0	1.10	18.80	131.6	0.17	8.60	2.0	-9.77	90.00	0.048	0.00e+00	4.04e-04
4107	20/06/2008	02:00	1.10	340.0	1.00	17.90	93.9	0.10	11.46	2.0	-2.15	90.00	0.019	0.00e+00	4.00e-04
4108	20/06/2008	03:00	1.00	0.0	1.00	17.10	88.9	0.09	11.99	2.0	-1.70	90.00	0.016	0.00e+00	3.95e-04
4109	20/06/2008	04:00	1.00	260.0	1.00	15.70	88.9	0.09	11.99	2.0	-1.70	90.00	0.016	0.00e+00	3.88e-04
4110	20/06/2008	05:00	1.50	200.0	1.00	16.90	502.1	0.17	10.24	1.0	7.41	-62.91	-0.036	1.39e-03	3.94e-04
4111	20/06/2008	06:00	1.00	230.0	1.00	18.60	649.5	0.19	11.38	1.0	63.94	-9.48	-0.283	3.59e-03	4.03e-04
4112	20/06/2008	07:00	1.70	10.0	1.13	21.40	861.5	0.28	8.78	1.0	118.42	-17.27	-0.352	5.46e-03	4.18e-04
4113	20/06/2008	08:00	2.60	10.0	1.70	22.60	1130.6	0.39	7.13	1.0	168.01	-31.67	-0.365	6.95e-03	4.25e-04
4114	20/06/2008	09:00	2.50	360.0	1.64	23.10	1359.5	0.39	7.28	1.0	210.38	-24.95	-0.460	8.03e-03	4.28e-04
4115	20/06/2008	10:00	2.30	40.0	1.50	24.00	1580.9	0.37	7.60	1.0	241.97	-19.07	-0.554	8.73e-03	4.33e-04
4116	20/06/2008	11:00	2.00	350.0	1.31	25.20	1788.5	0.34	8.17	1.0	260.71	-13.74	-0.652	9.10e-03	4.40e-04
4117	20/06/2008	12:00	2.60	30.0	1.70	25.70	1979.9	0.41	7.15	1.0	266.91	-22.78	-0.560	9.21e-03	4.42e-04
4118	20/06/2008	13:00	1.70	10.0	1.11	26.60	2148.1	0.31	8.87	1.0	258.85	-10.10	-0.722	9.10e-03	4.47e-04
4119	20/06/2008	14:00	2.00	350.0	1.31	27.20	2292.6	0.34	8.16	1.0	238.18	-14.62	-0.605	8.73e-03	4.51e-04
4120	20/06/2008	15:00	2.40	10.0	1.57	27.40	2411.5	0.38	7.43	1.0	206.33	-23.28	-0.471	8.03e-03	4.52e-04
4121	20/06/2008	16:00	3.00	30.0	1.90	27.70	2503.3	0.42	6.75	1.0	164.97	-40.57	-0.338	6.95e-03	4.54e-04
4122	20/06/2008	17:00	3.10	50.0	1.83	27.40	2566.8	0.40	6.88	1.0	117.10	-47.89	-0.254	5.46e-03	4.52e-04
4123	20/06/2008	18:00	3.00	60.0	1.67	26.90	2601.7	0.36	7.18	1.0	65.43	-60.66	-0.159	3.59e-03	4.49e-04
4124	20/06/2008	19:00	2.40	30.0	1.33	25.90	2608.8	0.26	8.04	1.0	12.99	-126.81	-0.042	1.39e-03	4.43e-04
4125	20/06/2008	20:00	1.20	20.0	1.00	24.40	98.7	0.11	10.99	1.0	-2.67	90.00	0.022	0.00e+00	4.35e-04
4126	20/06/2008	21:00	2.40	360.0	1.31	23.30	145.5	0.21	7.88	1.0	-15.62	90.00	0.065	0.00e+00	4.29e-04
4127	20/06/2008	22:00	1.00	330.0	1.00	22.50	88.9	0.09	11.99	1.0	-1.70	90.00	0.016	0.00e+00	4.25e-04
4128	20/06/2008	23:00	1.80	330.0	1.00	21.70	124.1	0.16	9.05	1.0	-7.46	90.00	0.041	0.00e+00	4.20e-04
4129	21/06/2008	00:00	2.10	350.0	1.16	21.50	135.2	0.18	8.40	1.0	-11.07	90.00	0.052	0.00e+00	4.19e-04
4130	21/06/2008	01:00	1.10	210.0	1.00	19.70	93.9	0.10	11.46	1.0	-2.15	90.00	0.019	0.00e+00	4.09e-04
4131	21/06/2008	02:00	1.00	220.0	1.00	19.30	88.9	0.09	11.99	1.0	-1.70	90.00	0.016	0.00e+00	4.07e-04
4132	21/06/2008	03:00	1.00	0.0	1.00	18.20	88.9	0.09	11.99	1.0	-1.70	90.00	0.016	0.00e+00	4.01e-04
4133	21/06/2008	04:00	1.00	0.0	1.00	18.20	88.9	0.09	11.99	1.0	-1.70	90.00	0.016	0.00e+00	4.01e-04
4134	21/06/2008	05:00	1.40	350.0	1.00	19.20	481.3	0.17	10.64	1.0	8.70	-47.21	-0.044	1.39e-03	4.07e-04
4135	21/06/2008	06:00	2.10	360.0	1.26	20.60	832.9	0.29	8.28	1.0	64.11	-33.19	-0.188	3.59e-03	4.14e-04
4136	21/06/2008	07:00	1.30	330.0	1.00	21.70	1004.5	0.24	10.05	1.0	118.31	-10.29	-0.419	5.46e-03	4.20e-04
4137	21/06/2008	08:00	1.90	10.0	1.25	23.50	1205.2	0.32	8.34	0.0	164.50	-17.10	-0.443	6.96e-03	4.30e-04
4138	21/06/2008	09:00	1.40	10.0	1.00	25.10	1415.2	0.27	9.75	0.0	205.54	-8.18	-0.661	8.04e-03	4.39e-04
4139	21/06/2008	10:00	2.10	350.0	1.37	26.40	1627.6	0.35	7.96	1.0	239.05	-16.05	-0.587	8.73e-03	4.46e-04
4140	21/06/2008	11:00	1.80	360.0	1.18	27.40	1828.7	0.32	8.61	1.0	257.85	-11.29	-0.696	9.10e-03	4.52e-04
4141	21/06/2008	12:00	1.90	340.0	1.24	28.00	2014.3	0.33	8.38	1.0	263.88	-12.33	-0.688	9.21e-03	4.55e-04
4142	21/06/2008	13:00	2.10	80.0	1.37	29.60	2179.8	0.35	7.97	1.0	255.36	-15.33	-0.629	9.10e-03	4.64e-04
4143	21/06/2008	14:00	1.40	200.0	1.00	30.40	2321.4	0.27	9.76	1.0	235.12	-7.49	-0.758	8.73e-03	4.69e-04
4144	21/06/2008	15:00	2.50	190.0	1.64	31.50	2439.1	0.39	7.28	1.0	203.58	-25.55	-0.459	8.03e-03	4.75e-04
4145	21/06/2008	16:00	2.50	170.0	1.64	31.30	2529.7	0.38	7.26	1.0	163.68	-29.86	-0.377	6.95e-03	4.74e-04
4146	21/06/2008	17:00	1.70	190.0	1.13	31.60	2592.2	0.28	8.78	1.0	117.11	-17.40	-0.361	5.46e-03	4.76e-04
4147	21/06/2008	18:00	1.80	170.0	1.15	30.60	2627.3	0.27	8.68	1.0	66.77	-26.49	-0.215	3.59e-03	4.70e-04
4148	21/06/2008	19:00	1.00	0.0	1.00	29.90	2635.6	0.15	12.14	1.0	15.95	-17.97	-0.094	1.39e-03	4.66e-04
4149	21/06/2008	20:00	2.20	100.0	1.21	26.70	138.7	0.19	8.21	1.0	-12.48	90.00	0.057	0.00e+00	4.48e-04
4150	21/06/2008	21:00	2.40	120.0	1.31	25.10	145.5	0.21	7.88	1.0	-15.62	90.00	0.065	0.00e+00	4.39e-04
4151	21/06/2008	22:00	1.80	140.0	1.00	24.10	124.1	0.16	9.05	1.0	-7.46	90.00	0.041	0.00e+00	4.33e-04
4152	21/06/2008	23:00	1.50	170.0	1.00	24.00	112.0	0.13	9.88	1.0	-4.69	90.00	0.031	0.00e+00	4.33e-04
4153	22/06/2008	00:00	1.00	210.0	1.00	24.00	88.9	0.09	11.99	1.0	-1.70	90.00	0.016	0.00e+00	4.33e-04
4154	22/06/2008	01:00	1.00	200.0	1.00	23.50	88.9	0.09	11.99	1.0	-1.70	90.00	0.016	0.00e+00	4.30e-04
4155	22/06/2008	02:00	1.00	180.0	1.00	22.60	88.9	0.09	11.99	1.0	-1.70	90.00	0.016	0.00e+00	4.25e-04
4156	22/06/2008	03:00	2.30	160.0	1.26	21.80	142.1	0.20	8.04	1.0	-13.99	90.00	0.060	0.00e+00	4.21e-04
4157	22/06/2008	04:00	1.40	140.0	1.00	21.50	107.7	0.12	10.21	1.0	-3.94	90.00	0.027	0.00e+00	4.19e-04
4158	22/06/2008	05:00	1.50	160.0	1.00	21.30	512.9	0.18	10.27	1.0	9.92	-50.09	-0.047	1.39e-03	4.18e-04
4159	22/06/2008	06:00	1.00	150.0	1.00	24.00	661.7	0.19	11.39	1.0	64.64	-9.41	-0.291	3.59e-03	4.33e-04
4160	22/06/2008	07:00	3.10	170.0	1.84	25.10	1156.0	0.40	6.86	2.0	119.53	-47.58	-0.256	5.43e-03	4.39e-04
4161	22/06/2008	08:00	4.90	180.0	2.74	26.80	1616.9	0.56	5.60	2.0	167.19	-93.09	-0.258	6.91e-03	4.48e-04
4162	22/06/2008	09:00	6.10	190.0	3.39	28.30	1948.5	0.67	5.03	2.0	207.15	-131.49	-0.266	7.98e-03	4.57e-04
4163	22/06/2008	10:00	7.10	190.0	3.93	29.60	2225.0	0.77	4.67	2.0	237.13	-171.04	-0.268	8.68e-03	4.64e-04
4164	22/06/2008	11:00	6.60	190.0	3.67	30.50	2387.1	0.73	4.83	2.0	255.64	-135.03	-0.306	9.05e-03	4.70e-04
4165	22/06/2008	12:00	7.10	190.0	3.94	31.30	2542.4	0.78	4.66	3.0	258.84	-159.38	-0.292	8.97e-03	4.74e-04
4166	22/06/2008	13:00	7.50	180.0	4.15	32.20	2687.6	0.81	4.54	2.0	254.09	-185.41	-0.275	9.05e-03	4.79e-04
4167	22/06/2008	14:00	6.70	180.0	3.72	32.60	2812.6	0.73	4.80	2.0	234.75	-149.50	-0.281	8.68e-03	4.82e-04
4168	22/06/2008	15:00	7.00	180.0	3.87	32.60	2918.6	0.76	4.70	2.0	204.51	-186.58	-0.238	7.98e-03	4.82e-04
4169	22/06/2008	16:00	8.50	180.0	4.69	32.40	3008.2	0.89	4.26	2.0	165.15	-378.82	-0.163	6.91e-03	4.80e-04
4170	22/06/2008	17:00	6.60	180.0	3.64	32.20	3067.7	0.70	4.84	2.0	119.17	-256.25	-0.149	5.43e-03	4.79e-04
4171	22/06/2008	18:00	7.20	180.0	3.98	31.10	3105.6	0.75	4.62	2.0	69.30	-540.00	-0.081	3.56e-03	4.73e-04
4172	22/06/2008	19:00	6.60	180.0	3.67	29.30	3119.0	0.68	4.80	2.0	18.14	-1546.87	-0.023	1.38e-03	4.63e-04
4173	22/06/2008	20:00	5.10	190.0	2.83	27.30	337.0	0.48	5.42	2.0	-48.68	204.40	0.087	0.00e+00	4.51e-04
4174	22/06/2008	21:00	3.60	190.0	1.94	26.30	181.4	0.30	6.48	2.0	-30.71	90.00	0.087	0.00e+00	4.46e-04
4175	22/06/2008	22:00	4.40	190.0	2.43	24.50	253.9	0.40	5.82	1.0	-41.73	135.94	0.089	0.00e+00	4.36e-04
4176	22/06/2008	23:00	4.90	180.0	2.71	23.70	307.7	0.46	5.53	1.0	-47.86	177.43	0.089	0.00e+00	4.31e-04
4177	23/06/2008	00:00	3.00	210.0	1.63	22.80	164.3	0.25	7.07	1.0	-26.69	90.00	0.089	0.00e+00	4.26e-04
4178	23/06/2008	01:00	1.00	110.0	1.00	21.20	88.9	0.09	11.99	1.0	-1.70	90.00	0.016	0.00e+00	4.17e-04
4179	23/06/2008	02:00	2.00	140.0	1.10	20.20	131.6	0.17	8.60	1.0	-9.77	90.00	0.048	0.00e+00	4.12e-04
4180	23/06/2008	03:00	1.00	0.0	1.00	19.40	88.9	0.09	11.99	1.0	-1.70	90.00	0.016	0.00e+00	4.08e-04
4181	23/06/2008	04:00	1.00	180.0	1.00	18.70	88.9	0.09	11.99	1.0	-1.70	90.00	0.016	0.00e+00	4.04e-04
4182	23/06/2008	05:00	1.00	0.0	1.00	19.50	379.6	0.13	12.61	1.0	8.77	-22.98	-0.056	1.38e-03	4.08e-04
4183	23/06/2008	06:00	1.00	190.0	1.00	22.20	563.6	0.19	11.38	1.0	64.25	-9.45	-0.287	3.58e-03	4.23e-04
4184	23/06/2008	07:00	1.60	200.0	1.06	23.30	798.7	0.27	9.05	1.0	117.76	-15.39	-0.367	5.46e-03	4.29e-04
4185	23/06/2008	08:00	3.00	190.0	1.90	24.40	1223.0	0.42	6.74	1.0	166.71	-40.41	-0.337	6.95e-03	4.35e-04
4186	23/06/2008	09:00	1.80	160.0	1.18	26.30	1433.5	0.31	8.59	1.0	207.19	-13.11	-0.570	8.03e-03	4.46e-04
4187	23/06/2008	10:00	2.80	190.0	1.83	28.00	1645.4	0.43	6.88	1.0	237.28	-28.89	-0.482	8.73e-03	4.55e-04
4188	23/06/2008	11:00	4.90	190.0	2.86	29.70	1853.6	0.60	5.49	1.0	255.20	-73.34	-0.373	9.10e-03	4.65e-04
4189	23/06/2008	12:00	5.70	170.0	3.22	30.60	2047.0	0.66	5.16	1.0	260.92	-96.18	-0.347	9.21e-03	4.70e-04
4190	23/06/2008	13:00	5.90	170.0	3.32	31.50	2219.4	0.67	5.09	1.0	253.46	-105.40	-0.331	9.10e-03	4.75e-04
4191	23/06/2008	14:00	6.10	190.0	3.40	32.00	2368.0	0.68	5.02	1.0	233.82	-120.12	-0.301	8.73e-03	4.78e-04
4192	23/06/2008	15:00	5.00	170.0	2.83	32.20	2487.4	0.58	5.52	1.0	203.17	-85.67	-0.307	8.03e-03	4.79e-04
4193	23/06/2008	16:00	4.70	180.0	2.64	32.20	2579.2	0.54	5.71	1.0	163.41	-86.39	-0.265	6.95e-03	4.79e-04
4194	23/06/2008	17:00	6.00	170.0	3.31	31.50	2646.6	0.64	5.08	1.0	117.02	-202.26	-0.159	5.46e-03	4.75e-04
4195	23/06/2008	18:00	4.20	170.0	2.32	30.50	2682.7	0.46	6.08	1.0	66.64	-131.02	-0.126	3.58e-03	4.70e-04
4196	23/06/2008	19:00	4.80	150.0	2.67	27.90	2692.7	0.50	5.63	1.0	14.33	-773.54	-0.025	1.38e-03	4.55e-04
4197	23/06/2008	20:00	4.80	170.0	2.66	26.70	298.6	0.45	5.58	1.0	-46.26	170.84	0.089	0.00e+00	4.48e-04
4198	23/06/2008	21:00	4.30	190.0	2.37	25.70	243.9	0.39	5.89	1.0	-40.37	128.77	0.089	0.00e+00	4.42e-04
4199	23/06/2008	22:00	3.70	190.0	1.99	24.10	184.1	0.31	6.39	2.0	-31.76	90.00	0.087	0.00e+00	4.33e-04
4200	23/06/2008	23:00	5.00	170.0	2.77	23.70	323.4	0.47	5.47	2.0	-48.04	192.02	0.087	0.00e+00	4.31e-04
4201	24/06/2008	00:00	3.00	210.0	1.63	23.50	164.3	0.25	7.07	2.0	-26.00	90.00	0.087	0.00e+00	4.30e-04
4202	24/06/2008	01:00	3.40	200.0	1.84	23.20	175.9	0.29	6.66	2.0	-29.36	90.00	0.087	0.00e+00	4.28e-04
4203	24/06/2008	02:00	1.90	150.0	1.05	22.50	127.9	0.16	8.82	2.0	-8.57	90.00	0.044	0.00e+00	4.25e-04
4204	24/06/2008	03:00	2.00	170.0	1.10	21.20	131.6	0.17	8.60	2.0	-9.77	90.00	0.048	0.00e+00	4.17e-04
4205	24/06/2008	04:00	2.50	140.0	1.37	20.20	148.8	0.21	7.72	2.0	-17.36	90.00	0.069	0.00e+00	4.12e-04
4206	24/06/2008	05:00	1.00	190.0	1.00	20.70	436.3	0.15	12.03	5.0	17.31	-17.67	-0.097	1.17e-03	4.15e-04
4207	24/06/2008	06:00	1.70	260.0	1.11	22.60	765.0	0.26	8.85	3.0	68.12	-24.20	-0.219	3.49e-03	4.25e-04
4208	24/06/2008	07:00	2.30	150.0	1.44	23.60	950.9	0.33	7.75	6.0	94.72	-33.43	-0.245	3.92e-03	4.31e-04
4209	24/06/2008	08:00	1.70	170.0	1.13	25.40	1081.7	0.28	8.76	7.0	97.48	-19.80	-0.300	3.64e-03	4.41e-04
4210	24/06/2008	09:00	3.10	180.0	1.84	26.80	1227.4	0.40	6.86	7.0	119.21	-47.62	-0.257	4.21e-03	4.48e-04
4211	24/06/2008	10:00	3.90	210.0	2.22	28.20	1377.1	0.47	6.24	7.0	135.54	-66.26	-0.252	4.57e-03	4.56e-04
4212	24/06/2008	11:00	5.00	210.0	2.78	28.40	1620.4	0.56	5.56	7.0	145.85	-107.41	-0.225	4.77e-03	4.58e-04
4213	24/06/2008	12:00	4.40	200.0	2.47	28.80	1747.4	0.51	5.90	7.0	149.26	-79.69	-0.253	4.83e-03	4.60e-04
4214	24/06/2008	13:00	4.10	170.0	2.32	30.30	1862.2	0.49	6.09	7.0	145.42	-70.17	-0.261	4.77e-03	4.68e-04
4215	24/06/2008	14:00	3.10	180.0	1.88	30.70	1961.1	0.41	6.78	7.0	135.20	-45.74	-0.287	4.57e-03	4.71e-04
4216	24/06/2008	15:00	6.10	170.0	3.37	29.60	2052.6	0.65	5.04	7.0	119.01	-208.13	-0.158	4.21e-03	4.64e-04
4217	24/06/2008	16:00	6.10	170.0	3.37	29.90	2146.4	0.66	5.04	6.0	128.95	-194.08	-0.171	4.99e-03	4.66e-04
4218	24/06/2008	17:00	4.70	160.0	2.60	29.00	2209.8	0.52	5.75	6.0	94.96	-129.51	-0.159	3.92e-03	4.61e-04
4219	24/06/2008	18:00	4.10	150.0	2.26	27.50	2247.7	0.45	6.15	6.0	57.78	-138.97	-0.111	2.57e-03	4.52e-04
4220	24/06/2008	19:00	1.90	170.0	1.04	26.20	2260.1	0.23	9.10	5.0	20.56	-49.91	-0.078	1.17e-03	4.45e-04
4221	24/06/2008	20:00	1.90	120.0	1.05	25.00	127.9	0.16	8.82	5.0	-8.57	90.00	0.045	0.00e+00	4.38e-04
4222	24/06/2008	21:00	2.00	150.0	1.10	23.00	131.6	0.17	8.60	5.0	-9.77	90.00	0.048	0.00e+00	4.27e-04
4223	24/06/2008	22:00	1.00	0.0	1.00	22.40	88.9	0.09	11.99	4.0	-1.70	90.00	0.016	0.00e+00	4.24e-04
4224	24/06/2008	23:00	1.00	310.0	1.00	22.20	88.9	0.09	11.99	4.0	-1.70	90.00	0.016	0.00e+00	4.23e-04
4225	25/06/2008	00:00	1.40	170.0	1.00	20.80	107.7	0.12	10.21	4.0	-3.94	90.00	0.027	0.00e+00	4.15e-04
4226	25/06/2008	01:00	1.00	200.0	1.00	20.40	88.9	0.09	11.99	3.0	-1.70	90.00	0.016	0.00e+00	4.13e-04
4227	25/06/2008	02:00	1.00	290.0	1.00	20.10	88.9	0.09	11.99	3.0	-1.70	90.00	0.016	0.00e+00	4.11e-04
4228	25/06/2008	03:00	1.00	0.0	1.00	19.60	88.9	0.09	11.99	2.0	-1.70	90.00	0.016	0.00e+00	4.09e-04
4229	25/06/2008	04:00	1.30	130.0	1.00	19.10	103.3	0.11	10.58	3.0	-3.27	90.00	0.024	0.00e+00	4.06e-04
4230	25/06/2008	05:00	1.00	0.0	1.00	19.40	396.0	0.14	12.49	2.0	11.41	-20.04	-0.070	1.36e-03	4.08e-04
4231	25/06/2008	06:00	1.00	0.0	1.00	21.40	579.2	0.19	11.39	2.0	66.47	-9.24	-0.295	3.55e-03	4.18e-04
4232	25/06/2008	07:00	1.00	0.0	1.00	23.20	805.8	0.20	11.46	1.0	117.61	-6.35	-0.493	5.46e-03	4.28e-04
4233	25/06/2008	08:00	1.00	0.0	1.00	25.50	1041.9	0.21	11.50	0.0	163.07	-5.14	-0.662	6.95e-03	4.41e-04
4234	25/06/2008	09:00	3.30	350.0	2.10	27.30	1337.1	0.46	6.42	0.0	203.46	-43.26	-0.380	8.03e-03	4.51e-04
4235	25/06/2008	10:00	3.20	350.0	2.08	28.80	1564.1	0.47	6.45	1.0	236.38	-38.08	-0.440	8.73e-03	4.60e-04
4236	25/06/2008	11:00	3.70	360.0	2.36	29.40	1778.0	0.51	6.06	1.0	255.41	-47.17	-0.432	9.10e-03	4.63e-04
4237	25/06/2008	12:00	4.00	10.0	2.50	29.90	1974.2	0.54	5.88	2.0	262.72	-52.87	-0.425	9.15e-03	4.66e-04
4238	25/06/2008	13:00	4.30	350.0	2.61	30.20	2146.9	0.56	5.75	3.0	253.33	-60.02	-0.398	8.86e-03	4.68e-04
4239	25/06/2008	14:00	6.90	360.0	3.82	28.90	2303.6	0.75	4.73	3.0	235.53	-160.22	-0.272	8.50e-03	4.60e-04
4240	25/06/2008	15:00	6.30	360.0	3.49	28.50	2417.8	0.69	4.96	5.0	183.89	-156.28	-0.232	6.82e-03	4.58e-04
4241	25/06/2008	16:00	7.00	360.0	3.86	27.80	2516.7	0.75	4.70	4.0	160.85	-229.48	-0.186	6.46e-03	4.54e-04
4242	25/06/2008	17:00	5.50	10.0	3.04	26.90	2583.1	0.60	5.31	4.0	116.42	-162.28	-0.168	5.07e-03	4.49e-04
4243	25/06/2008	18:00	5.30	360.0	2.93	25.50	2622.7	0.57	5.40	3.0	68.55	-234.05	-0.104	3.48e-03	4.41e-04
4244	25/06/2008	19:00	4.70	350.0	2.61	24.60	2634.9	0.49	5.70	4.0	18.72	-563.42	-0.033	1.28e-03	4.36e-04
4245	25/06/2008	20:00	4.70	350.0	2.61	23.80	325.2	0.45	5.64	5.0	-37.87	208.38	0.072	0.00e+00	4.32e-04
4246	25/06/2008	21:00	3.30	350.0	1.79	23.20	174.7	0.28	6.75	6.0	-21.25	91.50	0.065	0.00e+00	4.28e-04
4247	25/06/2008	22:00	3.60	340.0	2.00	22.80	216.5	0.33	6.42	6.0	-24.71	123.26	0.065	0.00e+00	4.26e-04
4248	25/06/2008	23:00	3.20	340.0	1.73	22.30	170.2	0.27	6.86	5.0	-23.07	90.00	0.072	0.00e+00	4.23e-04
4249	26/06/2008	00:00	3.70	350.0	1.99	21.90	184.1	0.31	6.39	3.0	-30.71	90.00	0.084	0.00e+00	4.21e-04
4250	26/06/2008	01:00	2.70	350.0	1.47	21.20	155.2	0.23	7.44	1.0	-21.19	90.00	0.078	0.00e+00	4.17e-04
4251	26/06/2008	02:00	1.90	340.0	1.05	20.60	127.9	0.16	8.82	3.0	-8.57	90.00	0.044	0.00e+00	4.14e-04
4252	26/06/2008	03:00	3.20	350.0	1.73	20.20	170.2	0.27	6.86	2.0	-27.98	90.00	0.087	0.00e+00	4.12e-04
4253	26/06/2008	04:00	2.80	350.0	1.52	19.50	158.3	0.24	7.31	1.0	-23.29	90.00	0.082	0.00e+00	4.08e-04
4254	26/06/2008	05:00	3.20	340.0	1.78	19.60	976.8	0.34	6.90	1.0	8.46	-405.88	-0.021	1.37e-03	4.09e-04
4255	26/06/2008	06:00	3.80	350.0	2.10	20.90	1224.6	0.42	6.40	1.0	63.73	-106.11	-0.127	3.57e-03	4.16e-04
4256	26/06/2008	07:00	5.00	340.0	2.77	22.50	1594.3	0.55	5.57	1.0	117.69	-126.79	-0.181	5.45e-03	4.25e-04
4257	26/06/2008	08:00	4.80	360.0	2.69	24.20	1736.7	0.55	5.65	1.0	166.58	-89.23	-0.258	6.94e-03	4.34e-04
4258	26/06/2008	09:00	4.90	340.0	2.79	24.90	1898.1	0.58	5.56	1.0	208.25	-81.08	-0.310	8.03e-03	4.38e-04
4259	26/06/2008	10:00	4.80	340.0	2.79	25.80	2067.0	0.58	5.56	1.0	239.49	-72.77	-0.354	8.73e-03	4.43e-04
4260	26/06/2008	11:00	4.30	10.0	2.62	26.50	2233.5	0.56	5.73	1.0	258.73	-59.55	-0.400	9.10e-03	4.47e-04
4261	26/06/2008	12:00	4.10	330.0	2.55	26.60	2391.7	0.55	5.82	1.0	265.44	-54.75	-0.418	9.21e-03	4.47e-04
4262	26/06/2008	13:00	4.20	360.0	2.58	27.60	2536.0	0.55	5.78	1.0	257.37	-57.54	-0.404	9.10e-03	4.53e-04
4263	26/06/2008	14:00	4.00	350.0	2.46	28.10	2661.7	0.53	5.92	1.0	236.99	-55.04	-0.389	8.73e-03	4.56e-04
4264	26/06/2008	15:00	3.80	10.0	2.32	28.70	2766.0	0.50	6.10	1.0	205.06	-53.65	-0.357	8.03e-03	4.59e-04
4265	26/06/2008	16:00	4.10	20.0	2.35	28.30	2847.0	0.50	6.05	1.0	164.38	-65.75	-0.287	6.94e-03	4.57e-04
4266	26/06/2008	17:00	4.30	20.0	2.39	27.90	2903.7	0.49	5.99	1.0	116.70	-89.51	-0.206	5.45e-03	4.55e-04
4267	26/06/2008	18:00	4.30	10.0	2.37	27.40	2935.7	0.47	6.01	1.0	65.18	-141.66	-0.120	3.57e-03	4.52e-04
4268	26/06/2008	19:00	3.20	20.0	1.78	25.30	2942.0	0.34	6.92	1.0	12.12	-290.17	-0.030	1.37e-03	4.40e-04
4269	26/06/2008	20:00	2.20	10.0	1.21	24.00	138.7	0.19	8.21	2.0	-12.48	90.00	0.057	0.00e+00	4.33e-04
4270	26/06/2008	21:00	1.90	360.0	1.05	23.80	127.9	0.16	8.82	2.0	-8.57	90.00	0.045	0.00e+00	4.32e-04
4271	26/06/2008	22:00	1.00	30.0	1.00	23.00	88.9	0.09	11.99	2.0	-1.70	90.00	0.016	0.00e+00	4.27e-04
4272	26/06/2008	23:00	1.00	0.0	1.00	21.60	88.9	0.09	11.99	2.0	-1.70	90.00	0.016	0.00e+00	4.20e-04
4273	27/06/2008	00:00	1.00	310.0	1.00	21.20	88.9	0.09	11.99	3.0	-1.70	90.00	0.016	0.00e+00	4.17e-04
4274	27/06/2008	01:00	1.00	210.0	1.00	20.10	88.9	0.09	11.99	3.0	-1.70	90.00	0.016	0.00e+00	4.11e-04
4275	27/06/2008	02:00	1.00	340.0	1.00	19.40	88.9	0.09	11.99	3.0	-1.70	90.00	0.016	0.00e+00	4.08e-04
4276	27/06/2008	03:00	1.00	260.0	1.00	19.00	88.9	0.09	11.99	3.0	-1.70	90.00	0.016	0.00e+00	4.05e-04
4277	27/06/2008	04:00	2.60	350.0	1.42	19.90	152.0	0.22	7.58	3.0	-19.21	90.00	0.073	0.00e+00	4.10e-04
4278	27/06/2008	05:00	1.00	0.0	1.00	20.30	428.0	0.15	12.13	6.0	16.09	-17.94	-0.092	9.76e-04	4.12e-04
4279	27/06/2008	06:00	1.70	350.0	1.02	21.30	686.7	0.24	9.24	7.0	42.70	-27.92	-0.152	1.87e-03	4.18e-04
4280	27/06/2008	07:00	3.10	360.0	1.73	22.10	1059.6	0.37	7.06	7.0	71.23	-61.51	-0.165	2.85e-03	4.22e-04
4281	27/06/2008	08:00	6.20	330.0	3.43	23.50	1946.9	0.67	5.00	3.0	168.10	-161.64	-0.213	6.76e-03	4.30e-04
4282	27/06/2008	09:00	6.10	340.0	3.39	24.20	2097.0	0.68	5.03	2.0	210.43	-129.92	-0.266	7.98e-03	4.34e-04
4283	27/06/2008	10:00	6.90	340.0	3.82	25.20	2259.2	0.75	4.73	2.0	241.49	-157.05	-0.275	8.67e-03	4.40e-04
4284	27/06/2008	11:00	5.70	360.0	3.22	25.90	2415.4	0.66	5.16	1.0	259.43	-96.52	-0.340	9.10e-03	4.43e-04
4285	27/06/2008	12:00	6.60	350.0	3.68	26.40	2568.0	0.73	4.83	1.0	265.62	-131.23	-0.312	9.21e-03	4.46e-04
4286	27/06/2008	13:00	6.90	350.0	3.83	27.00	2709.1	0.76	4.73	1.0	258.01	-149.07	-0.294	9.10e-03	4.50e-04
4287	27/06/2008	14:00	6.10	360.0	3.41	27.30	2830.7	0.68	5.02	1.0	237.72	-118.69	-0.301	8.73e-03	4.51e-04
4288	27/06/2008	15:00	7.50	360.0	4.14	26.80	2935.4	0.80	4.54	0.0	203.67	-223.76	-0.219	8.03e-03	4.48e-04
4289	27/06/2008	16:00	7.30	350.0	4.03	26.90	3017.0	0.78	4.60	0.0	162.12	-254.73	-0.180	6.94e-03	4.49e-04
4290	27/06/2008	17:00	7.90	340.0	4.36	26.50	3077.0	0.83	4.42	0.0	113.87	-437.66	-0.119	5.45e-03	4.47e-04
4291	27/06/2008	18:00	7.70	340.0	4.26	26.00	3112.4	0.80	4.46	0.0	61.73	-730.88	-0.067	3.57e-03	4.44e-04
4292	27/06/2008	19:00	6.00	340.0	3.34	24.80	3120.2	0.62	5.03	0.0	8.66	-2426.76	-0.012	1.36e-03	4.37e-04
4293	27/06/2008	20:00	5.20	340.0	2.88	23.30	339.1	0.49	5.37	0.0	-51.84	202.51	0.090	0.00e+00	4.29e-04
4294	27/06/2008	21:00	3.50	350.0	1.89	22.20	178.6	0.30	6.57	0.0	-31.28	90.00	0.090	0.00e+00	4.23e-04
4295	27/06/2008	22:00	4.00	340.0	2.17	21.20	201.1	0.34	6.14	0.0	-36.38	97.61	0.090	0.00e+00	4.17e-04
4296	27/06/2008	23:00	3.60	340.0	1.94	20.50	181.4	0.30	6.48	0.0	-32.32	90.00	0.090	0.00e+00	4.14e-04
4297	28/06/2008	00:00	4.20	340.0	2.31	20.20	227.1	0.37	5.97	0.0	-39.76	115.42	0.090	0.00e+00	4.12e-04
4298	28/06/2008	01:00	4.50	340.0	2.48	19.70	260.4	0.41	5.76	0.0	-43.82	139.50	0.090	0.00e+00	4.09e-04
4299	28/06/2008	02:00	4.10	340.0	2.23	19.10	212.7	0.36	6.06	0.0	-38.18	105.22	0.090	0.00e+00	4.06e-04
4300	28/06/2008	03:00	3.50	360.0	1.89	18.70	178.6	0.30	6.57	0.0	-31.65	90.00	0.090	0.00e+00	4.04e-04
4301	28/06/2008	04:00	4.80	340.0	2.65	18.10	291.7	0.44	5.58	0.0	-47.76	162.98	0.090	0.00e+00	4.01e-04
4302	28/06/2008	05:00	3.50	340.0	1.96	18.00	1052.8	0.36	6.58	0.0	4.01	-1071.94	-0.009	1.35e-03	4.00e-04
4303	28/06/2008	06:00	4.20	340.0	2.32	19.30	1326.3	0.46	6.08	0.0	60.15	-142.81	-0.110	3.56e-03	4.07e-04
4304	28/06/2008	07:00	4.40	340.0	2.44	21.10	1445.4	0.50	5.93	0.0	114.87	-95.40	-0.195	5.45e-03	4.17e-04
4305	28/06/2008	08:00	5.20	350.0	2.89	22.60	1687.7	0.58	5.45	0.0	164.51	-107.59	-0.239	6.94e-03	4.25e-04
4306	28/06/2008	09:00	5.50	350.0	3.08	23.60	1854.4	0.62	5.28	0.0	206.48	-103.87	-0.283	8.03e-03	4.31e-04
4307	28/06/2008	10:00	4.60	350.0	2.71	24.20	2027.0	0.57	5.64	1.0	241.23	-67.72	-0.362	8.72e-03	4.34e-04
4308	28/06/2008	11:00	3.70	340.0	2.36	24.90	2195.7	0.52	6.05	1.0	260.68	-46.73	-0.433	9.10e-03	4.38e-04
4309	28/06/2008	12:00	4.90	10.0	2.88	25.80	2358.3	0.60	5.47	1.0	266.33	-72.16	-0.381	9.21e-03	4.43e-04
4310	28/06/2008	13:00	4.50	360.0	2.70	26.80	2505.2	0.57	5.65	1.0	258.15	-63.93	-0.390	9.10e-03	4.48e-04
4311	28/06/2008	14:00	4.10	350.0	2.50	27.50	2632.7	0.53	5.87	1.0	237.39	-57.13	-0.384	8.72e-03	4.52e-04
4312	28/06/2008	15:00	4.40	360.0	2.56	27.40	2738.6	0.54	5.80	1.0	205.81	-67.10	-0.331	8.02e-03	4.52e-04
4313	28/06/2008	16:00	3.90	20.0	2.27	27.70	2820.2	0.48	6.17	1.0	164.39	-60.36	-0.295	6.94e-03	4.54e-04
4314	28/06/2008	17:00	4.50	20.0	2.50	27.40	2877.6	0.51	5.86	1.0	116.44	-99.47	-0.198	5.44e-03	4.52e-04
4315	28/06/2008	18:00	4.90	10.0	2.71	26.90	2910.3	0.53	5.62	1.0	64.69	-200.03	-0.106	3.56e-03	4.49e-04
4316	28/06/2008	19:00	4.20	20.0	2.34	25.70	2917.4	0.44	6.02	1.0	12.02	-625.58	-0.024	1.35e-03	4.42e-04
4317	28/06/2008	20:00	1.60	10.0	1.00	23.90	116.2	0.14	9.57	1.0	-5.53	90.00	0.034	0.00e+00	4.32e-04
4318	28/06/2008	21:00	2.50	360.0	1.37	23.50	148.8	0.21	7.72	1.0	-17.36	90.00	0.069	0.00e+00	4.30e-04
4319	28/06/2008	22:00	2.70	340.0	1.47	23.00	155.2	0.23	7.44	0.0	-21.19	90.00	0.079	0.00e+00	4.27e-04
4320	28/06/2008	23:00	2.20	330.0	1.21	22.50	138.7	0.19	8.21	0.0	-12.48	90.00	0.056	0.00e+00	4.25e-04
4321	29/06/2008	00:00	1.10	320.0	1.00	21.60	93.9	0.10	11.46	0.0	-2.15	90.00	0.019	0.00e+00	4.20e-04
4322	29/06/2008	01:00	1.50	310.0	1.00	21.20	112.0	0.13	9.88	0.0	-4.69	90.00	0.030	0.00e+00	4.17e-04
4323	29/06/2008	02:00	1.20	150.0	1.00	19.10	98.7	0.11	10.99	0.0	-2.67	90.00	0.021	0.00e+00	4.06e-04
4324	29/06/2008	03:00	1.50	120.0	1.00	18.20	112.0	0.13	9.88	0.0	-4.69	90.00	0.030	0.00e+00	4.01e-04
4325	29/06/2008	04:00	1.00	150.0	1.00	17.30	88.9	0.09	11.99	0.0	-1.70	90.00	0.016	0.00e+00	3.96e-04
4326	29/06/2008	05:00	1.00	170.0	1.00	18.00	347.8	0.12	12.63	0.0	3.76	-41.16	-0.026	1.34e-03	4.00e-04
4327	29/06/2008	06:00	2.10	340.0	1.25	21.40	820.6	0.28	8.33	0.0	60.24	-33.77	-0.180	3.55e-03	4.18e-04
4328	29/06/2008	07:00	2.20	360.0	1.44	22.20	993.5	0.33	7.77	0.0	114.35	-29.02	-0.290	5.44e-03	4.23e-04
4329	29/06/2008	08:00	1.60	320.0	1.05	24.20	1197.1	0.28	9.09	1.0	166.15	-12.15	-0.501	6.93e-03	4.34e-04
4330	29/06/2008	09:00	2.70	360.0	1.77	25.70	1416.1	0.41	7.00	2.0	208.70	-29.43	-0.437	7.97e-03	4.42e-04
4331	29/06/2008	10:00	2.80	350.0	1.83	26.60	1629.5	0.43	6.88	3.0	237.47	-28.88	-0.480	8.49e-03	4.47e-04
4332	29/06/2008	11:00	3.00	10.0	1.96	27.40	1832.4	0.45	6.65	3.0	256.02	-31.57	-0.492	8.86e-03	4.52e-04
4333	29/06/2008	12:00	2.80	360.0	1.83	28.70	2017.9	0.43	6.89	3.0	261.07	-26.95	-0.527	8.96e-03	4.59e-04
4334	29/06/2008	13:00	3.20	20.0	2.09	29.00	2185.9	0.47	6.44	2.0	256.68	-36.11	-0.473	9.04e-03	4.61e-04
4335	29/06/2008	14:00	3.30	10.0	2.14	29.00	2330.4	0.48	6.36	2.0	237.12	-40.21	-0.433	8.67e-03	4.61e-04
4336	29/06/2008	15:00	2.50	40.0	1.64	29.30	2448.1	0.39	7.28	2.0	205.80	-25.35	-0.460	7.97e-03	4.63e-04
4337	29/06/2008	16:00	2.20	10.0	1.45	29.20	2538.2	0.35	7.74	3.0	164.74	-22.92	-0.410	6.75e-03	4.62e-04
4338	29/06/2008	17:00	2.30	20.0	1.50	29.00	2601.2	0.34	7.62	3.0	118.56	-30.68	-0.299	5.29e-03	4.61e-04
4339	29/06/2008	18:00	3.10	30.0	1.73	29.20	2637.8	0.37	7.06	3.0	68.98	-62.80	-0.164	3.46e-03	4.62e-04
4340	29/06/2008	19:00	2.40	350.0	1.32	28.30	2648.8	0.27	8.07	4.0	20.48	-86.50	-0.065	1.24e-03	4.57e-04
4341	29/06/2008	20:00	2.30	10.0	1.26	27.30	142.1	0.20	8.04	4.0	-13.99	90.00	0.061	0.00e+00	4.51e-04
4342	29/06/2008	21:00	2.40	360.0	1.31	26.40	145.5	0.21	7.88	4.0	-15.62	90.00	0.066	0.00e+00	4.46e-04
4343	29/06/2008	22:00	2.70	320.0	1.47	24.80	155.2	0.23	7.44	5.0	-19.42	90.00	0.072	0.00e+00	4.37e-04
4344	29/06/2008	23:00	2.70	340.0	1.47	24.80	155.2	0.23	7.44	5.0	-19.42	90.00	0.072	0.00e+00	4.37e-04
4345	30/06/2008	00:00	3.40	340.0	1.84	24.70	175.9	0.29	6.66	5.0	-24.27	90.00	0.072	0.00e+00	4.37e-04
4346	30/06/2008	01:00	5.30	340.0	2.96	24.00	422.5	0.52	5.31	6.0	-39.28	315.32	0.065	0.00e+00	4.33e-04
4347	30/06/2008	02:00	3.70	360.0	2.05	23.30	228.2	0.34	6.33	6.0	-25.58	132.74	0.065	0.00e+00	4.29e-04
4348	30/06/2008	03:00	4.20	330.0	2.35	23.20	313.6	0.40	5.95	7.0	-26.23	220.29	0.056	0.00e+00	4.28e-04
4349	30/06/2008	04:00	4.00	330.0	2.22	21.60	262.0	0.37	6.10	6.0	-28.38	160.64	0.065	0.00e+00	4.20e-04
4350	30/06/2008	05:00	3.10	340.0	1.72	21.30	964.8	0.33	7.05	6.0	16.13	-205.02	-0.041	9.54e-04	4.18e-04
4351	30/06/2008	06:00	4.60	340.0	2.54	22.30	1441.1	0.50	5.80	3.0	67.06	-164.33	-0.114	3.45e-03	4.23e-04
4352	30/06/2008	07:00	3.80	340.0	2.14	23.90	1550.4	0.45	6.35	4.0	116.18	-68.86	-0.221	5.05e-03	4.32e-04
4353	30/06/2008	08:00	3.80	340.0	2.23	24.60	1693.5	0.48	6.21	3.0	166.89	-57.64	-0.300	6.75e-03	4.36e-04
4354	30/06/2008	09:00	4.50	360.0	2.61	26.00	1858.0	0.55	5.75	2.0	208.27	-69.32	-0.328	7.97e-03	4.44e-04
4355	30/06/2008	10:00	4.80	350.0	2.78	27.10	2029.4	0.58	5.56	3.0	236.79	-73.13	-0.352	8.49e-03	4.50e-04
4356	30/06/2008	11:00	4.40	10.0	2.66	28.00	2199.3	0.56	5.69	2.0	257.68	-61.79	-0.396	9.04e-03	4.55e-04
4357	30/06/2008	12:00	5.10	350.0	2.96	28.20	2361.9	0.61	5.40	2.0	264.16	-77.30	-0.373	9.15e-03	4.56e-04
4358	30/06/2008	13:00	5.50	350.0	3.11	29.00	2504.5	0.64	5.26	4.0	245.08	-92.87	-0.335	8.45e-03	4.61e-04
4359	30/06/2008	14:00	5.20	360.0	2.96	29.20	2633.2	0.61	5.39	3.0	234.71	-85.12	-0.335	8.49e-03	4.62e-04
4360	30/06/2008	15:00	5.00	20.0	2.83	29.20	2740.8	0.58	5.51	2.0	205.72	-85.03	-0.307	7.97e-03	4.62e-04
4361	30/06/2008	16:00	5.90	20.0	3.27	29.20	2826.5	0.65	5.12	2.0	165.22	-144.92	-0.222	6.88e-03	4.62e-04
4362	30/06/2008	17:00	5.00	360.0	2.77	28.90	2885.6	0.55	5.57	2.0	118.06	-126.47	-0.186	5.40e-03	4.60e-04
4363	30/06/2008	18:00	5.10	10.0	2.82	28.30	2919.8	0.55	5.51	2.0	67.13	-215.21	-0.107	3.52e-03	4.57e-04
4364	30/06/2008	19:00	3.30	10.0	1.83	27.10	2927.6	0.35	6.82	2.0	15.29	-254.79	-0.037	1.32e-03	4.50e-04
4365	30/06/2008	20:00	2.80	360.0	1.52	25.80	158.3	0.24	7.31	2.0	-23.29	90.00	0.084	0.00e+00	4.43e-04
4366	30/06/2008	21:00	2.90	340.0	1.58	25.20	161.3	0.25	7.19	2.0	-25.02	90.00	0.087	0.00e+00	4.40e-04
4367	30/06/2008	22:00	3.20	350.0	1.73	24.30	170.2	0.27	6.86	1.0	-28.26	90.00	0.089	0.00e+00	4.34e-04
4368	30/06/2008	23:00	3.00	330.0	1.63	23.50	164.3	0.25	7.07	1.0	-26.63	90.00	0.089	0.00e+00	4.30e-04
