i	Date	Heure	Uext	Direct	Uh	To	h	us	sigmatheta	Cld	Fo	Lmo	thetas	k1	k3
6577	01/10/2008	00:00	1.00	0.0	1.00	13.20	88.9	0.09	11.99	8.0	-1.70	90.00	0.016	0.00e+00	3.75e-04
6578	01/10/2008	01:00	1.70	220.0	1.00	12.80	120.2	0.15	9.30	8.0	-6.46	90.00	0.036	0.00e+00	3.73e-04
6579	01/10/2008	02:00	1.60	210.0	1.00	12.60	116.2	0.14	9.57	6.0	-5.54	90.00	0.033	0.00e+00	3.72e-04
6580	01/10/2008	03:00	2.00	230.0	1.10	13.00	131.6	0.17	8.60	6.0	-9.79	90.00	0.047	0.00e+00	3.74e-04
6581	01/10/2008	04:00	2.40	150.0	1.31	13.00	145.5	0.21	7.88	7.0	-13.88	90.00	0.056	0.00e+00	3.74e-04
6582	01/10/2008	05:00	2.30	160.0	1.26	12.90	142.1	0.20	8.04	7.0	-13.33	90.00	0.056	0.00e+00	3.74e-04
6583	01/10/2008	06:00	4.60	140.0	2.57	12.90	357.5	0.45	5.69	7.0	-30.18	261.09	0.056	0.00e+00	3.74e-04
6584	01/10/2008	07:00	2.90	160.0	1.61	13.00	898.7	0.31	7.28	7.0	11.29	-237.29	-0.030	7.64e-04	3.74e-04
6585	01/10/2008	08:00	2.00	140.0	1.14	13.80	960.1	0.26	8.73	7.0	42.48	-35.57	-0.136	1.92e-03	3.79e-04
6586	01/10/2008	09:00	1.70	180.0	1.11	14.40	1050.4	0.27	8.84	7.0	68.90	-24.12	-0.214	2.78e-03	3.82e-04
6587	01/10/2008	10:00	1.70	270.0	1.13	15.10	1156.4	0.28	8.75	7.0	88.92	-21.17	-0.266	3.36e-03	3.85e-04
6588	01/10/2008	11:00	1.00	260.0	1.00	16.40	1264.5	0.20	11.44	7.0	101.08	-7.02	-0.420	3.69e-03	3.92e-04
6589	01/10/2008	12:00	1.00	30.0	1.00	18.40	1368.0	0.20	11.45	7.0	104.63	-6.86	-0.436	3.80e-03	4.03e-04
6590	01/10/2008	13:00	1.60	210.0	1.06	18.40	1492.3	0.28	9.07	6.0	135.51	-13.99	-0.409	5.06e-03	4.03e-04
6591	01/10/2008	14:00	1.20	210.0	1.00	18.90	1592.7	0.23	10.46	6.0	118.52	-8.85	-0.436	4.61e-03	4.06e-04
6592	01/10/2008	15:00	1.80	250.0	1.16	18.50	1648.8	0.27	8.66	7.0	68.76	-26.25	-0.211	2.78e-03	4.04e-04
6593	01/10/2008	16:00	2.50	320.0	1.38	18.10	1667.6	0.28	7.90	8.0	22.43	-88.93	-0.066	9.19e-04	4.01e-04
6594	01/10/2008	17:00	3.40	350.0	1.90	17.10	1676.1	0.36	6.69	8.0	7.73	-525.08	-0.018	3.65e-04	3.96e-04
6595	01/10/2008	18:00	1.00	30.0	1.00	16.60	88.9	0.09	11.99	8.0	-1.70	90.00	0.016	0.00e+00	3.93e-04
6596	01/10/2008	19:00	1.00	140.0	1.00	15.80	88.9	0.09	11.99	8.0	-1.70	90.00	0.016	0.00e+00	3.89e-04
6597	01/10/2008	20:00	1.40	170.0	1.00	15.40	107.7	0.12	10.21	7.0	-3.95	90.00	0.027	0.00e+00	3.87e-04
6598	01/10/2008	21:00	1.00	190.0	1.00	15.20	88.9	0.09	11.99	7.0	-1.70	90.00	0.016	0.00e+00	3.86e-04
6599	01/10/2008	22:00	1.50	140.0	1.00	14.80	112.0	0.13	9.88	7.0	-4.70	90.00	0.030	0.00e+00	3.84e-04
6600	01/10/2008	23:00	2.80	200.0	1.52	14.50	158.3	0.24	7.31	7.0	-16.02	90.00	0.056	0.00e+00	3.82e-04
6601	02/10/2008	00:00	2.80	210.0	1.52	14.40	158.3	0.24	7.31	7.0	-16.02	90.00	0.056	0.00e+00	3.82e-04
6602	02/10/2008	01:00	2.70	210.0	1.47	13.90	155.2	0.23	7.44	7.0	-15.50	90.00	0.056	0.00e+00	3.79e-04
6603	02/10/2008	02:00	1.60	180.0	1.00	13.60	116.2	0.14	9.57	7.0	-5.54	90.00	0.033	0.00e+00	3.78e-04
6604	02/10/2008	03:00	2.30	210.0	1.26	13.60	142.1	0.20	8.04	7.0	-13.29	90.00	0.056	0.00e+00	3.78e-04
6605	02/10/2008	04:00	1.40	180.0	1.00	13.70	107.7	0.12	10.21	7.0	-3.95	90.00	0.027	0.00e+00	3.78e-04
6606	02/10/2008	05:00	1.50	190.0	1.00	13.30	112.0	0.13	9.88	7.0	-4.70	90.00	0.030	0.00e+00	3.76e-04
6607	02/10/2008	06:00	1.00	0.0	1.00	13.30	88.9	0.09	11.99	7.0	-1.70	90.00	0.016	0.00e+00	3.76e-04
6608	02/10/2008	07:00	2.20	360.0	1.22	13.50	703.3	0.24	8.40	7.0	10.58	-121.27	-0.036	7.26e-04	3.77e-04
6609	02/10/2008	08:00	1.70	350.0	1.01	14.20	778.7	0.24	9.26	7.0	41.60	-28.13	-0.145	1.89e-03	3.81e-04
6610	02/10/2008	09:00	1.20	110.0	1.00	15.40	885.4	0.21	10.40	7.0	67.89	-12.89	-0.262	2.75e-03	3.87e-04
6611	02/10/2008	10:00	7.90	330.0	4.37	13.30	2373.0	0.82	4.41	7.0	88.46	-557.45	-0.088	3.34e-03	3.76e-04
6612	02/10/2008	11:00	1.00	360.0	1.00	13.00	2426.9	0.20	11.44	7.0	101.41	-7.00	-0.416	3.67e-03	3.74e-04
6613	02/10/2008	12:00	1.00	0.0	1.00	14.80	2481.8	0.20	11.45	7.0	105.00	-6.84	-0.432	3.78e-03	3.84e-04
6614	02/10/2008	13:00	1.60	330.0	1.07	16.60	2533.6	0.27	9.04	7.0	100.06	-17.26	-0.309	3.67e-03	3.93e-04
6615	02/10/2008	14:00	1.70	150.0	1.13	17.00	2603.1	0.29	8.80	5.0	137.56	-15.58	-0.396	5.40e-03	3.96e-04
6616	02/10/2008	15:00	1.80	90.0	1.15	17.00	2636.8	0.27	8.67	7.0	67.84	-26.37	-0.208	2.75e-03	3.96e-04
6617	02/10/2008	16:00	1.30	50.0	1.00	15.50	2640.7	0.16	11.06	7.0	8.02	-42.44	-0.042	1.89e-03	3.88e-04
6618	02/10/2008	17:00	2.60	110.0	1.44	14.50	2646.6	0.28	7.70	7.0	11.04	-180.75	-0.032	7.26e-04	3.82e-04
6619	02/10/2008	18:00	1.00	240.0	1.00	12.70	88.9	0.09	11.99	7.0	-1.70	90.00	0.016	0.00e+00	3.73e-04
6620	02/10/2008	19:00	1.90	40.0	1.05	12.40	127.9	0.16	8.82	7.0	-8.58	90.00	0.043	0.00e+00	3.71e-04
6621	02/10/2008	20:00	4.00	300.0	2.23	12.50	282.4	0.38	6.10	7.0	-25.62	187.29	0.056	0.00e+00	3.72e-04
6622	02/10/2008	21:00	1.00	240.0	1.00	10.60	88.9	0.09	11.99	8.0	-1.70	90.00	0.016	0.00e+00	3.62e-04
6623	02/10/2008	22:00	1.00	140.0	1.00	10.10	88.9	0.09	11.99	8.0	-1.70	90.00	0.016	0.00e+00	3.59e-04
6624	02/10/2008	23:00	1.00	70.0	1.00	10.20	88.9	0.09	11.99	8.0	-1.70	90.00	0.016	0.00e+00	3.60e-04
6625	03/10/2008	00:00	6.40	320.0	3.62	11.00	660.7	0.65	4.82	8.0	-35.90	681.10	0.045	0.00e+00	3.64e-04
6626	03/10/2008	01:00	3.00	250.0	1.66	10.40	189.3	0.27	7.03	8.0	-14.86	116.03	0.045	0.00e+00	3.61e-04
6627	03/10/2008	02:00	2.70	260.0	1.47	9.80	155.2	0.23	7.44	8.0	-12.74	90.00	0.045	0.00e+00	3.58e-04
6628	03/10/2008	03:00	2.40	200.0	1.31	8.80	145.5	0.21	7.88	5.0	-15.65	90.00	0.062	0.00e+00	3.53e-04
6629	03/10/2008	04:00	1.20	190.0	1.00	8.00	98.7	0.11	10.99	3.0	-2.68	90.00	0.020	0.00e+00	3.49e-04
6630	03/10/2008	05:00	1.60	180.0	1.00	7.50	116.2	0.14	9.57	3.0	-5.54	90.00	0.032	0.00e+00	3.46e-04
6631	03/10/2008	06:00	2.30	240.0	1.26	7.80	142.1	0.20	8.04	4.0	-14.02	90.00	0.057	0.00e+00	3.48e-04
6632	03/10/2008	07:00	4.30	260.0	2.40	9.70	1294.7	0.45	5.95	4.0	10.08	-794.95	-0.018	1.22e-03	3.57e-04
6633	03/10/2008	08:00	3.00	290.0	1.66	10.90	1350.5	0.35	7.20	6.0	54.37	-68.99	-0.127	2.55e-03	3.63e-04
6634	03/10/2008	09:00	2.20	280.0	1.39	11.20	1435.9	0.32	7.89	6.0	91.52	-31.74	-0.234	3.74e-03	3.65e-04
6635	03/10/2008	10:00	2.20	340.0	1.45	11.50	1540.4	0.34	7.75	6.0	119.85	-28.39	-0.290	4.54e-03	3.67e-04
6636	03/10/2008	11:00	1.10	150.0	1.00	12.40	1621.7	0.21	10.91	7.0	100.68	-8.39	-0.389	3.64e-03	3.71e-04
6637	03/10/2008	12:00	1.10	320.0	1.00	12.10	1702.3	0.21	10.92	7.0	105.23	-8.15	-0.405	3.75e-03	3.70e-04
6638	03/10/2008	13:00	3.60	300.0	2.02	12.50	1779.7	0.42	6.53	7.0	100.64	-67.46	-0.194	3.64e-03	3.72e-04
6639	03/10/2008	14:00	1.20	360.0	1.00	13.30	1863.2	0.23	10.46	6.0	118.77	-8.84	-0.429	4.54e-03	3.76e-04
6640	03/10/2008	15:00	4.70	310.0	2.60	14.40	1930.3	0.52	5.75	6.0	90.48	-135.00	-0.145	3.74e-03	3.82e-04
6641	03/10/2008	16:00	1.00	350.0	1.00	12.90	1965.9	0.19	11.36	6.0	54.37	-10.58	-0.239	2.55e-03	3.74e-04
6642	03/10/2008	17:00	4.70	330.0	2.64	9.50	700.3	0.48	5.65	6.0	-7.32	1352.22	0.012	9.44e-04	3.56e-04
6643	03/10/2008	18:00	5.70	320.0	3.19	8.90	461.5	0.56	5.12	6.0	-44.82	349.52	0.065	0.00e+00	3.53e-04
6644	03/10/2008	19:00	6.60	310.0	3.70	9.00	579.9	0.66	4.76	6.0	-52.66	482.96	0.065	0.00e+00	3.54e-04
6645	03/10/2008	20:00	3.70	310.0	2.06	8.80	244.1	0.34	6.34	7.0	-23.52	151.89	0.056	0.00e+00	3.53e-04
6646	03/10/2008	21:00	3.00	320.0	1.63	8.50	164.3	0.25	7.07	7.0	-17.48	90.00	0.056	0.00e+00	3.51e-04
6647	03/10/2008	22:00	4.30	300.0	2.40	8.10	316.6	0.41	5.89	7.0	-28.32	218.49	0.056	0.00e+00	3.49e-04
6648	03/10/2008	23:00	3.10	290.0	1.68	7.90	167.3	0.26	6.96	6.0	-21.06	90.00	0.065	0.00e+00	3.48e-04
6649	04/10/2008	00:00	4.00	300.0	2.23	8.20	279.8	0.38	6.10	7.0	-25.96	183.76	0.056	0.00e+00	3.50e-04
6650	04/10/2008	01:00	4.20	310.0	2.33	8.10	277.3	0.39	5.96	6.0	-31.46	170.74	0.065	0.00e+00	3.49e-04
6651	04/10/2008	02:00	3.70	310.0	2.05	8.00	220.0	0.33	6.33	6.0	-26.78	123.58	0.065	0.00e+00	3.49e-04
6652	04/10/2008	03:00	3.80	320.0	2.11	8.20	231.4	0.35	6.25	6.0	-27.72	132.64	0.065	0.00e+00	3.50e-04
6653	04/10/2008	04:00	3.80	300.0	2.11	8.00	255.6	0.35	6.25	7.0	-24.38	161.80	0.056	0.00e+00	3.49e-04
6654	04/10/2008	05:00	1.90	290.0	1.05	7.80	127.9	0.16	8.82	7.0	-8.58	90.00	0.042	0.00e+00	3.48e-04
6655	04/10/2008	06:00	4.10	310.0	2.29	7.60	291.6	0.39	6.03	7.0	-26.80	194.57	0.056	0.00e+00	3.47e-04
6656	04/10/2008	07:00	3.40	340.0	1.90	8.10	1029.5	0.36	6.69	7.0	6.47	-622.29	-0.015	6.51e-04	3.49e-04
6657	04/10/2008	08:00	4.10	310.0	2.26	8.80	1305.9	0.45	6.16	3.0	65.85	-124.82	-0.118	3.39e-03	3.53e-04
6658	04/10/2008	09:00	3.50	340.0	2.00	10.40	1419.8	0.43	6.57	3.0	116.34	-58.73	-0.223	5.01e-03	3.61e-04
6659	04/10/2008	10:00	5.30	360.0	2.94	10.70	1700.0	0.59	5.40	4.0	150.33	-120.60	-0.208	5.83e-03	3.62e-04
6660	04/10/2008	11:00	3.50	40.0	2.13	11.30	1828.7	0.46	6.37	4.0	172.94	-50.38	-0.306	6.42e-03	3.66e-04
6661	04/10/2008	12:00	4.20	20.0	2.37	11.10	1930.1	0.49	6.03	6.0	142.79	-74.53	-0.236	5.11e-03	3.65e-04
6662	04/10/2008	13:00	2.90	340.0	1.70	11.60	1996.5	0.37	7.13	7.0	100.03	-45.79	-0.220	3.62e-03	3.67e-04
6663	04/10/2008	14:00	2.20	20.0	1.38	11.80	2051.9	0.32	7.92	7.0	86.95	-32.30	-0.225	3.28e-03	3.68e-04
6664	04/10/2008	15:00	2.20	10.0	1.44	11.90	2121.5	0.33	7.77	4.0	112.61	-29.26	-0.276	4.78e-03	3.69e-04
6665	04/10/2008	16:00	1.90	360.0	1.19	11.80	2160.5	0.28	8.55	4.0	64.89	-28.85	-0.192	3.24e-03	3.68e-04
6666	04/10/2008	17:00	1.00	40.0	1.00	11.00	2165.9	0.13	12.61	4.0	8.91	-22.79	-0.055	1.15e-03	3.64e-04
6667	04/10/2008	18:00	1.00	150.0	1.00	8.90	88.9	0.09	11.99	3.0	-1.70	90.00	0.016	0.00e+00	3.53e-04
6668	04/10/2008	19:00	1.00	140.0	1.00	7.40	88.9	0.09	11.99	3.0	-1.70	90.00	0.015	0.00e+00	3.46e-04
6669	04/10/2008	20:00	1.20	240.0	1.00	6.10	98.7	0.11	10.99	3.0	-2.68	90.00	0.020	0.00e+00	3.39e-04
6670	04/10/2008	21:00	1.00	0.0	1.00	5.70	88.9	0.09	11.99	2.0	-1.70	90.00	0.015	0.00e+00	3.37e-04
6671	04/10/2008	22:00	1.50	170.0	1.00	5.40	112.0	0.13	9.88	2.0	-4.70	90.00	0.029	0.00e+00	3.36e-04
6672	04/10/2008	23:00	1.00	160.0	1.00	4.90	88.9	0.09	11.99	2.0	-1.70	90.00	0.015	0.00e+00	3.33e-04
6673	05/10/2008	00:00	1.20	170.0	1.00	4.30	98.7	0.11	10.99	1.0	-2.68	90.00	0.020	0.00e+00	3.30e-04
6674	05/10/2008	01:00	2.10	140.0	1.16	3.80	135.2	0.18	8.40	1.0	-11.10	90.00	0.049	0.00e+00	3.28e-04
6675	05/10/2008	02:00	1.00	150.0	1.00	3.40	88.9	0.09	11.99	1.0	-1.70	90.00	0.015	0.00e+00	3.26e-04
6676	05/10/2008	03:00	1.00	0.0	1.00	2.80	88.9	0.09	11.99	0.0	-1.70	90.00	0.015	0.00e+00	3.23e-04
6677	05/10/2008	04:00	1.00	140.0	1.00	2.20	88.9	0.09	11.99	0.0	-1.70	90.00	0.015	0.00e+00	3.20e-04
6678	05/10/2008	05:00	1.10	170.0	1.00	2.10	93.9	0.10	11.46	0.0	-2.15	90.00	0.018	0.00e+00	3.19e-04
6679	05/10/2008	06:00	1.00	150.0	1.00	2.10	88.9	0.09	11.99	2.0	-1.70	90.00	0.015	0.00e+00	3.19e-04
6680	05/10/2008	07:00	1.00	100.0	1.00	4.80	117.1	0.09	12.17	2.0	-0.44	168.96	0.004	1.16e-03	3.33e-04
6681	05/10/2008	08:00	1.00	180.0	1.00	7.80	548.2	0.19	11.38	3.0	64.18	-9.47	-0.273	3.33e-03	3.48e-04
6682	05/10/2008	09:00	2.00	140.0	1.32	10.30	900.9	0.31	8.11	5.0	103.92	-25.96	-0.271	4.32e-03	3.60e-04
6683	05/10/2008	10:00	4.00	160.0	2.26	12.60	1368.7	0.47	6.17	5.0	136.04	-69.55	-0.235	5.28e-03	3.72e-04
6684	05/10/2008	11:00	5.80	170.0	3.20	14.40	1816.6	0.63	5.17	6.0	132.88	-166.47	-0.174	4.93e-03	3.82e-04
6685	05/10/2008	12:00	4.70	190.0	2.60	15.70	1893.4	0.52	5.74	7.0	101.76	-122.68	-0.162	3.70e-03	3.89e-04
6686	05/10/2008	13:00	4.90	180.0	2.71	15.60	1965.0	0.54	5.63	7.0	97.53	-140.83	-0.151	3.60e-03	3.88e-04
6687	05/10/2008	14:00	5.00	180.0	2.76	16.50	2026.0	0.54	5.57	7.0	84.82	-166.78	-0.130	3.26e-03	3.93e-04
6688	05/10/2008	15:00	6.30	190.0	3.49	16.50	2078.0	0.66	4.94	7.0	65.06	-394.79	-0.082	2.67e-03	3.93e-04
6689	05/10/2008	16:00	6.70	180.0	3.72	15.90	2114.4	0.70	4.78	7.0	39.17	-763.17	-0.047	1.79e-03	3.90e-04
6690	05/10/2008	17:00	6.20	190.0	3.45	15.20	2129.0	0.64	4.95	7.0	8.66	-2678.84	-0.011	6.13e-04	3.86e-04
6691	05/10/2008	18:00	7.80	180.0	4.40	14.90	808.1	0.79	4.37	7.0	-53.40	834.74	0.056	0.00e+00	3.84e-04
6692	05/10/2008	19:00	6.30	190.0	3.54	14.70	587.9	0.63	4.87	7.0	-42.58	529.47	0.056	0.00e+00	3.83e-04
6693	05/10/2008	20:00	6.00	170.0	3.37	13.50	544.7	0.60	4.99	7.0	-40.54	474.12	0.056	0.00e+00	3.77e-04
6694	05/10/2008	21:00	5.20	180.0	2.91	13.50	436.0	0.51	5.36	7.0	-34.63	345.80	0.056	0.00e+00	3.77e-04
6695	05/10/2008	22:00	5.70	180.0	3.20	13.60	503.4	0.57	5.12	7.0	-38.32	423.99	0.056	0.00e+00	3.78e-04
6696	05/10/2008	23:00	7.70	170.0	4.34	13.60	791.3	0.78	4.40	7.0	-52.91	808.42	0.056	0.00e+00	3.78e-04
6697	06/10/2008	00:00	6.90	180.0	3.89	13.60	672.8	0.70	4.65	7.0	-47.11	640.81	0.056	0.00e+00	3.78e-04
6698	06/10/2008	01:00	5.50	170.0	3.09	13.30	476.0	0.55	5.21	7.0	-36.88	391.44	0.056	0.00e+00	3.76e-04
6699	06/10/2008	02:00	5.10	170.0	2.86	13.20	422.5	0.50	5.41	7.0	-33.91	330.67	0.056	0.00e+00	3.75e-04
6700	06/10/2008	03:00	2.60	160.0	1.42	12.70	152.0	0.22	7.58	7.0	-15.01	90.00	0.056	0.00e+00	3.73e-04
6701	06/10/2008	04:00	2.80	190.0	1.52	12.70	158.3	0.24	7.31	7.0	-16.12	90.00	0.056	0.00e+00	3.73e-04
6702	06/10/2008	05:00	4.30	190.0	2.40	12.60	319.5	0.41	5.89	7.0	-27.92	222.76	0.056	0.00e+00	3.72e-04
6703	06/10/2008	06:00	2.40	180.0	1.31	12.30	145.5	0.21	7.88	7.0	-13.91	90.00	0.056	0.00e+00	3.71e-04
6704	06/10/2008	07:00	2.20	170.0	1.22	12.80	690.0	0.24	8.36	7.0	6.59	-183.94	-0.023	5.75e-04	3.73e-04
6705	06/10/2008	08:00	2.00	180.0	1.12	13.30	760.9	0.25	8.78	7.0	37.71	-37.73	-0.123	1.76e-03	3.76e-04
6706	06/10/2008	09:00	4.90	180.0	2.71	14.90	1519.7	0.53	5.62	7.0	64.15	-201.91	-0.101	2.64e-03	3.84e-04
6707	06/10/2008	10:00	5.30	190.0	2.93	15.70	1645.5	0.57	5.40	7.0	84.03	-195.66	-0.122	3.23e-03	3.89e-04
6708	06/10/2008	11:00	3.70	170.0	2.07	16.20	1723.5	0.43	6.46	7.0	96.38	-73.51	-0.186	3.57e-03	3.91e-04
6709	06/10/2008	12:00	3.80	170.0	2.21	17.60	1843.1	0.47	6.25	5.0	157.82	-58.88	-0.279	5.96e-03	3.99e-04
6710	06/10/2008	13:00	3.70	190.0	2.15	19.00	1950.1	0.46	6.33	5.0	150.00	-57.55	-0.274	5.78e-03	4.06e-04
6711	06/10/2008	14:00	3.60	160.0	2.04	20.20	2026.5	0.43	6.51	6.0	111.75	-63.33	-0.219	4.43e-03	4.13e-04
6712	06/10/2008	15:00	2.90	190.0	1.70	20.50	2090.9	0.37	7.14	5.0	98.76	-45.99	-0.224	4.27e-03	4.15e-04
6713	06/10/2008	16:00	2.50	160.0	1.41	19.70	2128.1	0.31	7.82	5.0	58.45	-45.20	-0.159	2.85e-03	4.10e-04
6714	06/10/2008	17:00	1.50	170.0	1.00	18.10	112.0	0.13	9.88	5.0	-4.70	90.00	0.030	9.32e-04	4.01e-04
6715	06/10/2008	18:00	1.00	0.0	1.00	17.10	88.9	0.09	11.99	5.0	-1.70	90.00	0.016	0.00e+00	3.96e-04
6716	06/10/2008	19:00	1.10	120.0	1.00	16.50	93.9	0.10	11.46	4.0	-2.15	90.00	0.018	0.00e+00	3.93e-04
6717	06/10/2008	20:00	1.00	150.0	1.00	14.90	88.9	0.09	11.99	4.0	-1.70	90.00	0.016	0.00e+00	3.84e-04
6718	06/10/2008	21:00	1.40	130.0	1.00	13.90	107.7	0.12	10.21	4.0	-3.95	90.00	0.027	0.00e+00	3.79e-04
6719	06/10/2008	22:00	1.00	0.0	1.00	13.20	88.9	0.09	11.99	4.0	-1.70	90.00	0.016	0.00e+00	3.75e-04
6720	06/10/2008	23:00	1.00	0.0	1.00	12.20	88.9	0.09	11.99	3.0	-1.70	90.00	0.016	0.00e+00	3.70e-04
6721	07/10/2008	00:00	1.00	130.0	1.00	11.30	88.9	0.09	11.99	3.0	-1.70	90.00	0.016	0.00e+00	3.66e-04
6722	07/10/2008	01:00	1.00	240.0	1.00	10.50	88.9	0.09	11.99	3.0	-1.70	90.00	0.016	0.00e+00	3.61e-04
6723	07/10/2008	02:00	1.00	0.0	1.00	10.10	88.9	0.09	11.99	3.0	-1.70	90.00	0.016	0.00e+00	3.59e-04
6724	07/10/2008	03:00	1.70	150.0	1.00	10.40	120.2	0.15	9.30	2.0	-6.46	90.00	0.036	0.00e+00	3.61e-04
6725	07/10/2008	04:00	1.00	0.0	1.00	10.20	88.9	0.09	11.99	2.0	-1.70	90.00	0.016	0.00e+00	3.60e-04
6726	07/10/2008	05:00	1.00	230.0	1.00	9.90	88.9	0.09	11.99	3.0	-1.70	90.00	0.016	0.00e+00	3.58e-04
6727	07/10/2008	06:00	1.00	140.0	1.00	9.70	88.9	0.09	11.99	3.0	-1.70	90.00	0.016	0.00e+00	3.57e-04
6728	07/10/2008	07:00	1.00	0.0	1.00	10.40	325.9	0.11	12.45	3.0	1.32	-96.68	-0.010	9.99e-04	3.61e-04
6729	07/10/2008	08:00	1.00	180.0	1.00	14.40	544.2	0.19	11.38	3.0	60.08	-9.90	-0.263	3.21e-03	3.82e-04
6730	07/10/2008	09:00	2.80	190.0	1.68	16.80	1069.0	0.37	7.18	4.0	105.32	-42.81	-0.237	4.63e-03	3.94e-04
6731	07/10/2008	10:00	5.40	190.0	2.99	18.80	1716.1	0.59	5.36	4.0	138.91	-134.27	-0.196	5.68e-03	4.05e-04
6732	07/10/2008	11:00	7.60	180.0	4.19	20.90	2321.1	0.80	4.51	3.0	163.84	-281.67	-0.172	6.59e-03	4.17e-04
6733	07/10/2008	12:00	9.30	180.0	5.13	22.30	2796.3	0.97	4.07	3.0	170.27	-473.88	-0.149	6.79e-03	4.24e-04
6734	07/10/2008	13:00	9.20	190.0	5.07	22.40	2889.5	0.96	4.09	3.0	162.74	-479.79	-0.144	6.59e-03	4.25e-04
6735	07/10/2008	14:00	10.30	200.0	5.69	21.90	3072.0	1.06	3.86	3.0	141.15	-757.97	-0.112	5.95e-03	4.22e-04
6736	07/10/2008	15:00	10.90	190.0	6.02	20.70	3236.5	1.12	3.75	4.0	104.14	-1201.45	-0.078	4.63e-03	4.16e-04
6737	07/10/2008	16:00	8.90	190.0	4.93	20.50	3272.6	0.92	4.15	4.0	60.21	-1140.25	-0.055	3.06e-03	4.15e-04
6738	07/10/2008	17:00	8.50	190.0	4.73	19.50	3286.0	0.87	4.23	4.0	8.41	-7008.46	-0.008	9.54e-04	4.09e-04
6739	07/10/2008	18:00	7.20	190.0	4.03	19.10	637.4	0.72	4.56	5.0	-62.26	534.56	0.072	0.00e+00	4.07e-04
6740	07/10/2008	19:00	7.30	200.0	4.09	18.70	650.5	0.73	4.53	5.0	-63.27	549.86	0.072	0.00e+00	4.05e-04
6741	07/10/2008	20:00	7.10	200.0	3.98	18.50	623.3	0.71	4.59	5.0	-61.44	517.46	0.072	0.00e+00	4.04e-04
6742	07/10/2008	21:00	7.20	190.0	4.04	18.20	672.2	0.73	4.56	6.0	-56.12	603.85	0.065	0.00e+00	4.02e-04
6743	07/10/2008	22:00	5.20	210.0	2.90	18.10	405.4	0.51	5.36	6.0	-39.24	294.98	0.065	0.00e+00	4.01e-04
6744	07/10/2008	23:00	2.70	180.0	1.47	17.60	155.2	0.23	7.44	6.0	-17.82	90.00	0.065	0.00e+00	3.99e-04
6745	08/10/2008	00:00	2.00	110.0	1.10	16.80	131.6	0.17	8.60	7.0	-9.79	90.00	0.047	0.00e+00	3.94e-04
6746	08/10/2008	01:00	1.90	120.0	1.05	16.00	127.9	0.16	8.82	7.0	-8.58	90.00	0.043	0.00e+00	3.90e-04
6747	08/10/2008	02:00	1.60	120.0	1.00	15.70	116.2	0.14	9.57	7.0	-5.54	90.00	0.033	0.00e+00	3.89e-04
6748	08/10/2008	03:00	2.00	30.0	1.10	15.30	131.6	0.17	8.60	8.0	-9.36	90.00	0.045	0.00e+00	3.87e-04
6749	08/10/2008	04:00	1.40	340.0	1.00	15.20	107.7	0.12	10.21	8.0	-3.95	90.00	0.027	0.00e+00	3.86e-04
6750	08/10/2008	05:00	1.00	10.0	1.00	14.80	88.9	0.09	11.99	8.0	-1.70	90.00	0.016	0.00e+00	3.84e-04
6751	08/10/2008	06:00	1.50	340.0	1.00	14.40	112.0	0.13	9.88	8.0	-4.70	90.00	0.030	0.00e+00	3.82e-04
6752	08/10/2008	07:00	1.00	230.0	1.00	14.30	88.9	0.09	11.99	8.0	-1.70	90.00	0.016	2.39e-04	3.81e-04
6753	08/10/2008	08:00	1.00	130.0	1.00	14.50	88.9	0.09	11.99	8.0	-1.70	90.00	0.016	8.09e-04	3.82e-04
6754	08/10/2008	09:00	1.00	0.0	1.00	14.80	335.7	0.12	12.54	8.0	2.26	-61.69	-0.016	1.23e-03	3.84e-04
6755	08/10/2008	10:00	2.40	10.0	1.34	15.10	748.3	0.26	8.00	8.0	7.35	-210.41	-0.023	1.52e-03	3.85e-04
6756	08/10/2008	11:00	2.90	10.0	1.61	15.10	897.2	0.31	7.27	8.0	10.62	-250.86	-0.028	1.68e-03	3.85e-04
6757	08/10/2008	12:00	2.80	30.0	1.56	15.00	984.3	0.33	7.44	6.0	59.03	-56.20	-0.146	4.98e-03	3.85e-04
6758	08/10/2008	13:00	2.10	10.0	1.16	15.00	1000.1	0.23	8.61	8.0	10.69	-106.79	-0.038	1.68e-03	3.85e-04
6759	08/10/2008	14:00	2.40	10.0	1.34	15.10	1012.3	0.26	8.00	8.0	7.35	-210.41	-0.023	1.52e-03	3.85e-04
6760	08/10/2008	15:00	2.30	20.0	1.29	15.10	1017.2	0.24	8.12	8.0	2.14	-588.99	-0.007	1.23e-03	3.85e-04
6761	08/10/2008	16:00	1.90	30.0	1.06	14.80	1025.3	0.21	9.01	7.0	5.40	-149.24	-0.021	1.69e-03	3.84e-04
6762	08/10/2008	17:00	1.00	60.0	1.00	14.90	88.9	0.09	11.99	7.0	-1.70	90.00	0.016	5.00e-04	3.84e-04
6763	08/10/2008	18:00	2.00	310.0	1.10	14.60	131.6	0.17	8.60	7.0	-9.79	90.00	0.047	0.00e+00	3.83e-04
6764	08/10/2008	19:00	1.00	10.0	1.00	13.90	88.9	0.09	11.99	8.0	-1.70	90.00	0.016	0.00e+00	3.79e-04
6765	08/10/2008	20:00	1.00	340.0	1.00	13.80	88.9	0.09	11.99	8.0	-1.70	90.00	0.016	0.00e+00	3.79e-04
6766	08/10/2008	21:00	2.70	340.0	1.47	13.60	155.2	0.23	7.44	8.0	-12.57	90.00	0.045	0.00e+00	3.78e-04
6767	08/10/2008	22:00	3.90	340.0	2.17	13.20	270.6	0.37	6.18	7.0	-24.78	176.61	0.056	0.00e+00	3.75e-04
6768	08/10/2008	23:00	5.10	340.0	2.87	12.70	470.3	0.51	5.40	8.0	-27.95	420.14	0.045	0.00e+00	3.73e-04
6769	09/10/2008	00:00	3.10	290.0	1.73	12.20	204.3	0.28	6.90	8.0	-15.55	129.43	0.045	0.00e+00	3.70e-04
6770	09/10/2008	01:00	2.60	270.0	1.42	11.90	152.0	0.22	7.58	8.0	-12.19	90.00	0.045	0.00e+00	3.69e-04
6771	09/10/2008	02:00	2.80	280.0	1.53	11.50	160.6	0.24	7.31	8.0	-13.19	92.40	0.045	0.00e+00	3.67e-04
6772	09/10/2008	03:00	3.20	280.0	1.79	11.50	216.3	0.29	6.80	8.0	-16.24	140.09	0.045	0.00e+00	3.67e-04
6773	09/10/2008	04:00	2.50	290.0	1.37	11.60	148.8	0.21	7.72	8.0	-11.75	90.00	0.045	0.00e+00	3.67e-04
6774	09/10/2008	05:00	2.90	280.0	1.59	11.60	175.1	0.25	7.17	8.0	-14.00	104.22	0.045	0.00e+00	3.67e-04
6775	09/10/2008	06:00	3.10	300.0	1.73	11.60	204.0	0.28	6.90	8.0	-15.58	129.06	0.045	0.00e+00	3.67e-04
6776	09/10/2008	07:00	3.60	300.0	2.02	11.90	1076.2	0.37	6.48	8.0	1.57	-2930.68	-0.003	2.21e-04	3.69e-04
6777	09/10/2008	08:00	2.50	300.0	1.38	12.20	1098.3	0.28	7.89	8.0	16.58	-114.41	-0.049	7.93e-04	3.70e-04
6778	09/10/2008	09:00	2.40	290.0	1.32	12.50	1134.4	0.28	8.08	8.0	29.41	-65.23	-0.087	1.22e-03	3.72e-04
6779	09/10/2008	10:00	2.30	290.0	1.28	12.60	1179.8	0.28	8.23	8.0	39.19	-48.57	-0.116	1.50e-03	3.72e-04
6780	09/10/2008	11:00	2.90	350.0	1.60	13.20	1231.8	0.33	7.33	8.0	45.38	-72.89	-0.112	1.67e-03	3.75e-04
6781	09/10/2008	12:00	4.10	340.0	2.26	14.00	1288.9	0.45	6.15	8.0	47.54	-164.64	-0.088	1.72e-03	3.80e-04
6782	09/10/2008	13:00	3.00	350.0	1.66	14.10	1336.8	0.34	7.21	8.0	45.49	-78.71	-0.109	1.67e-03	3.80e-04
6783	09/10/2008	14:00	3.70	350.0	2.04	14.00	1379.5	0.40	6.47	8.0	39.43	-148.45	-0.080	1.50e-03	3.80e-04
6784	09/10/2008	15:00	4.20	10.0	2.33	13.90	1414.2	0.45	6.05	8.0	29.77	-267.01	-0.055	1.22e-03	3.79e-04
6785	09/10/2008	16:00	3.40	360.0	1.89	13.70	1433.2	0.36	6.72	8.0	17.14	-249.35	-0.039	7.93e-04	3.78e-04
6786	09/10/2008	17:00	2.20	350.0	1.23	13.80	1436.4	0.23	8.31	8.0	2.54	-441.95	-0.009	2.21e-04	3.79e-04
6787	09/10/2008	18:00	3.50	330.0	1.96	13.80	255.2	0.33	6.51	8.0	-18.05	177.25	0.045	0.00e+00	3.79e-04
6788	09/10/2008	19:00	2.60	330.0	1.42	13.80	152.0	0.22	7.58	8.0	-12.11	90.00	0.045	0.00e+00	3.79e-04
6789	09/10/2008	20:00	2.50	330.0	1.37	13.80	148.8	0.21	7.72	8.0	-11.66	90.00	0.045	0.00e+00	3.79e-04
6790	09/10/2008	21:00	3.20	340.0	1.79	14.10	217.6	0.30	6.80	8.0	-16.12	141.78	0.045	0.00e+00	3.80e-04
6791	09/10/2008	22:00	3.20	350.0	1.79	14.00	217.6	0.30	6.80	8.0	-16.12	141.72	0.045	0.00e+00	3.80e-04
6792	09/10/2008	23:00	2.60	350.0	1.42	13.90	152.0	0.22	7.58	8.0	-12.11	90.00	0.045	0.00e+00	3.79e-04
6793	10/10/2008	00:00	3.90	340.0	2.19	13.70	306.8	0.38	6.17	8.0	-20.56	229.71	0.045	0.00e+00	3.78e-04
6794	10/10/2008	01:00	2.50	310.0	1.37	13.70	148.8	0.21	7.72	8.0	-11.67	90.00	0.045	0.00e+00	3.78e-04
6795	10/10/2008	02:00	1.20	280.0	1.00	13.60	98.7	0.11	10.99	8.0	-2.68	90.00	0.021	0.00e+00	3.78e-04
6796	10/10/2008	03:00	2.30	330.0	1.26	13.70	142.1	0.20	8.04	8.0	-10.77	90.00	0.045	0.00e+00	3.78e-04
6797	10/10/2008	04:00	1.20	350.0	1.00	13.60	98.7	0.11	10.99	8.0	-2.68	90.00	0.021	0.00e+00	3.78e-04
6798	10/10/2008	05:00	1.70	350.0	1.00	13.50	120.2	0.15	9.30	8.0	-6.46	90.00	0.036	0.00e+00	3.77e-04
6799	10/10/2008	06:00	1.90	10.0	1.05	13.40	127.9	0.16	8.82	8.0	-8.58	90.00	0.043	0.00e+00	3.76e-04
6800	10/10/2008	07:00	2.90	30.0	1.62	13.50	872.5	0.30	7.22	8.0	1.96	-1250.50	-0.005	2.03e-04	3.77e-04
6801	10/10/2008	08:00	3.40	20.0	1.89	13.80	1049.5	0.36	6.72	8.0	16.74	-254.80	-0.038	7.77e-04	3.79e-04
6802	10/10/2008	09:00	2.10	20.0	1.16	13.90	1086.8	0.25	8.64	8.0	29.32	-48.55	-0.096	1.20e-03	3.79e-04
6803	10/10/2008	10:00	1.00	320.0	1.00	15.30	1178.3	0.19	11.41	7.0	80.31	-8.16	-0.341	3.12e-03	3.87e-04
6804	10/10/2008	11:00	1.10	260.0	1.00	16.10	1276.2	0.21	10.90	7.0	92.60	-8.87	-0.366	3.47e-03	3.91e-04
6805	10/10/2008	12:00	1.60	280.0	1.07	16.80	1371.9	0.27	9.03	7.0	96.62	-17.69	-0.300	3.58e-03	3.94e-04
6806	10/10/2008	13:00	1.00	130.0	1.00	17.60	1456.7	0.20	11.43	7.0	92.23	-7.45	-0.389	3.47e-03	3.99e-04
6807	10/10/2008	14:00	1.00	60.0	1.00	18.00	1526.5	0.19	11.41	7.0	79.94	-8.19	-0.343	3.12e-03	4.01e-04
6808	10/10/2008	15:00	1.40	350.0	1.00	17.70	1577.8	0.23	9.63	7.0	60.51	-18.74	-0.216	2.52e-03	3.99e-04
6809	10/10/2008	16:00	1.00	70.0	1.00	17.30	1606.6	0.18	11.32	7.0	35.03	-14.18	-0.164	1.63e-03	3.97e-04
6810	10/10/2008	17:00	1.30	20.0	1.00	15.80	1610.5	0.15	10.99	7.0	4.55	-66.16	-0.025	4.24e-04	3.89e-04
6811	10/10/2008	18:00	1.00	0.0	1.00	13.60	88.9	0.09	11.99	7.0	-1.70	90.00	0.016	0.00e+00	3.78e-04
6812	10/10/2008	19:00	1.00	180.0	1.00	12.60	88.9	0.09	11.99	7.0	-1.70	90.00	0.016	0.00e+00	3.72e-04
6813	10/10/2008	20:00	1.10	200.0	1.00	12.40	93.9	0.10	11.46	8.0	-2.15	90.00	0.018	0.00e+00	3.71e-04
6814	10/10/2008	21:00	1.00	150.0	1.00	11.60	88.9	0.09	11.99	8.0	-1.70	90.00	0.016	0.00e+00	3.67e-04
6815	10/10/2008	22:00	1.00	150.0	1.00	10.80	88.9	0.09	11.99	8.0	-1.70	90.00	0.016	0.00e+00	3.63e-04
6816	10/10/2008	23:00	1.00	190.0	1.00	10.70	88.9	0.09	11.99	8.0	-1.70	90.00	0.016	0.00e+00	3.62e-04
6817	11/10/2008	00:00	1.00	170.0	1.00	10.40	88.9	0.09	11.99	8.0	-1.70	90.00	0.016	0.00e+00	3.61e-04
6818	11/10/2008	01:00	1.40	160.0	1.00	9.60	107.7	0.12	10.21	9.0	-3.95	90.00	0.026	-0.00e+00	3.57e-04
6819	11/10/2008	02:00	1.00	0.0	1.00	9.30	88.9	0.09	11.99	9.0	-1.70	90.00	0.016	-0.00e+00	3.55e-04
6820	11/10/2008	03:00	1.00	200.0	1.00	9.70	88.9	0.09	11.99	9.0	-1.70	90.00	0.016	-0.00e+00	3.57e-04
6821	11/10/2008	04:00	1.10	200.0	1.00	9.40	93.9	0.10	11.46	9.0	-2.15	90.00	0.018	-0.00e+00	3.56e-04
6822	11/10/2008	05:00	1.50	220.0	1.00	9.10	112.0	0.13	9.88	9.0	-4.70	90.00	0.029	-0.00e+00	3.54e-04
6823	11/10/2008	06:00	1.00	190.0	1.00	9.30	88.9	0.09	11.99	9.0	-1.70	90.00	0.016	-0.00e+00	3.55e-04
6824	11/10/2008	07:00	1.60	180.0	1.00	9.60	116.2	0.14	9.57	9.0	-5.54	90.00	0.032	-8.81e-05	3.57e-04
6825	11/10/2008	08:00	1.00	170.0	1.00	10.60	88.9	0.09	11.99	9.0	-1.70	90.00	0.016	-3.63e-04	3.62e-04
6826	11/10/2008	09:00	1.70	190.0	1.13	11.90	788.7	0.27	8.77	6.0	80.69	-22.43	-0.242	3.41e-03	3.69e-04
6827	11/10/2008	10:00	1.10	230.0	1.00	14.40	987.4	0.22	10.95	1.0	136.82	-6.86	-0.515	5.91e-03	3.82e-04
6828	11/10/2008	11:00	1.00	220.0	1.00	17.70	1176.9	0.21	11.50	1.0	157.93	-5.25	-0.626	6.57e-03	3.99e-04
6829	11/10/2008	12:00	1.00	210.0	1.00	19.80	1346.8	0.21	11.50	1.0	164.09	-5.13	-0.652	6.79e-03	4.11e-04
6830	11/10/2008	13:00	2.30	220.0	1.52	22.40	1493.3	0.36	7.56	1.0	154.52	-26.33	-0.366	6.57e-03	4.25e-04
6831	11/10/2008	14:00	5.00	170.0	2.77	23.90	1616.6	0.56	5.56	1.0	131.57	-116.35	-0.202	5.91e-03	4.33e-04
6832	11/10/2008	15:00	4.00	170.0	2.22	23.50	1698.9	0.46	6.22	1.0	96.49	-87.30	-0.180	4.75e-03	4.31e-04
6833	11/10/2008	16:00	3.40	150.0	1.88	22.30	1740.4	0.38	6.77	1.0	50.22	-98.16	-0.112	3.04e-03	4.24e-04
6834	11/10/2008	17:00	2.50	120.0	1.46	19.60	250.0	0.25	7.55	1.0	-5.80	247.37	0.019	7.38e-04	4.10e-04
6835	11/10/2008	18:00	2.90	130.0	1.58	17.50	161.3	0.25	7.19	1.0	-25.57	90.00	0.087	0.00e+00	3.98e-04
6836	11/10/2008	19:00	2.20	140.0	1.21	15.90	138.7	0.19	8.21	1.0	-12.51	90.00	0.055	0.00e+00	3.90e-04
6837	11/10/2008	20:00	1.70	140.0	1.00	15.20	120.2	0.15	9.30	2.0	-6.46	90.00	0.036	0.00e+00	3.86e-04
6838	11/10/2008	21:00	1.00	0.0	1.00	13.90	88.9	0.09	11.99	2.0	-1.70	90.00	0.016	0.00e+00	3.79e-04
6839	11/10/2008	22:00	2.10	90.0	1.16	13.10	135.2	0.18	8.40	2.0	-11.10	90.00	0.051	0.00e+00	3.75e-04
6840	11/10/2008	23:00	1.00	30.0	1.00	12.30	88.9	0.09	11.99	2.0	-1.70	90.00	0.016	0.00e+00	3.71e-04
6841	12/10/2008	00:00	1.30	110.0	1.00	12.20	103.3	0.11	10.58	2.0	-3.27	90.00	0.024	0.00e+00	3.70e-04
6842	12/10/2008	01:00	1.30	120.0	1.00	12.50	103.3	0.11	10.58	3.0	-3.27	90.00	0.024	0.00e+00	3.72e-04
6843	12/10/2008	02:00	2.40	110.0	1.31	13.20	145.5	0.21	7.88	3.0	-15.65	90.00	0.063	0.00e+00	3.75e-04
6844	12/10/2008	03:00	1.40	160.0	1.00	13.50	107.7	0.12	10.21	3.0	-3.95	90.00	0.027	0.00e+00	3.77e-04
6845	12/10/2008	04:00	2.60	150.0	1.42	12.80	152.0	0.22	7.58	3.0	-19.26	90.00	0.071	0.00e+00	3.73e-04
6846	12/10/2008	05:00	1.60	130.0	1.00	12.00	116.2	0.14	9.57	6.0	-5.54	90.00	0.033	0.00e+00	3.69e-04
6847	12/10/2008	06:00	2.30	130.0	1.26	12.40	142.1	0.20	8.04	4.0	-14.02	90.00	0.058	0.00e+00	3.71e-04
6848	12/10/2008	07:00	3.60	130.0	2.02	14.20	1074.0	0.37	6.47	5.0	-0.20	22652.92	0.000	5.65e-04	3.81e-04
6849	12/10/2008	08:00	2.50	120.0	1.38	15.80	1115.8	0.29	7.91	7.0	32.81	-66.01	-0.094	1.56e-03	3.89e-04
6850	12/10/2008	09:00	4.20	170.0	2.32	18.00	1324.6	0.46	6.08	7.0	58.73	-146.02	-0.107	2.46e-03	4.01e-04
6851	12/10/2008	10:00	5.70	180.0	3.15	19.60	1781.4	0.62	5.21	5.0	121.18	-172.17	-0.165	4.97e-03	4.10e-04
6852	12/10/2008	11:00	8.50	180.0	4.69	21.00	2561.5	0.89	4.26	5.0	139.81	-443.62	-0.133	5.54e-03	4.17e-04
6853	12/10/2008	12:00	7.80	180.0	4.30	22.40	2653.9	0.82	4.45	4.0	156.92	-314.31	-0.162	6.26e-03	4.25e-04
6854	12/10/2008	13:00	9.90	180.0	5.46	23.00	2960.1	1.03	3.94	4.0	149.50	-640.27	-0.124	6.06e-03	4.28e-04
6855	12/10/2008	14:00	8.40	190.0	4.64	23.20	3030.6	0.88	4.28	2.0	132.25	-452.23	-0.128	5.82e-03	4.29e-04
6856	12/10/2008	15:00	8.80	180.0	4.86	22.70	3085.8	0.91	4.18	2.0	97.24	-692.14	-0.091	4.66e-03	4.27e-04
6857	12/10/2008	16:00	6.30	190.0	3.49	21.60	3112.2	0.66	4.94	2.0	51.04	-496.66	-0.066	2.96e-03	4.21e-04
6858	12/10/2008	17:00	5.40	180.0	3.03	20.60	1073.9	0.55	5.28	2.0	-3.66	4146.64	0.006	6.62e-04	4.15e-04
6859	12/10/2008	18:00	3.90	170.0	2.10	19.50	193.5	0.33	6.23	2.0	-34.33	93.52	0.087	0.00e+00	4.09e-04
6860	12/10/2008	19:00	3.10	150.0	1.68	18.60	167.3	0.26	6.96	2.0	-27.34	90.00	0.087	0.00e+00	4.04e-04
6861	12/10/2008	20:00	3.40	140.0	1.84	17.40	175.9	0.29	6.66	2.0	-30.02	90.00	0.087	0.00e+00	3.98e-04
6862	12/10/2008	21:00	3.20	130.0	1.73	16.80	170.2	0.27	6.86	2.0	-28.37	90.00	0.087	0.00e+00	3.94e-04
6863	12/10/2008	22:00	3.00	130.0	1.63	15.70	164.3	0.25	7.07	2.0	-26.76	90.00	0.087	0.00e+00	3.89e-04
6864	12/10/2008	23:00	2.50	120.0	1.37	16.20	148.8	0.21	7.72	2.0	-17.40	90.00	0.068	0.00e+00	3.91e-04
6865	13/10/2008	00:00	1.00	150.0	1.00	15.30	88.9	0.09	11.99	2.0	-1.70	90.00	0.016	0.00e+00	3.87e-04
6866	13/10/2008	01:00	2.00	120.0	1.10	15.40	131.6	0.17	8.60	2.0	-9.79	90.00	0.047	0.00e+00	3.87e-04
6867	13/10/2008	02:00	1.70	170.0	1.00	15.70	120.2	0.15	9.30	2.0	-6.46	90.00	0.036	0.00e+00	3.89e-04
6868	13/10/2008	03:00	1.20	100.0	1.00	15.30	98.7	0.11	10.99	2.0	-2.68	90.00	0.021	0.00e+00	3.87e-04
6869	13/10/2008	04:00	1.60	30.0	1.00	13.80	116.2	0.14	9.57	2.0	-5.54	90.00	0.033	0.00e+00	3.79e-04
6870	13/10/2008	05:00	1.00	10.0	1.00	13.00	88.9	0.09	11.99	2.0	-1.70	90.00	0.016	0.00e+00	3.74e-04
6871	13/10/2008	06:00	1.00	130.0	1.00	12.10	88.9	0.09	11.99	2.0	-1.70	90.00	0.016	0.00e+00	3.70e-04
6872	13/10/2008	07:00	1.00	150.0	1.00	13.50	88.9	0.09	11.99	2.0	-1.70	90.00	0.016	5.91e-04	3.77e-04
6873	13/10/2008	08:00	1.00	210.0	1.00	15.70	531.3	0.18	11.35	2.0	48.23	-11.47	-0.217	2.90e-03	3.89e-04
6874	13/10/2008	09:00	1.10	220.0	1.00	17.00	732.1	0.21	10.90	2.0	96.70	-8.62	-0.382	4.61e-03	3.96e-04
6875	13/10/2008	10:00	2.00	190.0	1.32	19.00	944.7	0.32	8.10	2.0	132.56	-22.11	-0.346	5.77e-03	4.06e-04
6876	13/10/2008	11:00	2.00	180.0	1.32	21.50	1142.5	0.33	8.12	2.0	153.65	-19.90	-0.399	6.43e-03	4.20e-04
6877	13/10/2008	12:00	1.70	210.0	1.12	23.10	1316.5	0.29	8.81	2.0	160.19	-14.02	-0.464	6.65e-03	4.29e-04
6878	13/10/2008	13:00	2.40	200.0	1.58	24.00	1465.0	0.37	7.41	2.0	152.17	-28.96	-0.353	6.43e-03	4.34e-04
6879	13/10/2008	14:00	2.50	220.0	1.61	24.20	1581.2	0.37	7.34	2.0	130.23	-33.66	-0.303	5.77e-03	4.35e-04
6880	13/10/2008	15:00	2.70	200.0	1.61	24.00	1661.7	0.36	7.34	2.0	95.51	-41.89	-0.229	4.61e-03	4.34e-04
6881	13/10/2008	16:00	2.50	180.0	1.40	22.40	1702.0	0.30	7.87	2.0	49.67	-49.64	-0.139	2.90e-03	4.25e-04
6882	13/10/2008	17:00	2.00	190.0	1.10	20.60	131.6	0.17	8.60	2.0	-5.22	90.00	0.026	5.91e-04	4.15e-04
6883	13/10/2008	18:00	1.60	150.0	1.00	18.80	116.2	0.14	9.57	2.0	-5.54	90.00	0.033	0.00e+00	4.05e-04
6884	13/10/2008	19:00	1.00	130.0	1.00	17.70	88.9	0.09	11.99	2.0	-1.70	90.00	0.016	0.00e+00	3.99e-04
6885	13/10/2008	20:00	1.50	100.0	1.00	16.50	112.0	0.13	9.88	2.0	-4.70	90.00	0.030	0.00e+00	3.93e-04
6886	13/10/2008	21:00	1.60	150.0	1.00	16.10	116.2	0.14	9.57	2.0	-5.54	90.00	0.033	0.00e+00	3.91e-04
6887	13/10/2008	22:00	1.00	0.0	1.00	15.60	88.9	0.09	11.99	2.0	-1.70	90.00	0.016	0.00e+00	3.88e-04
6888	13/10/2008	23:00	1.40	160.0	1.00	15.20	107.7	0.12	10.21	2.0	-3.95	90.00	0.027	0.00e+00	3.86e-04
6889	14/10/2008	00:00	1.00	150.0	1.00	15.00	88.9	0.09	11.99	2.0	-1.70	90.00	0.016	0.00e+00	3.85e-04
6890	14/10/2008	01:00	1.00	0.0	1.00	14.00	88.9	0.09	11.99	2.0	-1.70	90.00	0.016	0.00e+00	3.80e-04
6891	14/10/2008	02:00	1.00	0.0	1.00	13.60	88.9	0.09	11.99	2.0	-1.70	90.00	0.016	0.00e+00	3.78e-04
6892	14/10/2008	03:00	1.00	0.0	1.00	13.40	88.9	0.09	11.99	2.0	-1.70	90.00	0.016	0.00e+00	3.76e-04
6893	14/10/2008	04:00	1.00	0.0	1.00	12.80	88.9	0.09	11.99	2.0	-1.70	90.00	0.016	0.00e+00	3.73e-04
6894	14/10/2008	05:00	1.00	0.0	1.00	12.50	88.9	0.09	11.99	2.0	-1.70	90.00	0.016	0.00e+00	3.72e-04
6895	14/10/2008	06:00	1.00	320.0	1.00	12.40	88.9	0.09	11.99	2.0	-1.70	90.00	0.016	0.00e+00	3.71e-04
6896	14/10/2008	07:00	1.00	70.0	1.00	13.00	88.9	0.09	11.99	3.0	-1.70	90.00	0.016	5.09e-04	3.74e-04
6897	14/10/2008	08:00	1.00	0.0	1.00	15.00	399.9	0.14	12.45	4.0	12.05	-19.60	-0.072	2.65e-03	3.85e-04
6898	14/10/2008	09:00	1.00	300.0	1.00	17.10	634.9	0.20	11.43	1.0	92.50	-7.44	-0.389	4.58e-03	3.96e-04
6899	14/10/2008	10:00	1.00	340.0	1.00	19.80	863.9	0.21	11.48	3.0	130.55	-5.94	-0.533	5.60e-03	4.11e-04
6900	14/10/2008	11:00	2.30	20.0	1.51	21.50	1057.7	0.35	7.57	5.0	136.62	-28.58	-0.327	5.45e-03	4.20e-04
6901	14/10/2008	12:00	3.50	10.0	2.06	22.40	1276.2	0.44	6.48	5.0	142.64	-53.78	-0.274	5.64e-03	4.25e-04
6902	14/10/2008	13:00	2.90	350.0	1.82	23.00	1424.7	0.41	6.89	4.0	146.34	-40.37	-0.307	5.97e-03	4.28e-04
6903	14/10/2008	14:00	3.20	20.0	1.90	23.50	1544.3	0.41	6.74	2.0	128.83	-48.68	-0.265	5.72e-03	4.31e-04
6904	14/10/2008	15:00	3.50	20.0	1.96	23.10	1626.8	0.41	6.63	2.0	93.95	-66.46	-0.194	4.55e-03	4.29e-04
6905	14/10/2008	16:00	3.20	20.0	1.77	22.20	1667.8	0.36	6.98	2.0	48.02	-87.91	-0.112	2.83e-03	4.24e-04
6906	14/10/2008	17:00	1.20	10.0	1.00	20.60	98.7	0.11	10.99	2.0	-2.68	90.00	0.021	5.19e-04	4.15e-04
6907	14/10/2008	18:00	1.50	20.0	1.00	19.20	112.0	0.13	9.88	3.0	-4.70	90.00	0.030	0.00e+00	4.07e-04
6908	14/10/2008	19:00	1.00	0.0	1.00	17.30	88.9	0.09	11.99	3.0	-1.70	90.00	0.016	0.00e+00	3.97e-04
6909	14/10/2008	20:00	1.00	0.0	1.00	16.20	88.9	0.09	11.99	3.0	-1.70	90.00	0.016	0.00e+00	3.91e-04
6910	14/10/2008	21:00	1.00	260.0	1.00	15.50	88.9	0.09	11.99	4.0	-1.70	90.00	0.016	0.00e+00	3.88e-04
6911	14/10/2008	22:00	1.00	0.0	1.00	15.20	88.9	0.09	11.99	4.0	-1.70	90.00	0.016	0.00e+00	3.86e-04
6912	14/10/2008	23:00	1.00	140.0	1.00	14.40	88.9	0.09	11.99	4.0	-1.70	90.00	0.016	0.00e+00	3.82e-04
6913	15/10/2008	00:00	1.00	160.0	1.00	13.70	88.9	0.09	11.99	5.0	-1.70	90.00	0.016	0.00e+00	3.78e-04
6914	15/10/2008	01:00	1.00	0.0	1.00	13.30	88.9	0.09	11.99	5.0	-1.70	90.00	0.016	0.00e+00	3.76e-04
6915	15/10/2008	02:00	1.00	160.0	1.00	13.20	88.9	0.09	11.99	5.0	-1.70	90.00	0.016	0.00e+00	3.75e-04
6916	15/10/2008	03:00	1.00	0.0	1.00	13.50	88.9	0.09	11.99	6.0	-1.70	90.00	0.016	0.00e+00	3.77e-04
6917	15/10/2008	04:00	1.30	130.0	1.00	13.50	103.3	0.11	10.58	6.0	-3.27	90.00	0.024	0.00e+00	3.77e-04
6918	15/10/2008	05:00	1.00	0.0	1.00	13.70	88.9	0.09	11.99	7.0	-1.70	90.00	0.016	0.00e+00	3.78e-04
6919	15/10/2008	06:00	1.00	110.0	1.00	13.90	88.9	0.09	11.99	7.0	-1.70	90.00	0.016	0.00e+00	3.79e-04
6920	15/10/2008	07:00	1.00	0.0	1.00	14.60	116.2	0.09	12.17	7.0	-0.44	166.14	0.004	2.36e-04	3.83e-04
6921	15/10/2008	08:00	1.00	0.0	1.00	16.00	499.2	0.17	11.40	7.0	30.22	-15.19	-0.145	1.46e-03	3.90e-04
6922	15/10/2008	09:00	1.00	330.0	1.00	17.10	689.6	0.20	11.42	5.0	86.35	-7.78	-0.366	3.84e-03	3.96e-04
6923	15/10/2008	10:00	1.00	360.0	1.00	18.40	902.5	0.21	11.48	3.0	129.61	-5.97	-0.527	5.55e-03	4.03e-04
6924	15/10/2008	11:00	1.00	130.0	1.00	20.20	1097.8	0.21	11.49	1.0	149.05	-5.45	-0.600	6.37e-03	4.13e-04
6925	15/10/2008	12:00	1.00	150.0	1.00	21.30	1270.9	0.21	11.50	1.0	156.01	-5.30	-0.627	6.59e-03	4.19e-04
6926	15/10/2008	13:00	1.40	20.0	1.00	22.50	1418.3	0.26	9.71	2.0	149.65	-10.12	-0.493	6.34e-03	4.25e-04
6927	15/10/2008	14:00	1.00	250.0	1.00	23.20	1532.3	0.21	11.47	2.0	127.29	-6.04	-0.527	5.66e-03	4.29e-04
6928	15/10/2008	15:00	1.00	80.0	1.00	23.00	1610.7	0.20	11.43	3.0	93.20	-7.40	-0.400	4.40e-03	4.28e-04
6929	15/10/2008	16:00	1.00	120.0	1.00	21.90	1649.8	0.18	11.35	3.0	48.15	-11.49	-0.222	2.72e-03	4.22e-04
6930	15/10/2008	17:00	1.30	110.0	1.00	19.90	103.3	0.11	10.58	4.0	-3.19	90.00	0.024	4.20e-04	4.11e-04
6931	15/10/2008	18:00	1.00	130.0	1.00	18.20	88.9	0.09	11.99	4.0	-1.70	90.00	0.016	0.00e+00	4.02e-04
6932	15/10/2008	19:00	1.00	100.0	1.00	17.10	88.9	0.09	11.99	5.0	-1.70	90.00	0.016	0.00e+00	3.96e-04
6933	15/10/2008	20:00	1.80	20.0	1.00	16.60	124.1	0.16	9.05	5.0	-7.48	90.00	0.040	0.00e+00	3.93e-04
6934	15/10/2008	21:00	1.30	360.0	1.00	16.10	103.3	0.11	10.58	6.0	-3.27	90.00	0.024	0.00e+00	3.91e-04
6935	15/10/2008	22:00	1.00	330.0	1.00	15.80	88.9	0.09	11.99	6.0	-1.70	90.00	0.016	0.00e+00	3.89e-04
6936	15/10/2008	23:00	1.00	0.0	1.00	15.00	88.9	0.09	11.99	7.0	-1.70	90.00	0.016	0.00e+00	3.85e-04
6937	16/10/2008	00:00	1.00	340.0	1.00	15.90	88.9	0.09	11.99	8.0	-1.70	90.00	0.016	0.00e+00	3.90e-04
6938	16/10/2008	01:00	1.00	250.0	1.00	14.70	88.9	0.09	11.99	6.0	-1.70	90.00	0.016	0.00e+00	3.83e-04
6939	16/10/2008	02:00	1.40	130.0	1.00	14.50	107.7	0.12	10.21	6.0	-3.95	90.00	0.027	0.00e+00	3.82e-04
6940	16/10/2008	03:00	1.60	240.0	1.00	13.80	116.2	0.14	9.57	7.0	-5.54	90.00	0.033	0.00e+00	3.79e-04
6941	16/10/2008	04:00	2.40	180.0	1.31	14.00	145.5	0.21	7.88	4.0	-15.65	90.00	0.063	0.00e+00	3.80e-04
6942	16/10/2008	05:00	1.00	150.0	1.00	13.60	88.9	0.09	11.99	6.0	-1.70	90.00	0.016	0.00e+00	3.78e-04
6943	16/10/2008	06:00	1.00	160.0	1.00	13.80	88.9	0.09	11.99	7.0	-1.70	90.00	0.016	0.00e+00	3.79e-04
6944	16/10/2008	07:00	1.40	190.0	1.00	14.50	144.1	0.13	10.14	7.0	-1.35	161.05	0.008	1.99e-04	3.82e-04
6945	16/10/2008	08:00	3.90	180.0	2.16	15.30	1207.3	0.42	6.29	7.0	29.13	-222.93	-0.058	1.43e-03	3.87e-04
6946	16/10/2008	09:00	3.30	190.0	1.82	16.10	1269.9	0.37	6.87	7.0	54.96	-85.18	-0.122	2.34e-03	3.91e-04
6947	16/10/2008	10:00	2.10	210.0	1.15	16.10	1296.5	0.25	8.65	7.0	25.03	-54.25	-0.084	2.96e-03	3.91e-04
6948	16/10/2008	11:00	3.20	170.0	1.77	15.60	1332.2	0.35	6.97	7.0	32.32	-121.42	-0.076	3.31e-03	3.88e-04
6949	16/10/2008	12:00	2.60	180.0	1.43	16.10	1366.8	0.30	7.76	7.0	33.83	-70.62	-0.094	3.43e-03	3.91e-04
6950	16/10/2008	13:00	2.80	200.0	1.54	17.10	1397.6	0.32	7.47	7.0	30.16	-92.24	-0.080	3.31e-03	3.96e-04
6951	16/10/2008	14:00	3.40	200.0	1.92	17.70	1492.3	0.41	6.70	6.0	100.02	-60.36	-0.205	4.06e-03	3.99e-04
6952	16/10/2008	15:00	2.70	170.0	1.51	19.00	1541.9	0.32	7.57	7.0	55.30	-54.33	-0.143	2.34e-03	4.06e-04
6953	16/10/2008	16:00	4.10	330.0	2.27	18.30	1572.6	0.44	6.13	7.0	30.14	-247.35	-0.058	1.43e-03	4.03e-04
6954	16/10/2008	17:00	2.60	10.0	1.46	16.90	1574.1	0.27	7.61	7.0	0.08	-21806.25	-0.000	1.99e-04	3.95e-04
6955	16/10/2008	18:00	4.60	360.0	2.57	16.30	359.9	0.45	5.69	7.0	-29.86	264.79	0.056	0.00e+00	3.92e-04
6956	16/10/2008	19:00	4.10	350.0	2.30	15.70	334.6	0.40	6.02	8.0	-21.65	260.28	0.045	0.00e+00	3.89e-04
6957	16/10/2008	20:00	2.40	360.0	1.31	14.70	145.5	0.21	7.88	8.0	-11.18	90.00	0.045	0.00e+00	3.83e-04
6958	16/10/2008	21:00	2.30	340.0	1.26	14.70	142.1	0.20	8.04	7.0	-13.24	90.00	0.056	0.00e+00	3.83e-04
6959	16/10/2008	22:00	2.80	340.0	1.52	14.50	158.3	0.24	7.31	7.0	-16.02	90.00	0.056	0.00e+00	3.82e-04
6960	16/10/2008	23:00	2.70	330.0	1.47	14.10	155.2	0.23	7.44	7.0	-15.49	90.00	0.056	0.00e+00	3.80e-04
6961	17/10/2008	00:00	1.00	50.0	1.00	13.70	88.9	0.09	11.99	7.0	-1.70	90.00	0.016	0.00e+00	3.78e-04
6962	17/10/2008	01:00	1.90	340.0	1.05	13.50	127.9	0.16	8.82	8.0	-8.58	90.00	0.043	0.00e+00	3.77e-04
6963	17/10/2008	02:00	6.50	360.0	3.67	12.20	677.3	0.66	4.78	8.0	-36.35	707.11	0.045	0.00e+00	3.70e-04
6964	17/10/2008	03:00	4.00	10.0	2.24	10.50	318.0	0.39	6.09	8.0	-21.39	240.47	0.045	0.00e+00	3.61e-04
6965	17/10/2008	04:00	1.90	350.0	1.05	10.00	127.9	0.16	8.82	8.0	-8.58	90.00	0.043	0.00e+00	3.59e-04
6966	17/10/2008	05:00	3.80	330.0	2.12	10.30	256.9	0.35	6.25	7.0	-24.21	163.51	0.056	0.00e+00	3.60e-04
6967	17/10/2008	06:00	3.60	330.0	1.94	10.30	181.4	0.30	6.48	4.0	-29.37	90.00	0.079	0.00e+00	3.60e-04
6968	17/10/2008	07:00	3.80	350.0	2.23	10.00	410.5	0.40	6.13	4.0	-12.61	437.15	0.026	2.87e-04	3.59e-04
6969	17/10/2008	08:00	3.90	350.0	2.16	10.80	1216.6	0.42	6.30	6.0	36.32	-183.00	-0.070	1.91e-03	3.63e-04
6970	17/10/2008	09:00	6.50	330.0	3.59	11.50	1976.8	0.68	4.87	5.0	84.74	-336.41	-0.101	3.74e-03	3.67e-04
6971	17/10/2008	10:00	5.10	360.0	2.82	13.60	2057.5	0.56	5.51	5.0	116.68	-134.28	-0.171	4.75e-03	3.78e-04
6972	17/10/2008	11:00	5.40	10.0	2.99	14.20	2154.4	0.60	5.35	4.0	147.53	-128.00	-0.204	5.83e-03	3.81e-04
6973	17/10/2008	12:00	6.40	360.0	3.53	14.40	2255.0	0.69	4.92	4.0	154.94	-188.02	-0.185	6.04e-03	3.82e-04
6974	17/10/2008	13:00	7.30	350.0	4.03	14.40	2350.7	0.77	4.60	4.0	147.36	-278.08	-0.157	5.83e-03	3.82e-04
6975	17/10/2008	14:00	7.50	360.0	4.14	14.70	2431.3	0.79	4.54	4.0	124.97	-348.08	-0.131	5.20e-03	3.83e-04
6976	17/10/2008	15:00	7.10	340.0	3.92	14.30	2488.9	0.74	4.66	4.0	89.85	-406.81	-0.100	4.10e-03	3.81e-04
6977	17/10/2008	16:00	5.70	350.0	3.16	13.70	2516.5	0.60	5.19	4.0	43.67	-434.58	-0.060	2.47e-03	3.78e-04
6978	17/10/2008	17:00	5.30	350.0	2.98	12.30	740.7	0.54	5.32	4.0	-11.20	1263.95	0.017	2.87e-04	3.71e-04
6979	17/10/2008	18:00	4.20	340.0	2.32	11.40	245.9	0.38	5.96	4.0	-36.82	134.22	0.079	0.00e+00	3.66e-04
6980	17/10/2008	19:00	2.90	350.0	1.58	10.50	161.3	0.25	7.19	4.0	-23.82	90.00	0.079	0.00e+00	3.61e-04
6981	17/10/2008	20:00	3.90	340.0	2.13	10.10	208.1	0.34	6.20	4.0	-32.97	106.19	0.079	0.00e+00	3.59e-04
6982	17/10/2008	21:00	3.80	330.0	2.06	9.70	194.4	0.32	6.30	4.0	-31.51	96.58	0.079	0.00e+00	3.57e-04
6983	17/10/2008	22:00	3.30	340.0	1.79	9.20	173.0	0.28	6.76	4.0	-27.11	90.00	0.079	0.00e+00	3.55e-04
6984	17/10/2008	23:00	1.30	340.0	1.00	8.00	103.3	0.11	10.58	5.0	-3.27	90.00	0.023	0.00e+00	3.49e-04
6985	18/10/2008	00:00	1.00	200.0	1.00	6.70	88.9	0.09	11.99	5.0	-1.70	90.00	0.015	0.00e+00	3.42e-04
6986	18/10/2008	01:00	1.00	150.0	1.00	5.90	88.9	0.09	11.99	5.0	-1.70	90.00	0.015	0.00e+00	3.38e-04
6987	18/10/2008	02:00	1.00	190.0	1.00	5.20	88.9	0.09	11.99	5.0	-1.70	90.00	0.015	0.00e+00	3.35e-04
6988	18/10/2008	03:00	1.00	0.0	1.00	4.80	88.9	0.09	11.99	5.0	-1.70	90.00	0.015	0.00e+00	3.33e-04
6989	18/10/2008	04:00	1.00	130.0	1.00	4.70	88.9	0.09	11.99	5.0	-1.70	90.00	0.015	0.00e+00	3.32e-04
6990	18/10/2008	05:00	1.00	0.0	1.00	5.00	88.9	0.09	11.99	6.0	-1.70	90.00	0.015	0.00e+00	3.34e-04
6991	18/10/2008	06:00	1.00	0.0	1.00	5.90	88.9	0.09	11.99	6.0	-1.70	90.00	0.015	0.00e+00	3.38e-04
6992	18/10/2008	07:00	1.00	50.0	1.00	6.40	88.9	0.09	11.99	6.0	-1.70	90.00	0.015	1.71e-04	3.41e-04
6993	18/10/2008	08:00	1.00	50.0	1.00	7.30	511.6	0.18	11.33	6.0	34.61	-14.28	-0.157	1.87e-03	3.45e-04
6994	18/10/2008	09:00	1.90	20.0	1.21	8.70	817.3	0.28	8.47	6.0	72.28	-27.87	-0.207	3.13e-03	3.52e-04
6995	18/10/2008	10:00	1.50	350.0	1.00	9.90	962.5	0.26	9.34	6.0	100.48	-15.16	-0.316	3.98e-03	3.58e-04
6996	18/10/2008	11:00	1.00	340.0	1.00	11.60	1129.3	0.21	11.48	5.0	137.09	-5.76	-0.541	5.28e-03	3.67e-04
6997	18/10/2008	12:00	1.10	360.0	1.00	12.70	1281.1	0.22	10.95	5.0	143.27	-6.65	-0.533	5.47e-03	3.73e-04
6998	18/10/2008	13:00	2.10	340.0	1.39	13.90	1412.5	0.33	7.91	5.0	135.36	-24.05	-0.336	5.28e-03	3.79e-04
6999	18/10/2008	14:00	1.60	40.0	1.06	14.70	1521.4	0.27	9.06	4.0	123.33	-14.93	-0.371	5.15e-03	3.83e-04
7000	18/10/2008	15:00	1.60	40.0	1.07	14.70	1594.8	0.27	9.02	4.0	88.13	-18.87	-0.274	4.04e-03	3.83e-04
7001	18/10/2008	16:00	2.10	40.0	1.18	13.90	1629.3	0.26	8.55	4.0	42.14	-38.93	-0.131	2.42e-03	3.79e-04
7002	18/10/2008	17:00	2.30	30.0	1.26	12.50	142.1	0.20	8.04	3.0	-14.02	90.00	0.058	2.32e-04	3.72e-04
7003	18/10/2008	18:00	2.50	10.0	1.37	11.10	148.8	0.21	7.72	3.0	-17.40	90.00	0.066	0.00e+00	3.65e-04
7004	18/10/2008	19:00	1.10	350.0	1.00	10.30	93.9	0.10	11.46	3.0	-2.15	90.00	0.018	0.00e+00	3.60e-04
7005	18/10/2008	20:00	1.00	350.0	1.00	9.60	88.9	0.09	11.99	2.0	-1.70	90.00	0.016	0.00e+00	3.57e-04
7006	18/10/2008	21:00	1.00	0.0	1.00	8.00	88.9	0.09	11.99	2.0	-1.70	90.00	0.015	0.00e+00	3.49e-04
7007	18/10/2008	22:00	1.50	190.0	1.00	7.50	112.0	0.13	9.88	2.0	-4.70	90.00	0.029	0.00e+00	3.46e-04
7008	18/10/2008	23:00	1.00	0.0	1.00	6.60	88.9	0.09	11.99	1.0	-1.70	90.00	0.015	0.00e+00	3.42e-04
7009	19/10/2008	00:00	1.00	210.0	1.00	5.80	88.9	0.09	11.99	1.0	-1.70	90.00	0.015	0.00e+00	3.38e-04
7010	19/10/2008	01:00	1.00	190.0	1.00	5.60	88.9	0.09	11.99	1.0	-1.70	90.00	0.015	0.00e+00	3.37e-04
7011	19/10/2008	02:00	1.00	200.0	1.00	5.20	88.9	0.09	11.99	0.0	-1.70	90.00	0.015	0.00e+00	3.35e-04
7012	19/10/2008	03:00	1.00	150.0	1.00	4.80	88.9	0.09	11.99	0.0	-1.70	90.00	0.015	0.00e+00	3.33e-04
7013	19/10/2008	04:00	1.00	180.0	1.00	4.40	88.9	0.09	11.99	0.0	-1.70	90.00	0.015	0.00e+00	3.31e-04
7014	19/10/2008	05:00	1.00	180.0	1.00	4.50	88.9	0.09	11.99	0.0	-1.70	90.00	0.015	0.00e+00	3.31e-04
7015	19/10/2008	06:00	1.00	0.0	1.00	4.30	88.9	0.09	11.99	1.0	-1.70	90.00	0.015	0.00e+00	3.30e-04
7016	19/10/2008	07:00	1.00	0.0	1.00	5.00	88.9	0.09	11.99	3.0	-1.70	90.00	0.015	1.64e-04	3.34e-04
7017	19/10/2008	08:00	1.00	90.0	1.00	6.80	508.3	0.18	11.34	6.0	33.28	-14.57	-0.152	1.82e-03	3.43e-04
7018	19/10/2008	09:00	1.00	0.0	1.00	8.10	684.7	0.20	11.42	5.0	82.75	-8.00	-0.342	3.64e-03	3.49e-04
7019	19/10/2008	10:00	1.00	340.0	1.00	10.40	890.5	0.21	11.47	2.0	127.50	-6.03	-0.505	5.45e-03	3.61e-04
7020	19/10/2008	11:00	1.20	330.0	1.00	11.80	1082.9	0.23	10.49	1.0	148.54	-7.63	-0.520	6.18e-03	3.68e-04
7021	19/10/2008	12:00	1.00	280.0	1.00	14.30	1252.8	0.21	11.50	1.0	154.54	-5.33	-0.607	6.40e-03	3.81e-04
7022	19/10/2008	13:00	1.10	320.0	1.00	15.80	1394.4	0.22	10.96	1.0	145.22	-6.59	-0.545	6.18e-03	3.89e-04
7023	19/10/2008	14:00	1.40	330.0	1.00	16.10	1500.6	0.25	9.68	0.0	118.43	-11.86	-0.392	5.49e-03	3.91e-04
7024	19/10/2008	15:00	1.50	340.0	1.00	16.40	1569.5	0.25	9.31	0.0	81.04	-17.61	-0.267	4.30e-03	3.92e-04
7025	19/10/2008	16:00	1.00	0.0	1.00	16.20	1596.1	0.18	11.35	0.0	32.44	-14.74	-0.154	2.54e-03	3.91e-04
7026	19/10/2008	17:00	1.10	30.0	1.00	14.60	93.9	0.10	11.46	0.0	-2.15	90.00	0.018	1.68e-04	3.83e-04
7027	19/10/2008	18:00	1.00	110.0	1.00	13.10	88.9	0.09	11.99	0.0	-1.70	90.00	0.016	0.00e+00	3.75e-04
7028	19/10/2008	19:00	1.00	100.0	1.00	11.90	88.9	0.09	11.99	0.0	-1.70	90.00	0.016	0.00e+00	3.69e-04
7029	19/10/2008	20:00	1.00	270.0	1.00	11.10	88.9	0.09	11.99	0.0	-1.70	90.00	0.016	0.00e+00	3.65e-04
7030	19/10/2008	21:00	1.00	330.0	1.00	10.80	88.9	0.09	11.99	1.0	-1.70	90.00	0.016	0.00e+00	3.63e-04
7031	19/10/2008	22:00	1.00	0.0	1.00	9.80	88.9	0.09	11.99	1.0	-1.70	90.00	0.016	0.00e+00	3.58e-04
7032	19/10/2008	23:00	1.00	120.0	1.00	9.40	88.9	0.09	11.99	1.0	-1.70	90.00	0.016	0.00e+00	3.56e-04
7033	20/10/2008	00:00	1.00	160.0	1.00	9.20	88.9	0.09	11.99	1.0	-1.70	90.00	0.016	0.00e+00	3.55e-04
7034	20/10/2008	01:00	1.00	0.0	1.00	9.00	88.9	0.09	11.99	1.0	-1.70	90.00	0.016	0.00e+00	3.54e-04
7035	20/10/2008	02:00	1.00	0.0	1.00	9.20	88.9	0.09	11.99	1.0	-1.70	90.00	0.016	0.00e+00	3.55e-04
7036	20/10/2008	03:00	1.00	0.0	1.00	9.00	88.9	0.09	11.99	1.0	-1.70	90.00	0.016	0.00e+00	3.54e-04
7037	20/10/2008	04:00	1.00	30.0	1.00	9.50	88.9	0.09	11.99	1.0	-1.70	90.00	0.016	0.00e+00	3.56e-04
7038	20/10/2008	05:00	1.00	0.0	1.00	9.00	88.9	0.09	11.99	2.0	-1.70	90.00	0.016	0.00e+00	3.54e-04
7039	20/10/2008	06:00	1.00	150.0	1.00	9.10	88.9	0.09	11.99	3.0	-1.70	90.00	0.016	0.00e+00	3.54e-04
7040	20/10/2008	07:00	1.00	0.0	1.00	10.30	88.9	0.09	11.99	5.0	-1.70	90.00	0.016	8.34e-05	3.60e-04
7041	20/10/2008	08:00	6.10	180.0	3.38	17.40	1836.2	0.64	5.01	5.0	38.43	-594.41	-0.050	2.10e-03	3.98e-04
7042	20/10/2008	09:00	6.50	180.0	3.60	18.30	1958.1	0.68	4.86	7.0	51.72	-535.67	-0.064	2.22e-03	4.03e-04
7043	20/10/2008	10:00	6.50	180.0	3.60	18.80	2017.5	0.68	4.87	7.0	70.86	-397.51	-0.087	2.85e-03	4.05e-04
7044	20/10/2008	11:00	7.50	170.0	4.15	19.10	2257.2	0.78	4.53	7.0	82.81	-512.52	-0.089	3.21e-03	4.07e-04
7045	20/10/2008	12:00	7.20	180.0	3.97	20.60	2336.8	0.76	4.63	6.0	116.18	-332.84	-0.129	4.56e-03	4.15e-04
7046	20/10/2008	13:00	7.20	170.0	3.98	21.50	2410.3	0.76	4.63	6.0	110.41	-348.89	-0.123	4.40e-03	4.20e-04
7047	20/10/2008	14:00	8.00	190.0	4.43	20.70	2464.0	0.83	4.38	7.0	70.92	-714.58	-0.072	2.85e-03	4.16e-04
7048	20/10/2008	15:00	7.30	190.0	4.04	20.10	2511.6	0.76	4.59	6.0	68.78	-566.80	-0.076	3.04e-03	4.12e-04
7049	20/10/2008	16:00	8.20	180.0	4.55	19.40	2545.0	0.84	4.31	6.0	34.89	-1535.22	-0.035	1.78e-03	4.09e-04
7050	20/10/2008	17:00	7.70	180.0	4.30	18.00	1639.6	0.79	4.43	6.0	-5.51	7958.81	0.006	7.06e-05	4.01e-04
7051	20/10/2008	18:00	7.20	180.0	4.04	18.00	672.0	0.73	4.56	6.0	-56.15	603.39	0.065	0.00e+00	4.01e-04
7052	20/10/2008	19:00	8.40	180.0	4.73	18.00	844.9	0.85	4.22	6.0	-66.12	836.69	0.065	0.00e+00	4.01e-04
7053	20/10/2008	20:00	8.80	190.0	4.96	17.80	904.1	0.90	4.12	6.0	-69.47	921.77	0.065	0.00e+00	4.00e-04
7054	20/10/2008	21:00	7.80	190.0	4.39	17.40	756.6	0.79	4.38	6.0	-61.27	713.92	0.065	0.00e+00	3.98e-04
7055	20/10/2008	22:00	8.60	190.0	4.84	17.80	874.2	0.88	4.17	6.0	-67.82	878.42	0.065	0.00e+00	4.00e-04
7056	20/10/2008	23:00	7.00	170.0	3.93	16.50	642.5	0.70	4.62	6.0	-54.75	564.77	0.065	0.00e+00	3.93e-04
7057	21/10/2008	00:00	5.60	180.0	3.13	16.20	454.8	0.55	5.17	6.0	-42.92	346.02	0.065	0.00e+00	3.91e-04
7058	21/10/2008	01:00	5.80	190.0	3.26	16.80	520.0	0.58	5.07	7.0	-38.65	446.03	0.056	0.00e+00	3.94e-04
7059	21/10/2008	02:00	5.40	180.0	3.03	16.90	465.5	0.54	5.26	7.0	-35.72	381.26	0.056	0.00e+00	3.95e-04
7060	21/10/2008	03:00	6.00	190.0	3.37	17.10	548.0	0.60	4.99	7.0	-40.07	480.81	0.056	0.00e+00	3.96e-04
7061	21/10/2008	04:00	6.90	180.0	3.89	17.70	677.3	0.70	4.65	7.0	-46.48	650.89	0.056	0.00e+00	3.99e-04
7062	21/10/2008	05:00	7.00	180.0	3.94	17.80	692.1	0.71	4.62	7.0	-47.18	671.38	0.056	0.00e+00	4.00e-04
7063	21/10/2008	06:00	8.10	180.0	4.57	17.80	857.7	0.83	4.29	7.0	-55.03	913.33	0.056	0.00e+00	4.00e-04
7064	21/10/2008	07:00	8.50	170.0	4.76	17.70	2529.9	0.88	4.21	7.0	-3.45	17325.31	0.003	1.50e-05	3.99e-04
7065	21/10/2008	08:00	10.30	180.0	5.72	18.00	3048.2	1.06	3.85	7.0	25.84	-4045.00	-0.020	1.26e-03	4.01e-04
7066	21/10/2008	09:00	10.60	180.0	5.87	18.80	3140.0	1.09	3.80	7.0	50.96	-2242.10	-0.039	2.19e-03	4.05e-04
7067	21/10/2008	10:00	10.10	180.0	5.59	19.00	3187.1	1.04	3.89	7.0	69.99	-1421.94	-0.056	2.82e-03	4.06e-04
7068	21/10/2008	11:00	11.70	190.0	6.47	20.10	3464.1	1.20	3.62	7.0	81.85	-1874.33	-0.057	3.18e-03	4.12e-04
7069	21/10/2008	12:00	11.40	190.0	6.31	20.40	3517.9	1.17	3.67	7.0	85.85	-1656.65	-0.062	3.30e-03	4.14e-04
7070	21/10/2008	13:00	11.70	180.0	6.47	20.90	3570.7	1.20	3.62	7.0	81.81	-1875.15	-0.058	3.18e-03	4.17e-04
7071	21/10/2008	14:00	10.40	180.0	5.76	20.10	3611.7	1.07	3.84	7.0	70.03	-1548.20	-0.055	2.82e-03	4.12e-04
7072	21/10/2008	15:00	7.90	180.0	4.37	20.30	3642.9	0.82	4.41	6.0	67.64	-721.53	-0.070	3.00e-03	4.13e-04
7073	21/10/2008	16:00	8.70	190.0	4.83	20.00	3663.9	0.90	4.19	6.0	34.00	-1873.37	-0.032	1.73e-03	4.12e-04
7074	21/10/2008	17:00	7.10	200.0	3.98	19.80	2114.2	0.73	4.61	7.0	-2.03	17197.02	0.002	1.50e-05	4.11e-04
7075	21/10/2008	18:00	2.30	310.0	1.26	17.50	142.1	0.20	8.04	8.0	-10.63	90.00	0.045	0.00e+00	3.98e-04
7076	21/10/2008	19:00	1.20	110.0	1.00	15.50	98.7	0.11	10.99	6.0	-2.68	90.00	0.021	0.00e+00	3.88e-04
7077	21/10/2008	20:00	1.70	90.0	1.00	15.30	120.2	0.15	9.30	8.0	-6.46	90.00	0.036	0.00e+00	3.87e-04
7078	21/10/2008	21:00	1.40	50.0	1.00	15.10	107.7	0.12	10.21	7.0	-3.95	90.00	0.027	0.00e+00	3.85e-04
7079	21/10/2008	22:00	1.70	360.0	1.00	15.00	120.2	0.15	9.30	7.0	-6.46	90.00	0.036	0.00e+00	3.85e-04
7080	21/10/2008	23:00	5.20	360.0	2.93	12.50	484.5	0.52	5.35	8.0	-28.57	438.07	0.045	0.00e+00	3.72e-04
7081	22/10/2008	00:00	3.60	360.0	2.01	11.50	266.7	0.34	6.42	8.0	-18.81	187.95	0.045	0.00e+00	3.67e-04
7082	22/10/2008	01:00	4.60	360.0	2.59	10.80	398.9	0.45	5.69	8.0	-25.08	331.55	0.045	0.00e+00	3.63e-04
7083	22/10/2008	02:00	4.50	360.0	2.53	10.30	384.9	0.44	5.75	8.0	-24.50	314.88	0.045	0.00e+00	3.60e-04
7084	22/10/2008	03:00	4.30	340.0	2.41	10.10	357.6	0.42	5.88	8.0	-23.28	283.73	0.045	0.00e+00	3.59e-04
7085	22/10/2008	04:00	4.60	350.0	2.59	10.00	398.3	0.45	5.69	8.0	-25.14	330.46	0.045	0.00e+00	3.59e-04
7086	22/10/2008	05:00	5.10	340.0	2.87	9.90	468.0	0.51	5.40	8.0	-28.20	415.48	0.045	0.00e+00	3.58e-04
7087	22/10/2008	06:00	6.10	330.0	3.44	9.40	613.6	0.62	4.94	8.0	-34.30	611.10	0.045	0.00e+00	3.56e-04
7088	22/10/2008	07:00	7.60	340.0	4.26	8.80	1177.2	0.78	4.45	8.0	-17.14	2453.22	0.018	0.00e+00	3.53e-04
7089	22/10/2008	08:00	6.00	340.0	3.36	8.60	1033.4	0.62	5.01	8.0	-7.62	2723.88	0.010	5.88e-04	3.52e-04
7090	22/10/2008	09:00	7.40	340.0	4.11	8.10	2202.4	0.76	4.54	8.0	22.47	-1754.55	-0.024	1.03e-03	3.49e-04
7091	22/10/2008	10:00	6.60	340.0	3.68	7.90	2216.7	0.68	4.80	8.0	7.23	-3852.46	-0.009	1.33e-03	3.48e-04
7092	22/10/2008	11:00	6.80	340.0	3.79	7.60	2234.0	0.70	4.73	8.0	11.45	-2666.18	-0.013	1.51e-03	3.47e-04
7093	22/10/2008	12:00	5.90	320.0	3.29	7.50	2248.4	0.61	5.08	8.0	12.90	-1562.18	-0.017	1.56e-03	3.46e-04
7094	22/10/2008	13:00	6.10	330.0	3.40	7.70	2262.6	0.63	4.99	8.0	11.39	-1947.11	-0.015	1.51e-03	3.47e-04
7095	22/10/2008	14:00	6.20	340.0	3.46	7.90	2274.5	0.64	4.95	8.0	7.23	-3203.37	-0.009	1.33e-03	3.48e-04
7096	22/10/2008	15:00	5.10	340.0	2.85	7.90	2279.4	0.53	5.45	8.0	0.79	-16320.98	-0.001	1.03e-03	3.48e-04
7097	22/10/2008	16:00	5.80	340.0	3.25	7.90	979.3	0.60	5.09	8.0	-7.61	2463.97	0.010	5.88e-04	3.48e-04
7098	22/10/2008	17:00	6.10	350.0	3.43	7.90	806.1	0.62	4.96	8.0	-17.38	1240.74	0.022	0.00e+00	3.48e-04
7099	22/10/2008	18:00	7.10	350.0	4.01	7.70	764.1	0.72	4.58	8.0	-40.46	835.27	0.045	0.00e+00	3.47e-04
7100	22/10/2008	19:00	6.50	350.0	3.67	7.40	672.0	0.66	4.78	8.0	-36.94	694.13	0.045	0.00e+00	3.46e-04
7101	22/10/2008	20:00	5.60	350.0	3.16	7.10	537.4	0.56	5.16	8.0	-31.53	503.84	0.045	0.00e+00	3.44e-04
7102	22/10/2008	21:00	5.90	340.0	3.31	7.00	524.8	0.59	5.03	7.0	-40.67	445.39	0.056	0.00e+00	3.44e-04
7103	22/10/2008	22:00	5.50	340.0	3.08	6.90	470.5	0.54	5.21	7.0	-37.66	381.46	0.056	0.00e+00	3.43e-04
7104	22/10/2008	23:00	4.20	350.0	2.34	6.90	303.4	0.40	5.96	7.0	-27.64	205.52	0.056	0.00e+00	3.43e-04
7105	23/10/2008	00:00	4.70	360.0	2.64	6.90	409.8	0.46	5.63	8.0	-26.02	342.41	0.045	0.00e+00	3.43e-04
7106	23/10/2008	01:00	5.00	350.0	2.81	6.80	451.4	0.50	5.46	8.0	-27.88	392.77	0.045	0.00e+00	3.43e-04
7107	23/10/2008	02:00	5.80	350.0	3.27	6.60	566.2	0.59	5.07	8.0	-32.80	542.43	0.045	0.00e+00	3.42e-04
7108	23/10/2008	03:00	5.10	350.0	2.87	6.50	465.2	0.51	5.40	8.0	-28.52	409.81	0.045	0.00e+00	3.41e-04
7109	23/10/2008	04:00	5.50	360.0	3.10	6.20	522.1	0.55	5.20	8.0	-31.01	482.80	0.045	0.00e+00	3.40e-04
7110	23/10/2008	05:00	5.30	360.0	2.99	6.10	493.3	0.53	5.30	8.0	-29.79	445.18	0.045	0.00e+00	3.39e-04
7111	23/10/2008	06:00	5.20	360.0	2.93	6.00	478.9	0.52	5.35	8.0	-29.19	426.82	0.045	0.00e+00	3.39e-04
7112	23/10/2008	07:00	5.10	340.0	2.87	5.80	802.8	0.52	5.43	8.0	-7.33	1732.04	0.011	0.00e+00	3.38e-04
7113	23/10/2008	08:00	3.90	350.0	2.18	5.80	1176.6	0.41	6.24	8.0	8.19	-733.79	-0.016	5.72e-04	3.38e-04
7114	23/10/2008	09:00	2.80	340.0	1.55	6.10	1202.3	0.31	7.45	8.0	21.58	-121.89	-0.056	1.02e-03	3.39e-04
7115	23/10/2008	10:00	1.80	340.0	1.01	6.30	1236.0	0.23	9.26	8.0	31.81	-34.01	-0.111	1.32e-03	3.40e-04
7116	23/10/2008	11:00	1.90	330.0	1.08	6.90	1275.3	0.25	8.96	8.0	38.24	-34.19	-0.125	1.50e-03	3.43e-04
7117	23/10/2008	12:00	1.90	340.0	1.09	8.20	1315.8	0.25	8.93	8.0	40.49	-33.34	-0.132	1.55e-03	3.50e-04
7118	23/10/2008	13:00	3.80	310.0	2.11	8.30	1398.6	0.43	6.39	7.0	82.41	-87.15	-0.154	3.13e-03	3.50e-04
7119	23/10/2008	14:00	3.60	310.0	1.99	9.50	1464.2	0.41	6.57	7.0	69.02	-87.81	-0.137	2.77e-03	3.56e-04
7120	23/10/2008	15:00	2.80	310.0	1.55	8.60	1507.4	0.33	7.46	7.0	48.31	-64.34	-0.119	2.13e-03	3.52e-04
7121	23/10/2008	16:00	1.80	290.0	1.00	8.50	1525.5	0.22	9.35	7.0	21.08	-43.66	-0.078	1.20e-03	3.51e-04
7122	23/10/2008	17:00	1.80	10.0	1.00	7.90	124.1	0.16	9.05	7.0	-7.48	90.00	0.039	0.00e+00	3.48e-04
7123	23/10/2008	18:00	1.40	330.0	1.00	8.20	107.7	0.12	10.21	8.0	-3.95	90.00	0.026	0.00e+00	3.50e-04
7124	23/10/2008	19:00	1.00	340.0	1.00	8.50	88.9	0.09	11.99	8.0	-1.70	90.00	0.016	0.00e+00	3.51e-04
7125	23/10/2008	20:00	1.00	340.0	1.00	8.70	88.9	0.09	11.99	8.0	-1.70	90.00	0.016	0.00e+00	3.52e-04
7126	23/10/2008	21:00	1.00	220.0	1.00	8.70	88.9	0.09	11.99	8.0	-1.70	90.00	0.016	0.00e+00	3.52e-04
7127	23/10/2008	22:00	1.30	190.0	1.00	8.50	103.3	0.11	10.58	8.0	-3.27	90.00	0.023	0.00e+00	3.51e-04
7128	23/10/2008	23:00	1.00	190.0	1.00	6.90	88.9	0.09	11.99	8.0	-1.70	90.00	0.015	0.00e+00	3.43e-04
7129	24/10/2008	00:00	1.00	150.0	1.00	5.80	88.9	0.09	11.99	8.0	-1.70	90.00	0.015	0.00e+00	3.38e-04
7130	24/10/2008	01:00	1.00	0.0	1.00	5.30	88.9	0.09	11.99	7.0	-1.70	90.00	0.015	0.00e+00	3.35e-04
7131	24/10/2008	02:00	1.00	0.0	1.00	4.90	88.9	0.09	11.99	7.0	-1.70	90.00	0.015	0.00e+00	3.33e-04
7132	24/10/2008	03:00	1.00	0.0	1.00	5.20	88.9	0.09	11.99	7.0	-1.70	90.00	0.015	0.00e+00	3.35e-04
7133	24/10/2008	04:00	1.00	0.0	1.00	6.00	88.9	0.09	11.99	7.0	-1.70	90.00	0.015	0.00e+00	3.39e-04
7134	24/10/2008	05:00	1.00	0.0	1.00	6.50	88.9	0.09	11.99	7.0	-1.70	90.00	0.015	0.00e+00	3.41e-04
7135	24/10/2008	06:00	1.00	0.0	1.00	6.90	88.9	0.09	11.99	7.0	-1.70	90.00	0.015	0.00e+00	3.43e-04
7136	24/10/2008	07:00	1.00	30.0	1.00	7.30	88.9	0.09	11.99	6.0	-1.70	90.00	0.015	0.00e+00	3.45e-04
7137	24/10/2008	08:00	1.00	0.0	1.00	8.20	488.4	0.17	11.49	6.0	27.31	-15.74	-0.130	1.60e-03	3.50e-04
7138	24/10/2008	09:00	1.00	0.0	1.00	9.40	655.9	0.19	11.40	5.0	74.88	-8.55	-0.314	3.41e-03	3.56e-04
7139	24/10/2008	10:00	1.00	320.0	1.00	10.20	839.7	0.20	11.45	5.0	107.96	-6.72	-0.436	4.44e-03	3.60e-04
7140	24/10/2008	11:00	1.70	350.0	1.13	12.00	1030.4	0.29	8.80	4.0	137.66	-15.57	-0.390	5.51e-03	3.69e-04
7141	24/10/2008	12:00	1.70	50.0	1.12	12.90	1198.1	0.29	8.80	4.0	144.58	-15.05	-0.409	5.72e-03	3.74e-04
7142	24/10/2008	13:00	1.60	30.0	1.06	13.70	1337.0	0.28	9.07	4.0	136.36	-13.93	-0.404	5.51e-03	3.78e-04
7143	24/10/2008	14:00	2.40	10.0	1.52	14.40	1437.9	0.34	7.56	5.0	105.92	-34.24	-0.254	4.44e-03	3.82e-04
7144	24/10/2008	15:00	2.70	360.0	1.52	14.50	1496.2	0.33	7.54	6.0	64.06	-49.73	-0.160	2.88e-03	3.82e-04
7145	24/10/2008	16:00	3.30	360.0	1.82	14.00	1523.8	0.36	6.85	6.0	28.68	-145.51	-0.065	1.60e-03	3.80e-04
7146	24/10/2008	17:00	2.90	350.0	1.61	12.80	188.0	0.26	7.14	6.0	-13.35	118.59	0.042	0.00e+00	3.73e-04
7147	24/10/2008	18:00	2.80	330.0	1.52	11.90	158.3	0.24	7.31	6.0	-18.82	90.00	0.065	0.00e+00	3.69e-04
7148	24/10/2008	19:00	2.50	330.0	1.37	11.40	148.8	0.21	7.72	6.0	-16.91	90.00	0.065	0.00e+00	3.66e-04
7149	24/10/2008	20:00	1.00	50.0	1.00	11.40	88.9	0.09	11.99	6.0	-1.70	90.00	0.016	0.00e+00	3.66e-04
7150	24/10/2008	21:00	1.00	350.0	1.00	11.50	88.9	0.09	11.99	6.0	-1.70	90.00	0.016	0.00e+00	3.67e-04
7151	24/10/2008	22:00	1.50	10.0	1.00	11.50	112.0	0.13	9.88	6.0	-4.70	90.00	0.029	0.00e+00	3.67e-04
7152	24/10/2008	23:00	2.50	360.0	1.37	11.30	148.8	0.21	7.72	6.0	-16.91	90.00	0.065	0.00e+00	3.66e-04
7153	25/10/2008	00:00	2.90	360.0	1.58	11.00	161.3	0.25	7.19	6.0	-19.53	90.00	0.065	0.00e+00	3.64e-04
7154	25/10/2008	01:00	3.40	330.0	1.84	10.70	180.2	0.29	6.65	6.0	-23.02	93.96	0.065	0.00e+00	3.62e-04
7155	25/10/2008	02:00	2.90	320.0	1.58	9.90	161.3	0.25	7.19	6.0	-19.61	90.00	0.065	0.00e+00	3.58e-04
7156	25/10/2008	03:00	3.00	310.0	1.63	9.40	164.3	0.25	7.07	6.0	-20.30	90.00	0.065	0.00e+00	3.56e-04
7157	25/10/2008	04:00	3.90	340.0	2.16	9.70	243.7	0.36	6.18	6.0	-28.53	142.82	0.065	0.00e+00	3.57e-04
7158	25/10/2008	05:00	2.40	10.0	1.31	8.50	145.5	0.21	7.88	5.0	-15.65	90.00	0.062	0.00e+00	3.51e-04
7159	25/10/2008	06:00	1.00	20.0	1.00	7.70	88.9	0.09	11.99	4.0	-1.70	90.00	0.015	0.00e+00	3.47e-04
7160	25/10/2008	07:00	2.20	340.0	1.21	8.20	138.7	0.19	8.21	2.0	-12.51	90.00	0.054	0.00e+00	3.50e-04
7161	25/10/2008	08:00	3.10	10.0	1.71	9.70	979.8	0.34	7.07	1.0	24.19	-143.50	-0.058	2.17e-03	3.57e-04
7162	25/10/2008	09:00	4.10	30.0	2.27	9.30	1317.1	0.46	6.16	1.0	75.53	-111.63	-0.134	3.96e-03	3.55e-04
7163	25/10/2008	10:00	3.00	50.0	1.78	10.10	1426.9	0.39	6.97	1.0	114.52	-46.03	-0.239	5.18e-03	3.59e-04
7164	25/10/2008	11:00	3.20	40.0	1.93	11.00	1549.4	0.42	6.70	1.0	138.41	-47.57	-0.269	5.88e-03	3.64e-04
7165	25/10/2008	12:00	2.30	60.0	1.52	12.50	1664.4	0.35	7.56	0.0	142.25	-27.86	-0.329	6.11e-03	3.72e-04
7166	25/10/2008	13:00	1.70	70.0	1.13	13.30	1764.5	0.29	8.79	0.0	133.45	-15.91	-0.381	5.88e-03	3.76e-04
7167	25/10/2008	14:00	3.90	40.0	2.18	13.60	1846.3	0.45	6.28	0.0	109.39	-75.64	-0.199	5.18e-03	3.78e-04
7168	25/10/2008	15:00	2.90	30.0	1.63	13.70	1896.9	0.35	7.28	0.0	71.45	-53.68	-0.168	3.96e-03	3.78e-04
7169	25/10/2008	16:00	3.70	40.0	2.05	12.90	1914.2	0.40	6.45	0.0	21.79	-251.81	-0.045	2.17e-03	3.74e-04
7170	25/10/2008	17:00	1.60	60.0	1.00	11.10	116.2	0.14	9.57	1.0	-5.54	90.00	0.033	0.00e+00	3.65e-04
7171	25/10/2008	18:00	1.30	50.0	1.00	10.00	103.3	0.11	10.58	2.0	-3.27	90.00	0.023	0.00e+00	3.59e-04
7172	25/10/2008	19:00	1.00	0.0	1.00	8.40	88.9	0.09	11.99	2.0	-1.70	90.00	0.016	0.00e+00	3.51e-04
7173	25/10/2008	20:00	1.00	150.0	1.00	7.40	88.9	0.09	11.99	3.0	-1.70	90.00	0.015	0.00e+00	3.46e-04
7174	25/10/2008	21:00	1.00	0.0	1.00	6.40	88.9	0.09	11.99	4.0	-1.70	90.00	0.015	0.00e+00	3.41e-04
7175	25/10/2008	22:00	1.00	160.0	1.00	6.20	88.9	0.09	11.99	4.0	-1.70	90.00	0.015	0.00e+00	3.40e-04
7176	25/10/2008	23:00	1.00	0.0	1.00	5.60	88.9	0.09	11.99	5.0	-1.70	90.00	0.015	0.00e+00	3.37e-04
7177	26/10/2008	00:00	1.00	110.0	1.00	5.40	88.9	0.09	11.99	6.0	-1.70	90.00	0.015	0.00e+00	3.36e-04
7178	26/10/2008	01:00	1.10	130.0	1.00	4.90	93.9	0.10	11.46	6.0	-2.15	90.00	0.018	0.00e+00	3.33e-04
7179	26/10/2008	02:00	1.00	40.0	1.00	4.70	88.9	0.09	11.99	7.0	-1.70	90.00	0.015	0.00e+00	3.32e-04
7180	26/10/2008	03:00	1.40	350.0	1.00	3.90	107.7	0.12	10.21	8.0	-3.95	90.00	0.026	0.00e+00	3.28e-04
7181	26/10/2008	04:00	1.70	360.0	1.00	3.60	120.2	0.15	9.30	9.0	-6.13	90.00	0.033	-0.00e+00	3.27e-04
7182	26/10/2008	05:00	1.00	0.0	1.00	3.10	88.9	0.09	11.99	1.0	-1.70	90.00	0.015	0.00e+00	3.24e-04
7183	26/10/2008	06:00	1.50	360.0	1.00	3.00	112.0	0.13	9.88	1.0	-4.70	90.00	0.029	0.00e+00	3.24e-04
7184	26/10/2008	07:00	1.00	50.0	1.00	3.00	88.9	0.09	11.99	1.0	-1.70	90.00	0.015	0.00e+00	3.24e-04
7185	26/10/2008	08:00	1.40	80.0	1.00	4.30	535.9	0.19	10.50	1.0	21.38	-26.56	-0.092	2.10e-03	3.30e-04
7186	26/10/2008	09:00	1.90	330.0	1.22	5.90	823.2	0.29	8.44	1.0	74.71	-27.56	-0.210	3.90e-03	3.38e-04
7187	26/10/2008	10:00	1.20	350.0	1.00	7.90	983.0	0.23	10.46	1.0	114.11	-9.08	-0.406	5.12e-03	3.48e-04
7188	26/10/2008	11:00	1.60	330.0	1.06	10.80	1147.8	0.28	9.07	1.0	136.81	-13.90	-0.402	5.83e-03	3.63e-04
7189	26/10/2008	12:00	1.20	340.0	1.00	12.80	1298.0	0.23	10.49	1.0	143.45	-7.80	-0.506	6.06e-03	3.73e-04
7190	26/10/2008	13:00	1.70	350.0	1.13	14.70	1427.6	0.29	8.80	3.0	136.25	-15.68	-0.390	5.68e-03	3.83e-04
7191	26/10/2008	14:00	1.20	50.0	1.00	16.30	1505.7	0.22	10.43	6.0	88.25	-10.79	-0.332	3.68e-03	3.92e-04
7192	26/10/2008	15:00	1.00	80.0	1.00	16.60	1558.0	0.19	11.38	6.0	61.75	-9.72	-0.272	2.80e-03	3.93e-04
7193	26/10/2008	16:00	1.30	80.0	1.00	15.50	1580.4	0.19	10.56	6.0	26.91	-22.16	-0.118	1.51e-03	3.88e-04
7194	26/10/2008	17:00	1.00	70.0	1.00	12.60	88.9	0.09	11.99	6.0	-1.70	90.00	0.016	0.00e+00	3.72e-04
7195	26/10/2008	18:00	1.00	150.0	1.00	10.70	88.9	0.09	11.99	6.0	-1.70	90.00	0.016	0.00e+00	3.62e-04
7196	26/10/2008	19:00	1.00	0.0	1.00	9.70	88.9	0.09	11.99	6.0	-1.70	90.00	0.016	0.00e+00	3.57e-04
7197	26/10/2008	20:00	1.50	170.0	1.00	9.20	112.0	0.13	9.88	6.0	-4.70	90.00	0.029	0.00e+00	3.55e-04
7198	26/10/2008	21:00	1.00	150.0	1.00	8.10	88.9	0.09	11.99	6.0	-1.70	90.00	0.016	0.00e+00	3.49e-04
7199	26/10/2008	22:00	1.20	160.0	1.00	7.50	98.7	0.11	10.99	6.0	-2.68	90.00	0.020	0.00e+00	3.46e-04
7200	26/10/2008	23:00	1.00	140.0	1.00	6.50	88.9	0.09	11.99	7.0	-1.70	90.00	0.015	0.00e+00	3.41e-04
7201	27/10/2008	00:00	1.00	0.0	1.00	6.00	88.9	0.09	11.99	7.0	-1.70	90.00	0.015	0.00e+00	3.39e-04
7202	27/10/2008	01:00	1.00	190.0	1.00	5.90	88.9	0.09	11.99	7.0	-1.70	90.00	0.015	0.00e+00	3.38e-04
7203	27/10/2008	02:00	1.00	0.0	1.00	5.80	88.9	0.09	11.99	7.0	-1.70	90.00	0.015	0.00e+00	3.38e-04
7204	27/10/2008	03:00	1.20	130.0	1.00	5.70	98.7	0.11	10.99	7.0	-2.68	90.00	0.020	0.00e+00	3.37e-04
7205	27/10/2008	04:00	1.00	100.0	1.00	5.70	88.9	0.09	11.99	7.0	-1.70	90.00	0.015	0.00e+00	3.37e-04
7206	27/10/2008	05:00	1.00	0.0	1.00	6.60	88.9	0.09	11.99	7.0	-1.70	90.00	0.015	0.00e+00	3.42e-04
7207	27/10/2008	06:00	1.10	180.0	1.00	7.60	93.9	0.10	11.46	7.0	-2.15	90.00	0.018	0.00e+00	3.47e-04
7208	27/10/2008	07:00	4.00	200.0	2.34	9.80	442.7	0.42	5.99	7.0	-13.15	489.39	0.026	0.00e+00	3.58e-04
7209	27/10/2008	08:00	2.50	170.0	1.38	10.20	804.7	0.28	7.89	7.0	18.13	-106.06	-0.053	1.07e-03	3.60e-04
7210	27/10/2008	09:00	1.00	0.0	1.00	11.90	873.7	0.18	11.34	7.0	44.91	-12.04	-0.201	2.02e-03	3.69e-04
7211	27/10/2008	10:00	3.80	220.0	2.10	13.70	1225.9	0.42	6.40	7.0	64.90	-104.77	-0.126	2.66e-03	3.78e-04
7212	27/10/2008	11:00	5.20	180.0	2.90	13.60	1552.0	0.54	5.40	8.0	6.80	-2027.41	-0.010	1.45e-03	3.78e-04
7213	27/10/2008	12:00	3.70	220.0	2.06	13.00	1562.6	0.39	6.41	8.0	8.29	-623.99	-0.018	1.50e-03	3.74e-04
7214	27/10/2008	13:00	2.80	180.0	1.56	12.10	1570.4	0.30	7.39	8.0	7.60	-310.40	-0.021	1.45e-03	3.70e-04
7215	27/10/2008	14:00	2.20	210.0	1.23	12.10	1574.6	0.24	8.33	8.0	4.06	-285.72	-0.014	1.27e-03	3.70e-04
7216	27/10/2008	15:00	1.00	140.0	1.00	11.70	88.9	0.09	11.99	8.0	-1.47	90.00	0.014	9.62e-04	3.68e-04
7217	27/10/2008	16:00	2.90	220.0	1.69	12.00	275.1	0.29	7.01	8.0	-8.89	251.72	0.025	5.12e-04	3.69e-04
7218	27/10/2008	17:00	2.40	230.0	1.31	11.60	145.5	0.21	7.88	7.0	-13.95	90.00	0.056	0.00e+00	3.67e-04
7219	27/10/2008	18:00	3.00	180.0	1.63	11.30	164.3	0.25	7.07	6.0	-20.16	90.00	0.065	0.00e+00	3.66e-04
7220	27/10/2008	19:00	3.20	200.0	1.75	11.30	181.1	0.28	6.84	7.0	-18.88	100.46	0.056	0.00e+00	3.66e-04
7221	27/10/2008	20:00	2.50	220.0	1.37	11.70	148.8	0.21	7.72	8.0	-11.75	90.00	0.045	0.00e+00	3.68e-04
7222	27/10/2008	21:00	2.30	190.0	1.26	11.50	142.1	0.20	8.04	8.0	-10.85	90.00	0.045	0.00e+00	3.67e-04
7223	27/10/2008	22:00	2.20	210.0	1.21	11.40	138.7	0.19	8.21	8.0	-10.40	90.00	0.045	0.00e+00	3.66e-04
7224	27/10/2008	23:00	6.50	300.0	3.67	10.70	675.6	0.66	4.78	8.0	-36.53	703.05	0.045	0.00e+00	3.62e-04
7225	28/10/2008	00:00	2.80	350.0	1.53	9.80	159.7	0.24	7.31	8.0	-13.24	91.42	0.045	0.00e+00	3.58e-04
7226	28/10/2008	01:00	1.70	30.0	1.00	9.60	120.2	0.15	9.30	8.0	-6.46	90.00	0.036	0.00e+00	3.57e-04
7227	28/10/2008	02:00	1.70	70.0	1.00	9.10	120.2	0.15	9.30	8.0	-6.46	90.00	0.036	0.00e+00	3.54e-04
7228	28/10/2008	03:00	1.20	310.0	1.00	8.80	98.7	0.11	10.99	8.0	-2.68	90.00	0.021	0.00e+00	3.53e-04
7229	28/10/2008	04:00	1.10	350.0	1.00	8.70	93.9	0.10	11.46	8.0	-2.15	90.00	0.018	0.00e+00	3.52e-04
7230	28/10/2008	05:00	1.00	340.0	1.00	8.70	88.9	0.09	11.99	8.0	-1.70	90.00	0.016	0.00e+00	3.52e-04
7231	28/10/2008	06:00	1.00	0.0	1.00	8.50	88.9	0.09	11.99	8.0	-1.70	90.00	0.016	0.00e+00	3.51e-04
7232	28/10/2008	07:00	1.00	270.0	1.00	8.40	88.9	0.09	11.99	8.0	-1.70	90.00	0.016	0.00e+00	3.51e-04
7233	28/10/2008	08:00	1.00	0.0	1.00	8.60	88.9	0.09	11.99	8.0	-1.70	90.00	0.016	4.97e-04	3.52e-04
7234	28/10/2008	09:00	1.60	310.0	1.00	8.90	205.6	0.16	9.63	8.0	-1.09	320.82	0.006	9.48e-04	3.53e-04
7235	28/10/2008	10:00	1.00	10.0	1.00	9.20	356.1	0.12	12.66	8.0	4.99	-33.40	-0.033	1.26e-03	3.55e-04
7236	28/10/2008	11:00	1.50	30.0	1.00	9.00	508.8	0.18	10.26	8.0	8.96	-54.25	-0.041	1.43e-03	3.54e-04
7237	28/10/2008	12:00	1.70	40.0	1.00	9.30	566.6	0.20	9.62	8.0	10.12	-66.34	-0.042	1.49e-03	3.55e-04
7238	28/10/2008	13:00	2.20	20.0	1.22	9.10	698.0	0.24	8.38	8.0	8.91	-140.88	-0.030	1.43e-03	3.54e-04
7239	28/10/2008	14:00	2.00	10.0	1.11	9.10	710.3	0.22	8.76	8.0	5.03	-181.84	-0.019	1.26e-03	3.54e-04
7240	28/10/2008	15:00	2.10	360.0	1.18	9.00	337.7	0.21	8.43	8.0	-1.11	777.35	0.004	9.48e-04	3.54e-04
7241	28/10/2008	16:00	2.70	360.0	1.56	8.60	223.5	0.26	7.29	8.0	-9.18	176.70	0.028	4.97e-04	3.52e-04
7242	28/10/2008	17:00	2.40	20.0	1.31	8.40	145.5	0.21	7.88	8.0	-11.43	90.00	0.045	0.00e+00	3.51e-04
7243	28/10/2008	18:00	2.00	10.0	1.10	8.30	131.6	0.17	8.60	8.0	-9.59	90.00	0.045	0.00e+00	3.50e-04
7244	28/10/2008	19:00	3.90	340.0	2.18	8.30	303.5	0.38	6.17	8.0	-20.91	224.46	0.045	0.00e+00	3.50e-04
7245	28/10/2008	20:00	4.30	340.0	2.41	8.10	356.3	0.42	5.88	8.0	-23.43	281.37	0.045	0.00e+00	3.49e-04
7246	28/10/2008	21:00	4.70	350.0	2.64	7.90	410.5	0.46	5.63	8.0	-25.93	343.82	0.045	0.00e+00	3.48e-04
7247	28/10/2008	22:00	3.90	350.0	2.17	7.80	267.5	0.37	6.18	7.0	-25.20	172.40	0.056	0.00e+00	3.48e-04
7248	28/10/2008	23:00	5.10	350.0	2.86	7.40	418.0	0.50	5.41	7.0	-34.56	322.90	0.056	0.00e+00	3.46e-04
7249	29/10/2008	00:00	4.20	350.0	2.34	6.90	303.4	0.40	5.96	7.0	-27.64	205.52	0.056	0.00e+00	3.43e-04
7250	29/10/2008	01:00	4.00	350.0	2.24	6.50	315.5	0.39	6.10	8.0	-21.66	236.38	0.045	0.00e+00	3.41e-04
7251	29/10/2008	02:00	5.30	340.0	2.99	6.10	493.3	0.53	5.30	8.0	-29.79	445.18	0.045	0.00e+00	3.39e-04
7252	29/10/2008	03:00	4.10	350.0	2.30	5.90	328.2	0.40	6.02	8.0	-22.34	249.75	0.045	0.00e+00	3.38e-04
7253	29/10/2008	04:00	3.80	350.0	2.11	5.70	230.0	0.35	6.25	6.0	-27.92	131.07	0.065	0.00e+00	3.37e-04
7254	29/10/2008	05:00	3.40	340.0	1.90	5.60	238.2	0.32	6.60	8.0	-17.85	158.97	0.045	0.00e+00	3.37e-04
7255	29/10/2008	06:00	3.70	350.0	2.07	5.70	276.2	0.35	6.33	8.0	-19.80	195.73	0.045	0.00e+00	3.37e-04
7256	29/10/2008	07:00	4.50	340.0	2.53	5.80	381.6	0.44	5.75	8.0	-24.86	309.05	0.045	0.00e+00	3.38e-04
7257	29/10/2008	08:00	5.40	340.0	3.01	6.00	1609.3	0.56	5.30	8.0	5.76	-2672.61	-0.008	4.82e-04	3.39e-04
7258	29/10/2008	09:00	6.40	350.0	3.56	6.30	1910.3	0.66	4.88	8.0	19.02	-1352.57	-0.023	9.35e-04	3.40e-04
7259	29/10/2008	10:00	6.30	330.0	3.50	6.50	1941.0	0.65	4.92	8.0	29.15	-851.62	-0.036	1.24e-03	3.41e-04
7260	29/10/2008	11:00	6.80	340.0	3.77	6.90	2035.1	0.70	4.74	8.0	35.52	-875.80	-0.040	1.42e-03	3.43e-04
7261	29/10/2008	12:00	5.10	350.0	2.83	7.00	2063.8	0.54	5.49	8.0	37.68	-366.12	-0.056	1.48e-03	3.44e-04
7262	29/10/2008	13:00	4.30	360.0	2.40	6.90	2073.1	0.45	5.95	8.0	9.75	-820.21	-0.017	1.42e-03	3.43e-04
7263	29/10/2008	14:00	5.90	340.0	3.29	6.80	2084.6	0.61	5.07	8.0	5.67	-3523.07	-0.007	1.24e-03	3.43e-04
7264	29/10/2008	15:00	5.00	360.0	2.75	6.70	1460.3	0.51	5.54	8.0	-0.89	12842.04	0.001	9.35e-04	3.42e-04
7265	29/10/2008	16:00	5.10	350.0	2.85	6.50	1521.9	0.53	5.45	8.0	5.93	-2192.47	-0.009	4.82e-04	3.41e-04
7266	29/10/2008	17:00	4.30	340.0	2.41	6.70	355.3	0.42	5.88	8.0	-23.54	279.71	0.045	0.00e+00	3.42e-04
7267	29/10/2008	18:00	4.50	340.0	2.53	6.50	382.1	0.44	5.75	8.0	-24.81	309.96	0.045	0.00e+00	3.41e-04
7268	29/10/2008	19:00	3.50	340.0	1.96	5.90	250.9	0.33	6.51	8.0	-18.49	171.08	0.045	0.00e+00	3.38e-04
7269	29/10/2008	20:00	2.80	350.0	1.52	5.50	158.3	0.24	7.31	7.0	-16.53	90.00	0.056	0.00e+00	3.36e-04
7270	29/10/2008	21:00	1.10	10.0	1.00	5.30	93.9	0.10	11.46	8.0	-2.15	90.00	0.018	0.00e+00	3.35e-04
7271	29/10/2008	22:00	1.00	0.0	1.00	5.30	88.9	0.09	11.99	8.0	-1.70	90.00	0.015	0.00e+00	3.35e-04
7272	29/10/2008	23:00	1.40	230.0	1.00	5.30	107.7	0.12	10.21	8.0	-3.95	90.00	0.026	0.00e+00	3.35e-04
7273	30/10/2008	00:00	1.00	250.0	1.00	4.90	88.9	0.09	11.99	8.0	-1.70	90.00	0.015	0.00e+00	3.33e-04
7274	30/10/2008	01:00	1.20	130.0	1.00	4.50	98.7	0.11	10.99	8.0	-2.68	90.00	0.020	0.00e+00	3.31e-04
7275	30/10/2008	02:00	1.80	190.0	1.00	4.50	124.1	0.16	9.05	7.0	-7.48	90.00	0.038	0.00e+00	3.31e-04
7276	30/10/2008	03:00	1.10	160.0	1.00	4.50	93.9	0.10	11.46	7.0	-2.15	90.00	0.018	0.00e+00	3.31e-04
7277	30/10/2008	04:00	3.40	200.0	1.88	4.60	205.4	0.31	6.61	7.0	-21.26	118.65	0.056	0.00e+00	3.32e-04
7278	30/10/2008	05:00	4.00	180.0	2.23	4.50	277.5	0.38	6.10	7.0	-26.26	180.72	0.056	0.00e+00	3.31e-04
7279	30/10/2008	06:00	4.00	160.0	2.19	4.00	217.0	0.35	6.12	4.0	-34.93	111.63	0.079	0.00e+00	3.29e-04
7280	30/10/2008	07:00	5.30	180.0	2.94	4.10	364.3	0.51	5.32	4.0	-50.09	229.84	0.079	0.00e+00	3.29e-04
7281	30/10/2008	08:00	5.50	180.0	3.06	4.90	1650.5	0.57	5.27	6.0	19.59	-846.99	-0.027	1.34e-03	3.33e-04
7282	30/10/2008	09:00	7.50	180.0	4.16	5.60	2239.7	0.78	4.51	7.0	42.01	-987.02	-0.043	1.93e-03	3.37e-04
7283	30/10/2008	10:00	9.60	170.0	5.32	5.90	2852.7	0.99	3.99	7.0	63.21	-1355.36	-0.051	2.58e-03	3.38e-04
7284	30/10/2008	11:00	6.20	190.0	3.43	6.00	2891.0	0.65	4.99	7.0	76.51	-324.73	-0.094	2.95e-03	3.39e-04
7285	30/10/2008	12:00	8.90	180.0	4.92	5.40	2939.8	0.92	4.15	7.0	81.25	-850.89	-0.071	3.08e-03	3.36e-04
7286	30/10/2008	13:00	5.50	200.0	3.05	4.80	2957.9	0.58	5.28	8.0	34.91	-486.02	-0.048	1.41e-03	3.33e-04
7287	30/10/2008	14:00	6.20	170.0	3.43	5.10	2989.1	0.65	4.98	7.0	63.36	-387.12	-0.078	2.58e-03	3.34e-04
7288	30/10/2008	15:00	5.50	170.0	3.05	6.10	3009.9	0.58	5.28	7.0	42.02	-407.83	-0.058	1.93e-03	3.39e-04
7289	30/10/2008	16:00	7.60	170.0	4.23	6.40	3024.0	0.78	4.47	7.0	14.52	-2922.25	-0.015	9.78e-04	3.41e-04
7290	30/10/2008	17:00	7.00	170.0	3.94	6.00	678.8	0.71	4.62	7.0	-49.07	641.54	0.056	0.00e+00	3.39e-04
7291	30/10/2008	18:00	4.80	160.0	2.67	6.20	347.3	0.46	5.58	6.0	-37.15	233.31	0.065	0.00e+00	3.40e-04
7292	30/10/2008	19:00	5.20	160.0	2.90	6.50	396.5	0.51	5.36	6.0	-40.72	281.19	0.065	0.00e+00	3.41e-04
7293	30/10/2008	20:00	6.10	160.0	3.41	6.80	511.4	0.60	4.95	6.0	-48.66	402.86	0.065	0.00e+00	3.43e-04
7294	30/10/2008	21:00	6.00	170.0	3.36	7.50	499.0	0.59	4.99	6.0	-47.67	389.52	0.065	0.00e+00	3.46e-04
7295	30/10/2008	22:00	8.00	180.0	4.51	7.90	829.4	0.82	4.32	7.0	-56.15	857.20	0.056	0.00e+00	3.48e-04
7296	30/10/2008	23:00	7.70	180.0	4.34	7.90	784.2	0.78	4.40	7.0	-53.94	790.99	0.056	0.00e+00	3.48e-04
7297	31/10/2008	00:00	4.20	170.0	2.34	7.70	303.9	0.40	5.96	7.0	-27.57	206.24	0.056	0.00e+00	3.47e-04
7298	31/10/2008	01:00	4.60	140.0	2.57	6.90	353.3	0.45	5.69	7.0	-30.76	254.56	0.056	0.00e+00	3.43e-04
7299	31/10/2008	02:00	3.60	130.0	2.01	6.70	264.0	0.34	6.42	8.0	-19.09	183.98	0.045	0.00e+00	3.42e-04
7300	31/10/2008	03:00	3.30	140.0	1.84	6.30	226.1	0.31	6.70	8.0	-17.15	147.92	0.045	0.00e+00	3.40e-04
7301	31/10/2008	04:00	1.90	100.0	1.05	6.40	127.9	0.16	8.82	8.0	-8.58	90.00	0.042	0.00e+00	3.41e-04
7302	31/10/2008	05:00	3.00	140.0	1.66	7.10	187.2	0.27	7.03	8.0	-14.98	113.70	0.045	0.00e+00	3.44e-04
7303	31/10/2008	06:00	3.00	120.0	1.63	7.00	164.3	0.25	7.07	7.0	-17.58	90.00	0.056	0.00e+00	3.44e-04
7304	31/10/2008	07:00	1.40	90.0	1.00	7.10	107.7	0.12	10.21	8.0	-3.95	90.00	0.026	0.00e+00	3.44e-04
7305	31/10/2008	08:00	2.50	110.0	1.40	7.60	770.4	0.27	7.82	8.0	5.55	-303.89	-0.017	4.53e-04	3.47e-04
7306	31/10/2008	09:00	2.70	120.0	1.49	7.80	859.9	0.30	7.58	8.0	18.57	-126.35	-0.050	9.08e-04	3.48e-04
7307	31/10/2008	10:00	2.00	110.0	1.11	8.00	626.6	0.22	8.76	8.0	4.66	-194.93	-0.017	1.22e-03	3.49e-04
7308	31/10/2008	11:00	1.40	60.0	1.00	8.40	644.9	0.17	10.64	8.0	8.45	-48.35	-0.041	1.40e-03	3.51e-04
7309	31/10/2008	12:00	1.00	0.0	1.00	8.60	664.2	0.13	12.58	8.0	9.68	-21.77	-0.059	1.46e-03	3.52e-04
7310	31/10/2008	13:00	1.40	30.0	1.00	8.80	681.0	0.17	10.63	8.0	8.25	-49.24	-0.040	1.40e-03	3.53e-04
7311	31/10/2008	14:00	1.60	20.0	1.00	8.90	734.7	0.21	9.77	8.0	28.70	-29.13	-0.110	1.22e-03	3.53e-04
7312	31/10/2008	15:00	2.20	60.0	1.24	8.90	303.3	0.22	8.23	8.0	-1.86	519.63	0.007	9.08e-04	3.53e-04
7313	31/10/2008	16:00	1.50	350.0	1.00	8.70	112.0	0.13	9.88	7.0	-4.61	90.00	0.029	9.48e-04	3.52e-04
7314	31/10/2008	17:00	1.00	20.0	1.00	8.70	88.9	0.09	11.99	7.0	-1.70	90.00	0.016	0.00e+00	3.52e-04
7315	31/10/2008	18:00	1.70	10.0	1.00	8.80	120.2	0.15	9.30	7.0	-6.46	90.00	0.036	0.00e+00	3.53e-04
7316	31/10/2008	19:00	1.50	20.0	1.00	8.90	112.0	0.13	9.88	7.0	-4.70	90.00	0.029	0.00e+00	3.53e-04
7317	31/10/2008	20:00	2.00	350.0	1.10	8.80	131.6	0.17	8.60	7.0	-9.79	90.00	0.046	0.00e+00	3.53e-04
7318	31/10/2008	21:00	2.30	100.0	1.26	9.00	142.1	0.20	8.04	6.0	-14.02	90.00	0.058	0.00e+00	3.54e-04
7319	31/10/2008	22:00	3.70	110.0	2.05	8.80	220.5	0.33	6.33	6.0	-26.72	124.06	0.065	0.00e+00	3.53e-04
7320	31/10/2008	23:00	4.80	100.0	2.67	9.00	349.2	0.46	5.58	6.0	-36.82	236.14	0.065	0.00e+00	3.54e-04
