i	Date	Heure	Uext	Direct	Uh	To	h	us	sigmatheta	Cld	Fo	Lmo	thetas	k1	k3
5113	01/08/2008	00:00	3.90	200.0	2.16	25.10	234.1	0.35	6.17	5.0	-29.91	131.90	0.072	0.00e+00	4.39e-04
5114	01/08/2008	01:00	3.70	260.0	2.03	24.20	208.4	0.33	6.35	5.0	-27.69	112.07	0.072	0.00e+00	4.34e-04
5115	01/08/2008	02:00	2.70	250.0	1.47	23.60	155.2	0.23	7.44	5.0	-19.49	90.00	0.072	0.00e+00	4.30e-04
5116	01/08/2008	03:00	1.60	210.0	1.00	23.00	116.2	0.14	9.57	5.0	-5.52	90.00	0.034	0.00e+00	4.27e-04
5117	01/08/2008	04:00	2.30	350.0	1.26	22.70	142.1	0.20	8.04	5.0	-13.98	90.00	0.060	0.00e+00	4.25e-04
5118	01/08/2008	05:00	2.00	310.0	1.12	21.80	614.3	0.21	8.72	7.0	2.24	-380.17	-0.009	1.51e-04	4.20e-04
5119	01/08/2008	06:00	1.70	340.0	1.00	22.70	683.7	0.22	9.47	7.0	32.04	-30.65	-0.122	1.43e-03	4.25e-04
5120	01/08/2008	07:00	3.70	10.0	2.04	20.70	1194.8	0.41	6.48	7.0	60.86	-103.12	-0.124	2.52e-03	4.14e-04
5121	01/08/2008	08:00	5.20	50.0	2.89	19.90	1571.3	0.54	5.42	7.0	27.34	-521.98	-0.042	3.38e-03	4.10e-04
5122	01/08/2008	09:00	2.00	90.0	1.33	20.30	1663.9	0.32	8.10	7.0	112.40	-24.74	-0.301	4.01e-03	4.12e-04
5123	01/08/2008	10:00	5.50	350.0	3.04	20.40	1775.3	0.60	5.31	7.0	130.64	-147.32	-0.184	4.42e-03	4.13e-04
5124	01/08/2008	11:00	3.10	350.0	1.71	19.40	1817.0	0.36	7.09	7.0	54.38	-74.12	-0.128	4.64e-03	4.07e-04
5125	01/08/2008	12:00	5.60	300.0	3.11	18.90	1841.4	0.58	5.22	8.0	20.59	-847.42	-0.030	2.25e-03	4.05e-04
5126	01/08/2008	13:00	2.30	50.0	1.26	18.20	1856.6	0.26	8.25	8.0	20.43	-78.11	-0.065	2.22e-03	4.01e-04
5127	01/08/2008	14:00	1.80	340.0	1.00	18.30	1869.3	0.21	9.36	8.0	17.51	-49.65	-0.069	2.11e-03	4.01e-04
5128	01/08/2008	15:00	2.30	310.0	1.27	18.20	1879.0	0.26	8.22	8.0	13.13	-112.63	-0.043	1.91e-03	4.01e-04
5129	01/08/2008	16:00	2.00	360.0	1.11	18.10	1900.3	0.24	8.84	7.0	29.92	-43.15	-0.103	3.38e-03	4.00e-04
5130	01/08/2008	17:00	1.60	50.0	1.00	18.50	1900.8	0.17	9.71	8.0	0.38	-1110.83	-0.002	1.20e-03	4.02e-04
5131	01/08/2008	18:00	1.00	0.0	1.00	19.10	1921.8	0.17	11.39	7.0	30.54	-15.11	-0.148	1.43e-03	4.06e-04
5132	01/08/2008	19:00	2.10	40.0	1.18	18.60	261.5	0.21	8.41	6.0	-2.13	379.57	0.009	2.07e-04	4.03e-04
5133	01/08/2008	20:00	2.50	360.0	1.37	18.20	148.8	0.21	7.72	8.0	-11.45	90.00	0.045	0.00e+00	4.01e-04
5134	01/08/2008	21:00	3.90	80.0	2.19	17.90	309.4	0.38	6.17	8.0	-20.23	233.79	0.045	0.00e+00	3.99e-04
5135	01/08/2008	22:00	1.00	310.0	1.00	17.40	88.9	0.09	11.99	8.0	-1.70	90.00	0.016	0.00e+00	3.97e-04
5136	01/08/2008	23:00	1.00	280.0	1.00	17.60	88.9	0.09	11.99	8.0	-1.70	90.00	0.016	0.00e+00	3.98e-04
5137	02/08/2008	00:00	1.00	140.0	1.00	17.30	88.9	0.09	11.99	6.0	-1.70	90.00	0.016	0.00e+00	3.96e-04
5138	02/08/2008	01:00	1.80	110.0	1.00	16.30	124.1	0.16	9.05	6.0	-7.45	90.00	0.040	0.00e+00	3.91e-04
5139	02/08/2008	02:00	1.00	0.0	1.00	15.70	88.9	0.09	11.99	4.0	-1.70	90.00	0.016	0.00e+00	3.87e-04
5140	02/08/2008	03:00	1.00	0.0	1.00	15.20	88.9	0.09	11.99	2.0	-1.70	90.00	0.016	0.00e+00	3.85e-04
5141	02/08/2008	04:00	1.00	0.0	1.00	14.80	88.9	0.09	11.99	2.0	-1.70	90.00	0.016	0.00e+00	3.83e-04
5142	02/08/2008	05:00	1.00	0.0	1.00	15.00	88.9	0.09	11.99	2.0	-1.70	90.00	0.016	2.34e-04	3.84e-04
5143	02/08/2008	06:00	1.40	180.0	1.00	15.90	629.1	0.22	9.85	2.0	42.36	-21.63	-0.162	2.67e-03	3.89e-04
5144	02/08/2008	07:00	1.20	170.0	1.00	18.10	813.4	0.22	10.44	2.0	100.58	-9.86	-0.377	4.75e-03	4.00e-04
5145	02/08/2008	08:00	1.30	80.0	1.00	20.00	1032.3	0.25	10.08	2.0	152.97	-8.66	-0.524	6.39e-03	4.11e-04
5146	02/08/2008	09:00	1.00	20.0	1.00	21.70	1258.7	0.22	11.53	2.0	196.56	-4.56	-0.771	7.58e-03	4.20e-04
5147	02/08/2008	10:00	1.20	360.0	1.00	22.60	1480.6	0.25	10.54	2.0	229.71	-5.73	-0.795	8.36e-03	4.25e-04
5148	02/08/2008	11:00	1.10	210.0	1.00	24.20	1680.5	0.23	11.02	4.0	237.84	-4.79	-0.869	8.22e-03	4.34e-04
5149	02/08/2008	12:00	1.10	240.0	1.00	25.30	1863.4	0.23	11.02	4.0	243.18	-4.72	-0.889	8.34e-03	4.40e-04
5150	02/08/2008	13:00	1.20	170.0	1.00	25.40	2013.5	0.24	10.54	5.0	218.26	-5.92	-0.768	7.51e-03	4.40e-04
5151	02/08/2008	14:00	2.50	50.0	1.64	26.00	2153.9	0.39	7.28	4.0	216.25	-24.45	-0.476	7.82e-03	4.44e-04
5152	02/08/2008	15:00	1.70	100.0	1.12	26.20	2270.1	0.30	8.83	3.0	191.36	-12.39	-0.551	7.43e-03	4.45e-04
5153	02/08/2008	16:00	2.00	30.0	1.32	26.50	2357.1	0.32	8.11	3.0	149.07	-20.29	-0.396	6.26e-03	4.46e-04
5154	02/08/2008	17:00	3.50	360.0	1.97	26.10	2414.9	0.42	6.62	3.0	100.08	-63.79	-0.207	4.65e-03	4.44e-04
5155	02/08/2008	18:00	2.90	10.0	1.60	25.60	2441.8	0.34	7.33	3.0	47.12	-70.73	-0.121	2.62e-03	4.41e-04
5156	02/08/2008	19:00	1.60	40.0	1.00	24.60	116.2	0.14	9.57	3.0	-5.52	90.00	0.034	2.29e-04	4.36e-04
5157	02/08/2008	20:00	1.90	50.0	1.05	23.70	127.9	0.16	8.82	2.0	-8.56	90.00	0.045	0.00e+00	4.31e-04
5158	02/08/2008	21:00	1.00	30.0	1.00	23.00	88.9	0.09	11.99	2.0	-1.70	90.00	0.016	0.00e+00	4.27e-04
5159	02/08/2008	22:00	1.00	0.0	1.00	22.60	88.9	0.09	11.99	2.0	-1.70	90.00	0.016	0.00e+00	4.25e-04
5160	02/08/2008	23:00	1.00	150.0	1.00	22.00	88.9	0.09	11.99	2.0	-1.70	90.00	0.016	0.00e+00	4.21e-04
5161	03/08/2008	00:00	1.00	0.0	1.00	20.70	88.9	0.09	11.99	2.0	-1.70	90.00	0.016	0.00e+00	4.14e-04
5162	03/08/2008	01:00	1.00	0.0	1.00	20.00	88.9	0.09	11.99	1.0	-1.70	90.00	0.016	0.00e+00	4.11e-04
5163	03/08/2008	02:00	1.80	100.0	1.00	19.60	124.1	0.16	9.05	1.0	-7.45	90.00	0.040	0.00e+00	4.08e-04
5164	03/08/2008	03:00	1.00	240.0	1.00	18.60	88.9	0.09	11.99	1.0	-1.70	90.00	0.016	0.00e+00	4.03e-04
5165	03/08/2008	04:00	1.00	160.0	1.00	17.90	88.9	0.09	11.99	1.0	-1.70	90.00	0.016	0.00e+00	3.99e-04
5166	03/08/2008	05:00	1.00	0.0	1.00	17.70	88.9	0.09	11.99	2.0	-1.70	90.00	0.016	1.80e-04	3.98e-04
5167	03/08/2008	06:00	1.00	0.0	1.00	20.30	524.1	0.18	11.33	2.0	42.37	-12.50	-0.197	2.63e-03	4.12e-04
5168	03/08/2008	07:00	1.00	360.0	1.00	22.20	729.6	0.20	11.44	1.0	96.39	-7.22	-0.412	4.74e-03	4.23e-04
5169	03/08/2008	08:00	1.70	20.0	1.12	23.50	968.4	0.29	8.81	2.0	149.91	-14.65	-0.439	6.36e-03	4.30e-04
5170	03/08/2008	09:00	1.40	350.0	1.00	24.70	1205.0	0.26	9.74	3.0	191.76	-8.56	-0.621	7.41e-03	4.36e-04
5171	03/08/2008	10:00	1.60	340.0	1.05	25.50	1425.7	0.29	9.12	4.0	216.04	-10.16	-0.637	7.81e-03	4.41e-04
5172	03/08/2008	11:00	1.90	10.0	1.24	26.10	1632.7	0.33	8.37	4.0	234.92	-13.35	-0.616	8.21e-03	4.44e-04
5173	03/08/2008	12:00	3.20	330.0	2.09	26.30	1830.9	0.47	6.44	3.0	250.18	-36.68	-0.459	8.73e-03	4.45e-04
5174	03/08/2008	13:00	1.70	10.0	1.11	27.20	2002.6	0.31	8.86	2.0	244.45	-10.49	-0.688	8.78e-03	4.50e-04
5175	03/08/2008	14:00	3.20	30.0	2.07	27.80	2149.5	0.46	6.46	1.0	221.81	-39.44	-0.416	8.40e-03	4.54e-04
5176	03/08/2008	15:00	1.70	30.0	1.12	27.70	2265.0	0.30	8.83	1.0	189.03	-12.49	-0.548	7.61e-03	4.53e-04
5177	03/08/2008	16:00	3.10	30.0	1.91	27.70	2352.2	0.42	6.74	1.0	146.18	-44.55	-0.302	6.40e-03	4.53e-04
5178	03/08/2008	17:00	2.80	40.0	1.65	27.60	2407.8	0.36	7.24	1.0	96.28	-43.95	-0.230	4.74e-03	4.53e-04
5179	03/08/2008	18:00	2.80	60.0	1.55	27.00	2432.3	0.32	7.47	1.0	42.39	-70.59	-0.113	2.65e-03	4.49e-04
5180	03/08/2008	19:00	2.30	90.0	1.26	25.70	142.1	0.20	8.04	2.0	-9.72	90.00	0.042	1.80e-04	4.42e-04
5181	03/08/2008	20:00	1.50	110.0	1.00	23.90	112.0	0.13	9.88	2.0	-4.69	90.00	0.031	0.00e+00	4.32e-04
5182	03/08/2008	21:00	1.00	130.0	1.00	22.70	88.9	0.09	11.99	2.0	-1.70	90.00	0.016	0.00e+00	4.25e-04
5183	03/08/2008	22:00	1.40	170.0	1.00	21.70	107.7	0.12	10.21	2.0	-3.94	90.00	0.027	0.00e+00	4.20e-04
5184	03/08/2008	23:00	1.00	140.0	1.00	21.30	88.9	0.09	11.99	2.0	-1.70	90.00	0.016	0.00e+00	4.18e-04
5185	04/08/2008	00:00	1.60	140.0	1.00	20.40	116.2	0.14	9.57	3.0	-5.52	90.00	0.034	0.00e+00	4.13e-04
5186	04/08/2008	01:00	1.00	0.0	1.00	19.40	88.9	0.09	11.99	3.0	-1.70	90.00	0.016	0.00e+00	4.07e-04
5187	04/08/2008	02:00	1.00	320.0	1.00	19.20	88.9	0.09	11.99	3.0	-1.70	90.00	0.016	0.00e+00	4.06e-04
5188	04/08/2008	03:00	1.00	170.0	1.00	19.10	88.9	0.09	11.99	3.0	-1.70	90.00	0.016	0.00e+00	4.06e-04
5189	04/08/2008	04:00	1.00	40.0	1.00	19.00	88.9	0.09	11.99	3.0	-1.70	90.00	0.016	0.00e+00	4.05e-04
5190	04/08/2008	05:00	1.00	50.0	1.00	18.70	88.9	0.09	11.99	3.0	-1.70	90.00	0.016	1.22e-04	4.03e-04
5191	04/08/2008	06:00	1.00	0.0	1.00	20.40	525.9	0.18	11.33	4.0	43.72	-12.24	-0.203	2.42e-03	4.13e-04
5192	04/08/2008	07:00	1.40	20.0	1.00	21.70	736.9	0.25	9.66	3.0	98.56	-13.41	-0.340	4.58e-03	4.20e-04
5193	04/08/2008	08:00	2.10	10.0	1.39	22.80	958.7	0.33	7.91	5.0	134.50	-24.10	-0.345	5.41e-03	4.26e-04
5194	04/08/2008	09:00	2.30	20.0	1.52	24.50	1150.5	0.36	7.56	6.0	147.26	-27.21	-0.354	5.45e-03	4.35e-04
5195	04/08/2008	10:00	2.10	30.0	1.38	26.00	1365.1	0.34	7.94	5.0	198.61	-18.26	-0.496	7.12e-03	4.44e-04
5196	04/08/2008	11:00	1.10	100.0	1.00	27.10	1577.8	0.23	11.01	4.0	233.16	-4.85	-0.862	8.19e-03	4.50e-04
5197	04/08/2008	12:00	1.60	150.0	1.05	27.70	1770.4	0.29	9.13	4.0	239.11	-9.50	-0.702	8.32e-03	4.53e-04
5198	04/08/2008	13:00	1.70	130.0	1.11	28.60	1939.6	0.31	8.85	4.0	231.68	-10.88	-0.659	8.19e-03	4.58e-04
5199	04/08/2008	14:00	1.80	70.0	1.18	29.10	2072.4	0.31	8.58	5.0	196.36	-13.59	-0.549	7.12e-03	4.61e-04
5200	04/08/2008	15:00	2.20	340.0	1.43	28.90	2143.7	0.33	7.78	7.0	109.81	-29.55	-0.287	3.98e-03	4.60e-04
5201	04/08/2008	16:00	2.50	40.0	1.50	28.50	2199.1	0.34	7.59	7.0	87.46	-38.56	-0.226	3.34e-03	4.58e-04
5202	04/08/2008	17:00	4.30	10.0	2.37	27.40	2239.4	0.47	6.01	7.0	61.03	-149.70	-0.113	2.47e-03	4.52e-04
5203	04/08/2008	18:00	5.30	10.0	2.94	26.30	2264.0	0.56	5.38	7.0	32.24	-470.92	-0.050	1.36e-03	4.45e-04
5204	04/08/2008	19:00	2.90	20.0	1.62	25.20	2266.7	0.30	7.23	7.0	2.96	-834.73	-0.008	6.59e-05	4.39e-04
5205	04/08/2008	20:00	3.20	350.0	1.76	24.60	189.4	0.28	6.82	7.0	-18.30	108.94	0.056	0.00e+00	4.36e-04
5206	04/08/2008	21:00	3.50	360.0	1.95	23.40	228.0	0.32	6.51	7.0	-20.94	140.89	0.056	0.00e+00	4.29e-04
5207	04/08/2008	22:00	1.30	360.0	1.00	23.10	103.3	0.11	10.58	7.0	-3.26	90.00	0.024	0.00e+00	4.28e-04
5208	04/08/2008	23:00	2.30	350.0	1.26	22.80	142.1	0.20	8.04	6.0	-13.98	90.00	0.060	0.00e+00	4.26e-04
5209	05/08/2008	00:00	1.00	0.0	1.00	22.30	88.9	0.09	11.99	6.0	-1.70	90.00	0.016	0.00e+00	4.23e-04
5210	05/08/2008	01:00	1.00	20.0	1.00	22.20	88.9	0.09	11.99	7.0	-1.70	90.00	0.016	0.00e+00	4.23e-04
5211	05/08/2008	02:00	1.10	70.0	1.00	22.20	93.9	0.10	11.46	7.0	-2.14	90.00	0.019	0.00e+00	4.23e-04
5212	05/08/2008	03:00	1.00	100.0	1.00	20.80	88.9	0.09	11.99	7.0	-1.70	90.00	0.016	0.00e+00	4.15e-04
5213	05/08/2008	04:00	1.20	340.0	1.00	21.20	98.7	0.11	10.99	7.0	-2.67	90.00	0.021	0.00e+00	4.17e-04
5214	05/08/2008	05:00	2.00	340.0	1.10	21.40	131.6	0.17	8.60	5.0	-6.59	90.00	0.032	5.86e-05	4.18e-04
5215	05/08/2008	06:00	1.90	10.0	1.09	22.20	716.8	0.25	8.93	2.0	40.83	-33.18	-0.140	2.54e-03	4.23e-04
5216	05/08/2008	07:00	2.80	10.0	1.64	23.30	1043.2	0.36	7.26	1.0	94.29	-44.30	-0.223	4.67e-03	4.29e-04
5217	05/08/2008	08:00	3.10	20.0	1.91	23.70	1224.7	0.42	6.73	3.0	147.72	-44.39	-0.301	6.18e-03	4.31e-04
5218	05/08/2008	09:00	2.60	20.0	1.71	24.90	1415.4	0.40	7.13	4.0	183.82	-29.84	-0.399	7.03e-03	4.37e-04
5219	05/08/2008	10:00	2.50	20.0	1.64	25.20	1608.5	0.39	7.28	4.0	214.88	-24.56	-0.472	7.78e-03	4.39e-04
5220	05/08/2008	11:00	2.40	310.0	1.57	26.00	1800.9	0.38	7.44	3.0	242.13	-20.75	-0.543	8.57e-03	4.44e-04
5221	05/08/2008	12:00	2.50	330.0	1.63	27.10	1978.9	0.40	7.29	3.0	247.80	-22.17	-0.541	8.70e-03	4.50e-04
5222	05/08/2008	13:00	3.00	20.0	1.96	27.80	2122.2	0.44	6.65	5.0	214.15	-35.76	-0.419	7.47e-03	4.54e-04
5223	05/08/2008	14:00	3.60	20.0	2.25	27.50	2256.2	0.49	6.20	4.0	212.75	-48.71	-0.376	7.78e-03	4.52e-04
5224	05/08/2008	15:00	3.20	20.0	1.95	27.30	2343.4	0.43	6.67	6.0	145.55	-46.75	-0.296	5.44e-03	4.51e-04
5225	05/08/2008	16:00	3.90	10.0	2.19	27.20	2410.5	0.46	6.28	6.0	114.58	-73.24	-0.217	4.56e-03	4.50e-04
5226	05/08/2008	17:00	2.90	10.0	1.67	26.70	2461.1	0.36	7.19	5.0	89.58	-47.72	-0.212	3.97e-03	4.48e-04
5227	05/08/2008	18:00	3.40	20.0	1.88	26.40	2486.0	0.38	6.77	5.0	43.49	-110.05	-0.099	2.17e-03	4.46e-04
5228	05/08/2008	19:00	1.90	10.0	1.05	24.90	127.9	0.16	8.82	4.0	-6.78	90.00	0.036	6.42e-05	4.37e-04
5229	05/08/2008	20:00	1.40	350.0	1.00	24.00	107.7	0.12	10.21	4.0	-3.94	90.00	0.028	0.00e+00	4.32e-04
5230	05/08/2008	21:00	2.00	320.0	1.10	23.20	131.6	0.17	8.60	3.0	-9.76	90.00	0.048	0.00e+00	4.28e-04
5231	05/08/2008	22:00	1.20	340.0	1.00	22.50	98.7	0.11	10.99	3.0	-2.67	90.00	0.022	0.00e+00	4.24e-04
5232	05/08/2008	23:00	1.00	330.0	1.00	21.40	88.9	0.09	11.99	2.0	-1.70	90.00	0.016	0.00e+00	4.18e-04
5233	06/08/2008	00:00	1.00	180.0	1.00	20.00	88.9	0.09	11.99	2.0	-1.70	90.00	0.016	0.00e+00	4.11e-04
5234	06/08/2008	01:00	1.00	0.0	1.00	19.00	88.9	0.09	11.99	1.0	-1.70	90.00	0.016	0.00e+00	4.05e-04
5235	06/08/2008	02:00	2.00	200.0	1.10	19.40	131.6	0.17	8.60	1.0	-9.76	90.00	0.048	0.00e+00	4.07e-04
5236	06/08/2008	03:00	1.00	170.0	1.00	18.80	88.9	0.09	11.99	1.0	-1.70	90.00	0.016	0.00e+00	4.04e-04
5237	06/08/2008	04:00	1.00	130.0	1.00	18.00	88.9	0.09	11.99	1.0	-1.70	90.00	0.016	0.00e+00	4.00e-04
5238	06/08/2008	05:00	1.00	100.0	1.00	18.00	88.9	0.09	11.99	6.0	-1.70	90.00	0.016	8.02e-06	4.00e-04
5239	06/08/2008	06:00	1.00	180.0	1.00	19.30	490.4	0.17	11.47	7.0	27.72	-15.65	-0.137	1.32e-03	4.07e-04
5240	06/08/2008	07:00	1.00	330.0	1.00	20.50	629.5	0.19	11.37	7.0	58.19	-10.09	-0.262	2.43e-03	4.13e-04
5241	06/08/2008	08:00	1.00	340.0	1.00	21.40	790.6	0.20	11.42	7.0	86.04	-7.78	-0.372	3.31e-03	4.18e-04
5242	06/08/2008	09:00	1.00	180.0	1.00	24.00	957.6	0.20	11.45	7.0	109.26	-6.66	-0.463	3.95e-03	4.32e-04
5243	06/08/2008	10:00	1.40	160.0	1.00	23.90	1121.7	0.25	9.69	7.0	127.13	-11.28	-0.430	4.37e-03	4.32e-04
5244	06/08/2008	11:00	1.00	50.0	1.00	25.10	1275.5	0.21	11.48	7.0	137.89	-5.72	-0.571	4.60e-03	4.39e-04
5245	06/08/2008	12:00	1.50	10.0	1.00	25.70	1461.8	0.28	9.41	6.0	189.95	-9.81	-0.592	6.41e-03	4.42e-04
5246	06/08/2008	13:00	1.00	150.0	1.00	27.70	1621.7	0.21	11.52	6.0	183.45	-4.76	-0.741	6.31e-03	4.53e-04
5247	06/08/2008	14:00	1.70	60.0	1.12	28.90	1757.0	0.30	8.82	6.0	167.99	-13.54	-0.495	6.00e-03	4.60e-04
5248	06/08/2008	15:00	1.90	120.0	1.25	29.50	1895.4	0.32	8.35	1.0	185.50	-15.71	-0.504	7.54e-03	4.63e-04
5249	06/08/2008	16:00	2.40	170.0	1.58	29.90	1996.7	0.36	7.42	1.0	142.99	-30.03	-0.342	6.32e-03	4.66e-04
5250	06/08/2008	17:00	1.70	140.0	1.13	29.60	2059.7	0.28	8.76	1.0	93.66	-20.36	-0.293	4.64e-03	4.64e-04
5251	06/08/2008	18:00	1.70	90.0	1.02	28.90	2088.0	0.24	9.23	2.0	42.81	-27.90	-0.156	2.50e-03	4.60e-04
5252	06/08/2008	19:00	1.20	100.0	1.00	27.30	98.7	0.11	10.99	2.0	-2.67	90.00	0.022	1.11e-05	4.51e-04
5253	06/08/2008	20:00	1.00	140.0	1.00	24.70	88.9	0.09	11.99	3.0	-1.70	90.00	0.016	0.00e+00	4.36e-04
5254	06/08/2008	21:00	1.00	130.0	1.00	23.40	88.9	0.09	11.99	3.0	-1.70	90.00	0.016	0.00e+00	4.29e-04
5255	06/08/2008	22:00	1.00	70.0	1.00	22.10	88.9	0.09	11.99	4.0	-1.70	90.00	0.016	0.00e+00	4.22e-04
5256	06/08/2008	23:00	2.40	160.0	1.31	22.00	145.5	0.21	7.88	4.0	-15.61	90.00	0.065	0.00e+00	4.21e-04
5257	07/08/2008	00:00	1.20	250.0	1.00	21.50	98.7	0.11	10.99	5.0	-2.67	90.00	0.021	0.00e+00	4.19e-04
5258	07/08/2008	01:00	1.00	0.0	1.00	20.80	88.9	0.09	11.99	5.0	-1.70	90.00	0.016	0.00e+00	4.15e-04
5259	07/08/2008	02:00	1.00	0.0	1.00	20.20	88.9	0.09	11.99	6.0	-1.70	90.00	0.016	0.00e+00	4.12e-04
5260	07/08/2008	03:00	1.30	50.0	1.00	20.60	103.3	0.11	10.58	6.0	-3.26	90.00	0.024	0.00e+00	4.14e-04
5261	07/08/2008	04:00	3.40	180.0	1.85	21.60	187.3	0.29	6.64	6.0	-22.44	100.60	0.065	0.00e+00	4.19e-04
5262	07/08/2008	05:00	1.70	20.0	1.00	21.60	196.9	0.17	9.30	7.0	-1.59	258.53	0.008	0.00e+00	4.19e-04
5263	07/08/2008	06:00	3.00	140.0	1.65	21.90	960.1	0.33	7.20	7.0	28.26	-115.23	-0.072	1.29e-03	4.21e-04
5264	07/08/2008	07:00	3.20	90.0	1.78	21.30	982.9	0.34	6.92	7.0	11.24	-310.88	-0.028	2.41e-03	4.18e-04
5265	07/08/2008	08:00	5.20	110.0	2.89	21.00	1568.7	0.54	5.42	7.0	24.43	-581.27	-0.038	3.29e-03	4.16e-04
5266	07/08/2008	09:00	2.30	230.0	1.48	22.50	1660.0	0.34	7.66	7.0	109.08	-31.75	-0.273	3.94e-03	4.24e-04
5267	07/08/2008	10:00	2.10	150.0	1.39	24.20	1760.1	0.33	7.90	7.0	126.60	-25.18	-0.328	4.36e-03	4.34e-04
5268	07/08/2008	11:00	1.00	280.0	1.00	25.60	1894.7	0.21	11.52	6.0	184.28	-4.75	-0.738	6.30e-03	4.41e-04
5269	07/08/2008	12:00	2.80	90.0	1.83	25.60	2026.2	0.42	6.88	6.0	189.46	-33.83	-0.391	6.40e-03	4.41e-04
5270	07/08/2008	13:00	2.80	120.0	1.83	28.40	2165.2	0.42	6.88	5.0	212.34	-31.34	-0.437	7.44e-03	4.57e-04
5271	07/08/2008	14:00	7.10	190.0	3.92	29.80	2306.8	0.77	4.67	4.0	209.49	-189.45	-0.239	7.74e-03	4.65e-04
5272	07/08/2008	15:00	7.00	180.0	3.89	26.70	2333.6	0.72	4.67	7.0	26.04	-1286.37	-0.031	3.94e-03	4.48e-04
5273	07/08/2008	16:00	5.50	300.0	3.04	24.40	2387.8	0.59	5.30	7.0	85.52	-211.83	-0.124	3.29e-03	4.35e-04
5274	07/08/2008	17:00	5.70	310.0	3.18	20.10	2400.5	0.59	5.17	7.0	12.25	-1481.94	-0.018	2.41e-03	4.11e-04
5275	07/08/2008	18:00	1.40	130.0	1.00	20.00	107.7	0.12	10.21	7.0	-2.09	90.00	0.014	1.29e-03	4.11e-04
5276	07/08/2008	19:00	1.10	10.0	1.00	19.80	93.9	0.10	11.46	7.0	-2.14	90.00	0.019	0.00e+00	4.09e-04
5277	07/08/2008	20:00	2.20	170.0	1.21	19.10	138.7	0.19	8.21	7.0	-12.46	90.00	0.056	0.00e+00	4.06e-04
5278	07/08/2008	21:00	1.60	150.0	1.00	18.60	116.2	0.14	9.57	7.0	-5.52	90.00	0.033	0.00e+00	4.03e-04
5279	07/08/2008	22:00	1.60	350.0	1.00	18.40	116.2	0.14	9.57	7.0	-5.52	90.00	0.033	0.00e+00	4.02e-04
5280	07/08/2008	23:00	1.80	120.0	1.00	17.90	124.1	0.16	9.05	7.0	-7.45	90.00	0.040	0.00e+00	3.99e-04
5281	08/08/2008	00:00	1.00	0.0	1.00	17.40	88.9	0.09	11.99	7.0	-1.70	90.00	0.016	0.00e+00	3.97e-04
5282	08/08/2008	01:00	1.00	180.0	1.00	17.70	88.9	0.09	11.99	7.0	-1.70	90.00	0.016	0.00e+00	3.98e-04
5283	08/08/2008	02:00	2.70	210.0	1.47	17.60	155.2	0.23	7.44	6.0	-17.76	90.00	0.065	0.00e+00	3.98e-04
5284	08/08/2008	03:00	2.70	240.0	1.47	16.70	155.2	0.23	7.44	6.0	-17.82	90.00	0.065	0.00e+00	3.93e-04
5285	08/08/2008	04:00	2.30	210.0	1.26	16.40	142.1	0.20	8.04	6.0	-13.98	90.00	0.059	0.00e+00	3.91e-04
5286	08/08/2008	05:00	2.10	230.0	1.16	16.90	135.2	0.18	8.40	6.0	-9.47	90.00	0.044	0.00e+00	3.94e-04
5287	08/08/2008	06:00	1.00	80.0	1.00	17.10	481.5	0.17	11.55	7.0	25.60	-16.04	-0.128	1.27e-03	3.95e-04
5288	08/08/2008	07:00	1.00	0.0	1.00	18.10	679.8	0.20	11.42	5.0	87.22	-7.71	-0.372	3.87e-03	4.00e-04
5289	08/08/2008	08:00	1.00	100.0	1.00	19.70	829.0	0.20	11.42	7.0	85.12	-7.84	-0.366	3.28e-03	4.09e-04
5290	08/08/2008	09:00	1.20	120.0	1.00	19.10	987.9	0.23	10.46	7.0	109.54	-9.31	-0.408	3.93e-03	4.06e-04
5291	08/08/2008	10:00	1.50	140.0	1.00	19.50	1146.9	0.26	9.36	7.0	128.02	-12.81	-0.408	4.35e-03	4.08e-04
5292	08/08/2008	11:00	1.90	110.0	1.26	20.10	1299.0	0.31	8.32	7.0	139.37	-19.20	-0.378	4.59e-03	4.11e-04
5293	08/08/2008	12:00	1.00	200.0	1.00	22.00	1481.1	0.22	11.52	6.0	191.99	-4.63	-0.756	6.39e-03	4.21e-04
5294	08/08/2008	13:00	1.30	290.0	1.00	23.00	1639.0	0.25	10.11	6.0	185.75	-7.62	-0.629	6.29e-03	4.27e-04
5295	08/08/2008	14:00	2.80	310.0	1.83	23.90	1795.3	0.42	6.88	5.0	197.63	-32.93	-0.403	7.05e-03	4.32e-04
5296	08/08/2008	15:00	4.40	320.0	2.52	23.70	1931.5	0.53	5.85	4.0	182.27	-70.97	-0.296	6.97e-03	4.31e-04
5297	08/08/2008	16:00	5.50	330.0	3.04	24.70	2034.8	0.60	5.31	4.0	140.37	-138.94	-0.199	5.82e-03	4.36e-04
5298	08/08/2008	17:00	7.20	320.0	3.98	24.40	2177.1	0.75	4.62	4.0	92.49	-410.46	-0.105	4.24e-03	4.35e-04
5299	08/08/2008	18:00	6.10	320.0	3.38	23.30	2210.3	0.64	5.01	4.0	40.52	-563.45	-0.054	2.25e-03	4.29e-04
5300	08/08/2008	19:00	3.70	350.0	2.16	21.80	343.2	0.38	6.22	3.0	-15.95	299.43	0.036	0.00e+00	4.20e-04
5301	08/08/2008	20:00	1.30	30.0	1.00	20.20	103.3	0.11	10.58	3.0	-3.26	90.00	0.024	0.00e+00	4.12e-04
5302	08/08/2008	21:00	2.10	350.0	1.16	18.70	135.2	0.18	8.40	3.0	-11.06	90.00	0.052	0.00e+00	4.03e-04
5303	08/08/2008	22:00	1.90	350.0	1.05	18.30	127.9	0.16	8.82	3.0	-8.56	90.00	0.044	0.00e+00	4.01e-04
5304	08/08/2008	23:00	1.20	360.0	1.00	17.20	98.7	0.11	10.99	2.0	-2.67	90.00	0.021	0.00e+00	3.95e-04
5305	09/08/2008	00:00	1.00	0.0	1.00	17.00	88.9	0.09	11.99	2.0	-1.70	90.00	0.016	0.00e+00	3.94e-04
5306	09/08/2008	01:00	1.60	340.0	1.00	16.90	116.2	0.14	9.57	2.0	-5.52	90.00	0.033	0.00e+00	3.94e-04
5307	09/08/2008	02:00	1.30	10.0	1.00	15.70	103.3	0.11	10.58	2.0	-3.26	90.00	0.024	0.00e+00	3.87e-04
5308	09/08/2008	03:00	1.00	0.0	1.00	15.40	88.9	0.09	11.99	1.0	-1.70	90.00	0.016	0.00e+00	3.86e-04
5309	09/08/2008	04:00	1.50	100.0	1.00	14.40	112.0	0.13	9.88	1.0	-4.69	90.00	0.030	0.00e+00	3.81e-04
5310	09/08/2008	05:00	1.00	0.0	1.00	13.80	88.9	0.09	11.99	1.0	-1.70	90.00	0.016	0.00e+00	3.77e-04
5311	09/08/2008	06:00	1.00	40.0	1.00	16.60	503.5	0.17	11.37	1.0	31.48	-14.92	-0.151	2.37e-03	3.92e-04
5312	09/08/2008	07:00	3.90	360.0	2.16	19.00	1284.5	0.44	6.30	1.0	90.50	-86.15	-0.171	4.52e-03	4.05e-04
5313	09/08/2008	08:00	4.30	360.0	2.42	20.60	1448.3	0.50	5.97	1.0	143.74	-77.76	-0.242	6.23e-03	4.14e-04
5314	09/08/2008	09:00	4.30	360.0	2.49	21.80	1619.5	0.52	5.89	1.0	188.47	-67.02	-0.306	7.47e-03	4.20e-04
5315	09/08/2008	10:00	6.80	340.0	3.77	23.20	2137.9	0.74	4.77	1.0	221.63	-162.21	-0.255	8.29e-03	4.28e-04
5316	09/08/2008	11:00	6.40	350.0	3.56	23.70	2294.1	0.71	4.91	3.0	241.81	-130.90	-0.291	8.51e-03	4.31e-04
5317	09/08/2008	12:00	4.00	360.0	2.48	24.30	2437.4	0.53	5.90	3.0	248.16	-54.06	-0.399	8.65e-03	4.34e-04
5318	09/08/2008	13:00	5.30	360.0	3.02	24.20	2572.1	0.62	5.34	2.0	243.36	-86.53	-0.336	8.68e-03	4.34e-04
5319	09/08/2008	14:00	4.70	350.0	2.71	25.00	2688.1	0.57	5.63	2.0	221.15	-72.71	-0.335	8.24e-03	4.38e-04
5320	09/08/2008	15:00	4.50	350.0	2.57	24.90	2782.6	0.54	5.79	2.0	187.53	-72.91	-0.300	7.43e-03	4.37e-04
5321	09/08/2008	16:00	5.00	350.0	2.78	24.40	2853.9	0.56	5.56	2.0	143.79	-108.49	-0.220	6.19e-03	4.35e-04
5322	09/08/2008	17:00	4.80	10.0	2.65	23.60	2899.3	0.53	5.68	2.0	92.40	-139.50	-0.150	4.50e-03	4.30e-04
5323	09/08/2008	18:00	3.70	360.0	2.04	23.30	2917.1	0.40	6.47	2.0	36.73	-157.44	-0.078	2.36e-03	4.29e-04
5324	09/08/2008	19:00	2.20	10.0	1.21	22.00	138.7	0.19	8.21	2.0	-12.47	90.00	0.056	0.00e+00	4.21e-04
5325	09/08/2008	20:00	1.40	340.0	1.00	20.80	107.7	0.12	10.21	2.0	-3.94	90.00	0.027	0.00e+00	4.15e-04
5326	09/08/2008	21:00	1.00	330.0	1.00	18.90	88.9	0.09	11.99	2.0	-1.70	90.00	0.016	0.00e+00	4.05e-04
5327	09/08/2008	22:00	1.00	0.0	1.00	17.10	88.9	0.09	11.99	1.0	-1.70	90.00	0.016	0.00e+00	3.95e-04
5328	09/08/2008	23:00	1.60	180.0	1.00	16.20	116.2	0.14	9.57	1.0	-5.52	90.00	0.033	0.00e+00	3.90e-04
5329	10/08/2008	00:00	1.90	190.0	1.05	15.70	127.9	0.16	8.82	1.0	-8.56	90.00	0.043	0.00e+00	3.87e-04
5330	10/08/2008	01:00	1.00	190.0	1.00	15.20	88.9	0.09	11.99	1.0	-1.70	90.00	0.016	0.00e+00	3.85e-04
5331	10/08/2008	02:00	1.00	160.0	1.00	14.30	88.9	0.09	11.99	1.0	-1.70	90.00	0.016	0.00e+00	3.80e-04
5332	10/08/2008	03:00	1.00	0.0	1.00	13.70	88.9	0.09	11.99	1.0	-1.70	90.00	0.016	0.00e+00	3.77e-04
5333	10/08/2008	04:00	1.30	150.0	1.00	13.30	103.3	0.11	10.58	1.0	-3.26	90.00	0.024	0.00e+00	3.75e-04
5334	10/08/2008	05:00	1.00	130.0	1.00	13.00	88.9	0.09	11.99	1.0	-1.70	90.00	0.016	0.00e+00	3.73e-04
5335	10/08/2008	06:00	1.00	110.0	1.00	15.20	498.0	0.17	11.41	1.0	29.78	-15.26	-0.143	2.32e-03	3.85e-04
5336	10/08/2008	07:00	1.60	240.0	1.07	17.50	768.2	0.27	9.03	1.0	89.63	-18.61	-0.282	4.49e-03	3.97e-04
5337	10/08/2008	08:00	1.30	190.0	1.00	20.00	984.3	0.24	10.08	1.0	143.04	-9.06	-0.493	6.20e-03	4.11e-04
5338	10/08/2008	09:00	1.00	260.0	1.00	22.20	1210.6	0.22	11.52	3.0	187.82	-4.69	-0.742	7.25e-03	4.23e-04
5339	10/08/2008	10:00	1.40	180.0	1.00	24.20	1432.0	0.27	9.76	3.0	219.38	-7.83	-0.699	8.05e-03	4.34e-04
5340	10/08/2008	11:00	1.50	220.0	1.00	25.00	1633.4	0.28	9.43	4.0	230.93	-8.61	-0.702	8.11e-03	4.38e-04
5341	10/08/2008	12:00	1.30	50.0	1.00	26.60	1816.8	0.26	10.13	4.0	235.86	-6.51	-0.786	8.24e-03	4.47e-04
5342	10/08/2008	13:00	1.30	140.0	1.00	27.30	1984.0	0.26	10.13	3.0	236.70	-6.50	-0.790	8.49e-03	4.51e-04
5343	10/08/2008	14:00	2.10	30.0	1.38	28.10	2127.3	0.35	7.95	2.0	217.30	-17.15	-0.542	8.22e-03	4.55e-04
5344	10/08/2008	15:00	2.40	60.0	1.58	28.20	2242.3	0.37	7.42	2.0	184.33	-25.23	-0.427	7.40e-03	4.56e-04
5345	10/08/2008	16:00	2.50	60.0	1.63	28.10	2327.0	0.37	7.30	2.0	141.50	-32.39	-0.329	6.16e-03	4.55e-04
5346	10/08/2008	17:00	2.80	70.0	1.63	28.00	2380.5	0.36	7.27	2.0	91.54	-44.74	-0.221	4.46e-03	4.55e-04
5347	10/08/2008	18:00	3.10	80.0	1.71	27.40	2402.7	0.35	7.09	2.0	37.57	-98.77	-0.094	2.31e-03	4.52e-04
5348	10/08/2008	19:00	1.70	90.0	1.00	25.60	120.2	0.15	9.30	3.0	-6.44	90.00	0.038	0.00e+00	4.41e-04
5349	10/08/2008	20:00	1.60	80.0	1.00	24.40	116.2	0.14	9.57	3.0	-5.52	90.00	0.034	0.00e+00	4.35e-04
5350	10/08/2008	21:00	1.00	0.0	1.00	21.80	88.9	0.09	11.99	3.0	-1.70	90.00	0.016	0.00e+00	4.20e-04
5351	10/08/2008	22:00	1.50	200.0	1.00	22.20	112.0	0.13	9.88	3.0	-4.69	90.00	0.031	0.00e+00	4.23e-04
5352	10/08/2008	23:00	1.00	0.0	1.00	21.00	88.9	0.09	11.99	3.0	-1.70	90.00	0.016	0.00e+00	4.16e-04
5353	11/08/2008	00:00	1.20	160.0	1.00	20.10	98.7	0.11	10.99	4.0	-2.67	90.00	0.021	0.00e+00	4.11e-04
5354	11/08/2008	01:00	1.00	190.0	1.00	18.80	88.9	0.09	11.99	4.0	-1.70	90.00	0.016	0.00e+00	4.04e-04
5355	11/08/2008	02:00	1.50	230.0	1.00	18.40	112.0	0.13	9.88	4.0	-4.69	90.00	0.030	0.00e+00	4.02e-04
5356	11/08/2008	03:00	1.00	150.0	1.00	17.80	88.9	0.09	11.99	4.0	-1.70	90.00	0.016	0.00e+00	3.99e-04
5357	11/08/2008	04:00	1.00	130.0	1.00	17.80	88.9	0.09	11.99	4.0	-1.70	90.00	0.016	0.00e+00	3.99e-04
5358	11/08/2008	05:00	1.00	0.0	1.00	17.10	88.9	0.09	11.99	5.0	-1.70	90.00	0.016	0.00e+00	3.95e-04
5359	11/08/2008	06:00	1.00	190.0	1.00	18.90	502.3	0.17	11.38	6.0	31.09	-15.00	-0.150	1.63e-03	4.05e-04
5360	11/08/2008	07:00	1.00	210.0	1.00	20.20	632.7	0.19	11.36	7.0	55.22	-10.45	-0.250	2.33e-03	4.12e-04
5361	11/08/2008	08:00	1.40	250.0	1.00	21.50	790.9	0.24	9.65	7.0	83.35	-15.05	-0.292	3.23e-03	4.19e-04
5362	11/08/2008	09:00	2.90	230.0	1.72	21.70	1092.3	0.38	7.09	7.0	107.24	-44.71	-0.241	3.89e-03	4.20e-04
5363	11/08/2008	10:00	2.50	190.0	1.38	19.40	1113.2	0.28	7.88	8.0	15.35	-121.85	-0.047	2.06e-03	4.07e-04
5364	11/08/2008	11:00	3.20	180.0	1.77	17.90	1141.2	0.35	6.94	8.0	19.68	-186.50	-0.048	2.18e-03	3.99e-04
5365	11/08/2008	12:00	4.30	130.0	2.37	19.00	1347.8	0.47	6.00	7.0	55.16	-163.30	-0.099	4.63e-03	4.05e-04
5366	11/08/2008	13:00	3.60	160.0	2.08	21.00	1482.3	0.45	6.44	7.0	137.46	-56.96	-0.261	4.56e-03	4.16e-04
5367	11/08/2008	14:00	5.00	180.0	2.84	22.20	1689.4	0.59	5.51	4.0	213.20	-83.22	-0.310	7.67e-03	4.23e-04
5368	11/08/2008	15:00	6.20	180.0	3.43	23.10	1955.1	0.68	5.00	4.0	180.07	-152.69	-0.227	6.90e-03	4.28e-04
5369	11/08/2008	16:00	7.10	180.0	3.92	23.40	2171.6	0.75	4.67	4.0	138.07	-272.91	-0.157	5.73e-03	4.29e-04
5370	11/08/2008	17:00	6.00	180.0	3.31	23.40	2234.3	0.64	5.07	4.0	89.44	-256.74	-0.120	4.13e-03	4.29e-04
5371	11/08/2008	18:00	5.50	200.0	3.05	23.20	2262.3	0.58	5.28	4.0	37.17	-456.63	-0.055	2.11e-03	4.28e-04
5372	11/08/2008	19:00	5.50	190.0	3.09	23.20	781.3	0.56	5.22	5.0	-11.50	1373.88	0.017	0.00e+00	4.28e-04
5373	11/08/2008	20:00	7.60	180.0	4.26	21.30	694.3	0.76	4.44	5.0	-65.32	605.47	0.072	0.00e+00	4.18e-04
5374	11/08/2008	21:00	5.10	180.0	2.84	21.70	371.4	0.49	5.42	5.0	-41.91	250.33	0.072	0.00e+00	4.20e-04
5375	11/08/2008	22:00	10.20	180.0	5.72	22.20	1117.5	1.04	3.84	6.0	-79.14	1258.64	0.065	0.00e+00	4.23e-04
5376	11/08/2008	23:00	9.00	190.0	5.07	21.60	939.6	0.92	4.08	6.0	-70.03	979.70	0.065	0.00e+00	4.19e-04
5377	12/08/2008	00:00	9.80	190.0	5.51	21.70	1059.9	1.00	3.91	6.0	-76.34	1165.25	0.065	0.00e+00	4.20e-04
5378	12/08/2008	01:00	9.30	190.0	5.20	21.90	1037.1	0.94	4.03	7.0	-61.80	1208.56	0.056	0.00e+00	4.21e-04
5379	12/08/2008	02:00	9.20	180.0	5.15	21.90	1022.5	0.94	4.05	7.0	-61.17	1184.04	0.056	0.00e+00	4.21e-04
5380	12/08/2008	03:00	10.20	180.0	5.68	21.80	1174.3	1.03	3.85	7.0	-67.65	1446.73	0.056	0.00e+00	4.20e-04
5381	12/08/2008	04:00	9.60	190.0	5.35	22.00	1081.2	0.97	3.97	7.0	-63.67	1283.96	0.056	0.00e+00	4.21e-04
5382	12/08/2008	05:00	7.50	200.0	4.19	22.40	1658.7	0.77	4.49	7.0	-4.35	9274.52	0.005	0.00e+00	4.24e-04
5383	12/08/2008	06:00	8.50	180.0	4.72	22.30	2523.4	0.87	4.23	7.0	25.31	-2335.44	-0.025	1.16e-03	4.23e-04
5384	12/08/2008	07:00	7.50	190.0	4.16	23.00	2564.1	0.78	4.52	7.0	55.24	-754.07	-0.061	2.31e-03	4.27e-04
5385	12/08/2008	08:00	9.00	190.0	4.98	23.10	2685.2	0.93	4.13	7.0	82.79	-860.36	-0.076	3.21e-03	4.28e-04
5386	12/08/2008	09:00	8.70	190.0	4.82	23.30	2728.1	0.90	4.19	8.0	54.30	-1177.64	-0.052	1.85e-03	4.29e-04
5387	12/08/2008	10:00	6.70	200.0	3.73	21.90	2741.6	0.69	4.76	8.0	12.91	-2259.92	-0.016	2.06e-03	4.21e-04
5388	12/08/2008	11:00	10.60	190.0	5.88	22.00	3134.0	1.09	3.79	8.0	15.30	-7403.99	-0.012	2.17e-03	4.21e-04
5389	12/08/2008	12:00	4.00	260.0	2.27	21.70	3194.0	0.48	6.16	7.0	140.55	-68.15	-0.250	4.63e-03	4.20e-04
5390	12/08/2008	13:00	2.30	220.0	1.27	21.20	3200.8	0.26	8.24	8.0	16.11	-94.81	-0.053	2.17e-03	4.17e-04
5391	12/08/2008	14:00	2.60	130.0	1.44	20.70	3206.9	0.28	7.71	8.0	14.01	-145.94	-0.042	2.06e-03	4.14e-04
5392	12/08/2008	15:00	1.80	90.0	1.11	21.00	3229.1	0.26	8.86	8.0	53.73	-28.31	-0.176	1.85e-03	4.16e-04
5393	12/08/2008	16:00	1.80	330.0	1.00	20.80	3238.6	0.22	9.34	7.0	23.41	-40.63	-0.090	3.21e-03	4.15e-04
5394	12/08/2008	17:00	1.90	270.0	1.04	19.60	3243.3	0.22	9.08	7.0	11.23	-79.67	-0.044	2.31e-03	4.08e-04
5395	12/08/2008	18:00	3.40	140.0	1.91	17.20	3244.3	0.35	6.66	6.0	0.46	-8282.76	-0.001	1.59e-03	3.95e-04
5396	12/08/2008	19:00	2.30	120.0	1.26	17.40	142.1	0.20	8.04	6.0	-12.99	90.00	0.055	0.00e+00	3.97e-04
5397	12/08/2008	20:00	1.70	140.0	1.00	17.40	120.2	0.15	9.30	5.0	-6.44	90.00	0.037	0.00e+00	3.97e-04
5398	12/08/2008	21:00	2.70	140.0	1.47	16.60	155.2	0.23	7.44	5.0	-19.96	90.00	0.072	0.00e+00	3.92e-04
5399	12/08/2008	22:00	1.60	110.0	1.00	16.50	116.2	0.14	9.57	4.0	-5.52	90.00	0.033	0.00e+00	3.92e-04
5400	12/08/2008	23:00	1.00	0.0	1.00	15.40	88.9	0.09	11.99	4.0	-1.70	90.00	0.016	0.00e+00	3.86e-04
5401	13/08/2008	00:00	1.10	110.0	1.00	14.80	93.9	0.10	11.46	3.0	-2.14	90.00	0.018	0.00e+00	3.83e-04
5402	13/08/2008	01:00	1.00	230.0	1.00	14.70	88.9	0.09	11.99	3.0	-1.70	90.00	0.016	0.00e+00	3.82e-04
5403	13/08/2008	02:00	1.00	180.0	1.00	14.20	88.9	0.09	11.99	2.0	-1.70	90.00	0.016	0.00e+00	3.80e-04
5404	13/08/2008	03:00	1.70	210.0	1.00	14.30	120.2	0.15	9.30	2.0	-6.44	90.00	0.036	0.00e+00	3.80e-04
5405	13/08/2008	04:00	1.30	130.0	1.00	14.10	103.3	0.11	10.58	1.0	-3.26	90.00	0.024	0.00e+00	3.79e-04
5406	13/08/2008	05:00	1.60	180.0	1.00	13.20	116.2	0.14	9.57	1.0	-5.52	90.00	0.033	0.00e+00	3.74e-04
5407	13/08/2008	06:00	1.10	140.0	1.00	14.80	515.5	0.18	11.07	2.0	28.63	-17.61	-0.133	2.15e-03	3.83e-04
5408	13/08/2008	07:00	1.30	190.0	1.00	17.70	706.9	0.23	10.02	4.0	87.83	-12.58	-0.317	4.06e-03	3.98e-04
5409	13/08/2008	08:00	5.20	230.0	2.88	19.80	1667.5	0.58	5.45	3.0	141.86	-120.24	-0.207	5.94e-03	4.09e-04
5410	13/08/2008	09:00	4.40	250.0	2.52	20.70	1814.8	0.53	5.84	1.0	185.48	-70.35	-0.297	7.37e-03	4.14e-04
5411	13/08/2008	10:00	2.70	240.0	1.77	22.20	1970.1	0.41	7.00	1.0	219.02	-28.39	-0.451	8.21e-03	4.23e-04
5412	13/08/2008	11:00	2.00	230.0	1.31	21.70	2126.1	0.34	8.16	3.0	240.97	-14.49	-0.601	8.44e-03	4.20e-04
5413	13/08/2008	12:00	1.10	250.0	1.00	23.10	2274.0	0.24	11.02	3.0	246.29	-4.68	-0.893	8.58e-03	4.28e-04
5414	13/08/2008	13:00	3.20	230.0	2.02	23.50	2380.0	0.45	6.54	6.0	182.09	-43.11	-0.349	6.23e-03	4.30e-04
5415	13/08/2008	14:00	2.20	290.0	1.45	23.30	2486.5	0.35	7.76	5.0	194.23	-20.37	-0.467	6.97e-03	4.29e-04
5416	13/08/2008	15:00	1.50	320.0	1.00	23.60	2572.9	0.27	9.39	5.0	164.66	-10.80	-0.517	6.26e-03	4.30e-04
5417	13/08/2008	16:00	1.50	180.0	1.00	23.90	2637.3	0.26	9.36	5.0	126.39	-12.92	-0.409	5.18e-03	4.32e-04
5418	13/08/2008	17:00	2.40	110.0	1.45	23.80	2678.8	0.33	7.74	5.0	82.04	-37.13	-0.216	3.70e-03	4.31e-04
5419	13/08/2008	18:00	3.00	120.0	1.65	22.40	2696.2	0.34	7.21	5.0	33.78	-99.37	-0.086	1.84e-03	4.24e-04
5420	13/08/2008	19:00	1.70	110.0	1.00	20.20	120.2	0.15	9.30	5.0	-6.44	90.00	0.037	0.00e+00	4.12e-04
5421	13/08/2008	20:00	1.00	110.0	1.00	18.60	88.9	0.09	11.99	5.0	-1.70	90.00	0.016	0.00e+00	4.03e-04
5422	13/08/2008	21:00	1.00	0.0	1.00	17.30	88.9	0.09	11.99	5.0	-1.70	90.00	0.016	0.00e+00	3.96e-04
5423	13/08/2008	22:00	2.30	260.0	1.26	16.60	142.1	0.20	8.04	5.0	-13.98	90.00	0.059	0.00e+00	3.92e-04
5424	13/08/2008	23:00	1.90	70.0	1.05	16.30	127.9	0.16	8.82	5.0	-8.56	90.00	0.044	0.00e+00	3.91e-04
5425	14/08/2008	00:00	1.10	350.0	1.00	15.60	93.9	0.10	11.46	5.0	-2.14	90.00	0.018	0.00e+00	3.87e-04
5426	14/08/2008	01:00	1.00	0.0	1.00	14.40	88.9	0.09	11.99	5.0	-1.70	90.00	0.016	0.00e+00	3.81e-04
5427	14/08/2008	02:00	1.00	210.0	1.00	13.60	88.9	0.09	11.99	5.0	-1.70	90.00	0.016	0.00e+00	3.76e-04
5428	14/08/2008	03:00	1.00	0.0	1.00	14.30	88.9	0.09	11.99	5.0	-1.70	90.00	0.016	0.00e+00	3.80e-04
5429	14/08/2008	04:00	1.00	0.0	1.00	13.50	88.9	0.09	11.99	5.0	-1.70	90.00	0.016	0.00e+00	3.76e-04
5430	14/08/2008	05:00	1.20	240.0	1.00	13.70	98.7	0.11	10.99	5.0	-2.67	90.00	0.021	0.00e+00	3.77e-04
5431	14/08/2008	06:00	1.00	0.0	1.00	14.20	497.9	0.17	11.41	5.0	29.77	-15.26	-0.143	1.79e-03	3.80e-04
5432	14/08/2008	07:00	1.00	330.0	1.00	17.60	693.2	0.20	11.43	3.0	88.27	-7.65	-0.375	4.21e-03	3.98e-04
5433	14/08/2008	08:00	2.50	360.0	1.57	18.10	1023.3	0.35	7.43	6.0	110.05	-35.83	-0.260	4.36e-03	4.00e-04
5434	14/08/2008	09:00	2.40	360.0	1.52	19.10	1155.9	0.34	7.56	7.0	106.30	-34.16	-0.259	3.85e-03	4.06e-04
5435	14/08/2008	10:00	2.70	40.0	1.69	19.90	1294.6	0.38	7.16	7.0	124.77	-38.39	-0.278	4.29e-03	4.10e-04
5436	14/08/2008	11:00	2.50	60.0	1.62	20.40	1429.8	0.37	7.31	7.0	136.26	-32.96	-0.311	4.53e-03	4.13e-04
5437	14/08/2008	12:00	1.80	330.0	1.16	20.90	1493.5	0.27	8.66	8.0	69.49	-26.12	-0.215	2.20e-03	4.15e-04
5438	14/08/2008	13:00	3.90	330.0	2.22	21.90	1614.9	0.47	6.24	7.0	135.50	-66.24	-0.247	4.53e-03	4.21e-04
5439	14/08/2008	14:00	2.90	340.0	1.62	21.60	1667.1	0.34	7.31	8.0	62.13	-58.39	-0.153	2.05e-03	4.19e-04
5440	14/08/2008	15:00	4.10	360.0	2.26	21.80	1713.7	0.45	6.15	8.0	53.39	-148.56	-0.101	1.84e-03	4.20e-04
5441	14/08/2008	16:00	4.40	340.0	2.43	21.20	1751.1	0.47	5.92	8.0	41.74	-222.08	-0.075	1.52e-03	4.17e-04
5442	14/08/2008	17:00	5.60	350.0	3.11	20.10	1782.1	0.58	5.22	8.0	27.85	-632.93	-0.040	1.08e-03	4.11e-04
5443	14/08/2008	18:00	3.70	10.0	2.06	19.00	1794.3	0.39	6.43	8.0	12.73	-413.95	-0.027	5.29e-04	4.05e-04
5444	14/08/2008	19:00	2.80	350.0	1.53	17.00	163.7	0.24	7.31	8.0	-13.00	95.59	0.045	0.00e+00	3.94e-04
5445	14/08/2008	20:00	3.00	360.0	1.67	16.10	192.9	0.27	7.02	8.0	-14.63	120.07	0.045	0.00e+00	3.90e-04
5446	14/08/2008	21:00	2.70	320.0	1.47	15.90	155.2	0.23	7.44	7.0	-15.34	90.00	0.056	0.00e+00	3.89e-04
5447	14/08/2008	22:00	2.70	350.0	1.47	15.20	155.2	0.23	7.44	7.0	-15.38	90.00	0.056	0.00e+00	3.85e-04
5448	14/08/2008	23:00	1.60	350.0	1.00	15.10	116.2	0.14	9.57	7.0	-5.52	90.00	0.033	0.00e+00	3.84e-04
5449	15/08/2008	00:00	1.00	280.0	1.00	14.70	88.9	0.09	11.99	7.0	-1.70	90.00	0.016	0.00e+00	3.82e-04
5450	15/08/2008	01:00	1.20	350.0	1.00	14.70	98.7	0.11	10.99	7.0	-2.67	90.00	0.021	0.00e+00	3.82e-04
5451	15/08/2008	02:00	3.10	340.0	1.68	15.00	169.5	0.26	6.96	7.0	-17.68	92.09	0.056	0.00e+00	3.84e-04
5452	15/08/2008	03:00	1.90	350.0	1.05	15.00	127.9	0.16	8.82	7.0	-8.56	90.00	0.043	0.00e+00	3.84e-04
5453	15/08/2008	04:00	2.60	350.0	1.42	14.60	152.0	0.22	7.58	7.0	-14.86	90.00	0.056	0.00e+00	3.82e-04
5454	15/08/2008	05:00	2.90	350.0	1.58	14.30	161.3	0.25	7.19	7.0	-16.53	90.00	0.056	0.00e+00	3.80e-04
5455	15/08/2008	06:00	4.10	340.0	2.28	14.30	1250.9	0.43	6.11	7.0	19.74	-364.82	-0.038	1.08e-03	3.80e-04
5456	15/08/2008	07:00	4.50	330.0	2.49	14.80	1398.8	0.48	5.86	7.0	51.92	-193.97	-0.089	2.24e-03	3.83e-04
5457	15/08/2008	08:00	5.10	340.0	2.83	14.80	1545.6	0.54	5.48	7.0	30.45	-446.08	-0.047	3.16e-03	3.83e-04
5458	15/08/2008	09:00	5.10	330.0	2.82	15.60	1591.2	0.54	5.49	7.0	43.07	-322.28	-0.066	3.83e-03	3.87e-04
5459	15/08/2008	10:00	5.90	330.0	3.26	15.80	1838.9	0.64	5.12	7.0	126.36	-181.06	-0.165	4.28e-03	3.88e-04
5460	15/08/2008	11:00	6.90	330.0	3.82	17.10	2074.6	0.72	4.71	7.0	56.60	-580.47	-0.066	4.52e-03	3.95e-04
5461	15/08/2008	12:00	8.20	340.0	4.52	19.50	2497.4	0.87	4.34	6.0	189.84	-301.88	-0.185	6.30e-03	4.08e-04
5462	15/08/2008	13:00	6.10	10.0	3.38	14.90	2535.8	0.64	5.02	7.0	61.88	-377.18	-0.080	4.52e-03	3.83e-04
5463	15/08/2008	14:00	4.80	330.0	2.65	15.60	2566.0	0.51	5.67	7.0	53.58	-223.88	-0.087	4.28e-03	3.87e-04
5464	15/08/2008	15:00	5.60	330.0	3.09	17.40	2624.4	0.60	5.26	7.0	106.28	-183.59	-0.147	3.83e-03	3.97e-04
5465	15/08/2008	16:00	7.70	320.0	4.28	14.30	2651.2	0.79	4.45	7.0	31.13	-1424.91	-0.032	3.16e-03	3.80e-04
5466	15/08/2008	17:00	4.20	330.0	2.34	15.50	2659.8	0.44	6.03	7.0	13.50	-559.31	-0.025	2.24e-03	3.86e-04
5467	15/08/2008	18:00	4.70	330.0	2.64	14.40	882.0	0.48	5.66	7.0	-3.46	2884.04	0.006	1.08e-03	3.81e-04
5468	15/08/2008	19:00	1.00	0.0	1.00	13.90	88.9	0.09	11.99	7.0	-1.70	90.00	0.016	0.00e+00	3.78e-04
5469	15/08/2008	20:00	1.00	300.0	1.00	12.80	88.9	0.09	11.99	7.0	-1.70	90.00	0.016	0.00e+00	3.72e-04
5470	15/08/2008	21:00	1.00	10.0	1.00	13.30	88.9	0.09	11.99	6.0	-1.70	90.00	0.016	0.00e+00	3.75e-04
5471	15/08/2008	22:00	1.00	0.0	1.00	12.40	88.9	0.09	11.99	6.0	-1.70	90.00	0.016	0.00e+00	3.70e-04
5472	15/08/2008	23:00	1.00	200.0	1.00	12.40	88.9	0.09	11.99	6.0	-1.70	90.00	0.016	0.00e+00	3.70e-04
5473	16/08/2008	00:00	1.70	140.0	1.00	11.60	120.2	0.15	9.30	6.0	-6.44	90.00	0.036	0.00e+00	3.66e-04
5474	16/08/2008	01:00	1.10	310.0	1.00	11.30	93.9	0.10	11.46	6.0	-2.14	90.00	0.018	0.00e+00	3.64e-04
5475	16/08/2008	02:00	1.00	90.0	1.00	10.90	88.9	0.09	11.99	6.0	-1.70	90.00	0.016	0.00e+00	3.62e-04
5476	16/08/2008	03:00	1.00	0.0	1.00	10.30	88.9	0.09	11.99	6.0	-1.70	90.00	0.016	0.00e+00	3.59e-04
5477	16/08/2008	04:00	1.00	220.0	1.00	10.70	88.9	0.09	11.99	6.0	-1.70	90.00	0.016	0.00e+00	3.61e-04
5478	16/08/2008	05:00	1.00	0.0	1.00	10.60	88.9	0.09	11.99	5.0	-1.70	90.00	0.016	0.00e+00	3.61e-04
5479	16/08/2008	06:00	1.00	130.0	1.00	11.30	482.5	0.17	11.54	3.0	25.82	-16.00	-0.127	1.95e-03	3.64e-04
5480	16/08/2008	07:00	1.10	50.0	1.00	13.90	677.4	0.21	10.89	3.0	86.59	-9.25	-0.343	4.12e-03	3.78e-04
5481	16/08/2008	08:00	2.30	350.0	1.52	15.70	1020.0	0.35	7.57	4.0	137.16	-28.46	-0.323	5.57e-03	3.87e-04
5482	16/08/2008	09:00	1.00	360.0	1.00	17.70	1214.0	0.21	11.51	5.0	166.53	-5.07	-0.658	6.19e-03	3.98e-04
5483	16/08/2008	10:00	2.40	350.0	1.55	19.40	1344.6	0.36	7.47	7.0	123.89	-32.20	-0.293	4.26e-03	4.07e-04
5484	16/08/2008	11:00	2.50	360.0	1.62	19.70	1474.2	0.37	7.32	7.0	135.57	-33.04	-0.309	4.51e-03	4.09e-04
5485	16/08/2008	12:00	2.50	20.0	1.44	20.20	1536.3	0.32	7.75	8.0	68.94	-41.73	-0.182	2.19e-03	4.12e-04
5486	16/08/2008	13:00	2.70	20.0	1.71	21.30	1650.8	0.38	7.11	7.0	134.73	-37.33	-0.297	4.51e-03	4.18e-04
5487	16/08/2008	14:00	2.20	360.0	1.45	21.40	1747.9	0.34	7.74	7.0	123.05	-27.95	-0.308	4.26e-03	4.18e-04
5488	16/08/2008	15:00	3.00	340.0	1.75	21.90	1827.5	0.38	7.02	7.0	104.43	-47.42	-0.232	3.82e-03	4.21e-04
5489	16/08/2008	16:00	2.50	340.0	1.48	21.70	1886.1	0.33	7.65	7.0	80.41	-39.53	-0.207	3.14e-03	4.20e-04
5490	16/08/2008	17:00	1.90	310.0	1.14	21.10	1922.7	0.26	8.73	7.0	52.24	-30.67	-0.169	2.22e-03	4.17e-04
5491	16/08/2008	18:00	1.00	340.0	1.00	20.60	1937.6	0.16	11.74	7.0	21.76	-16.76	-0.115	1.05e-03	4.14e-04
5492	16/08/2008	19:00	1.00	310.0	1.00	19.30	88.9	0.09	11.99	7.0	-1.70	90.00	0.016	0.00e+00	4.07e-04
5493	16/08/2008	20:00	1.60	140.0	1.00	18.10	116.2	0.14	9.57	7.0	-5.52	90.00	0.033	0.00e+00	4.00e-04
5494	16/08/2008	21:00	1.30	200.0	1.00	17.90	103.3	0.11	10.58	7.0	-3.26	90.00	0.024	0.00e+00	3.99e-04
5495	16/08/2008	22:00	2.10	200.0	1.16	17.40	135.2	0.18	8.40	7.0	-11.06	90.00	0.051	0.00e+00	3.97e-04
5496	16/08/2008	23:00	1.00	0.0	1.00	16.70	88.9	0.09	11.99	6.0	-1.70	90.00	0.016	0.00e+00	3.93e-04
5497	17/08/2008	00:00	1.00	180.0	1.00	16.40	88.9	0.09	11.99	6.0	-1.70	90.00	0.016	0.00e+00	3.91e-04
5498	17/08/2008	01:00	1.00	150.0	1.00	16.40	88.9	0.09	11.99	6.0	-1.70	90.00	0.016	0.00e+00	3.91e-04
5499	17/08/2008	02:00	1.00	140.0	1.00	16.30	88.9	0.09	11.99	6.0	-1.70	90.00	0.016	0.00e+00	3.91e-04
5500	17/08/2008	03:00	1.10	150.0	1.00	16.10	93.9	0.10	11.46	6.0	-2.14	90.00	0.018	0.00e+00	3.90e-04
5501	17/08/2008	04:00	1.70	170.0	1.00	15.20	120.2	0.15	9.30	6.0	-6.44	90.00	0.036	0.00e+00	3.85e-04
5502	17/08/2008	05:00	1.00	150.0	1.00	15.20	88.9	0.09	11.99	6.0	-1.70	90.00	0.016	0.00e+00	3.85e-04
5503	17/08/2008	06:00	1.00	160.0	1.00	16.20	475.8	0.16	11.61	6.0	24.34	-16.28	-0.123	1.40e-03	3.90e-04
5504	17/08/2008	07:00	2.70	180.0	1.57	18.10	1000.0	0.35	7.42	3.0	84.45	-43.56	-0.204	4.08e-03	4.00e-04
5505	17/08/2008	08:00	3.80	230.0	2.10	18.80	1245.6	0.43	6.39	7.0	79.89	-88.99	-0.156	3.12e-03	4.04e-04
5506	17/08/2008	09:00	4.00	200.0	2.21	19.60	1307.3	0.44	6.23	8.0	52.07	-142.47	-0.100	1.82e-03	4.08e-04
5507	17/08/2008	10:00	2.80	190.0	1.73	19.70	1429.6	0.38	7.08	7.0	123.18	-40.67	-0.270	4.25e-03	4.09e-04
5508	17/08/2008	11:00	3.80	200.0	2.37	22.30	1641.2	0.51	6.03	3.0	236.22	-50.86	-0.391	8.36e-03	4.23e-04
5509	17/08/2008	12:00	4.00	180.0	2.47	23.50	1833.4	0.53	5.91	3.0	241.91	-54.59	-0.389	8.51e-03	4.30e-04
5510	17/08/2008	13:00	5.20	180.0	2.93	24.00	1987.7	0.60	5.42	5.0	208.59	-91.36	-0.298	7.29e-03	4.32e-04
5511	17/08/2008	14:00	2.50	170.0	1.64	25.20	2112.4	0.39	7.27	5.0	189.15	-26.94	-0.421	6.89e-03	4.39e-04
5512	17/08/2008	15:00	3.10	200.0	1.94	24.90	2213.5	0.43	6.68	5.0	160.26	-43.12	-0.322	6.16e-03	4.37e-04
5513	17/08/2008	16:00	1.20	220.0	1.00	24.10	2286.0	0.23	10.47	5.0	122.50	-8.64	-0.458	5.06e-03	4.33e-04
5514	17/08/2008	17:00	3.30	200.0	1.84	24.10	2332.4	0.39	6.84	5.0	77.99	-66.11	-0.172	3.56e-03	4.33e-04
5515	17/08/2008	18:00	2.80	200.0	1.54	22.90	2350.0	0.31	7.46	5.0	29.62	-93.37	-0.080	1.65e-03	4.26e-04
5516	17/08/2008	19:00	1.60	190.0	1.00	21.50	116.2	0.14	9.57	5.0	-5.52	90.00	0.034	0.00e+00	4.19e-04
5517	17/08/2008	20:00	1.00	120.0	1.00	19.40	88.9	0.09	11.99	4.0	-1.70	90.00	0.016	0.00e+00	4.07e-04
5518	17/08/2008	21:00	1.50	160.0	1.00	18.10	112.0	0.13	9.88	4.0	-4.69	90.00	0.030	0.00e+00	4.00e-04
5519	17/08/2008	22:00	1.00	140.0	1.00	17.70	88.9	0.09	11.99	4.0	-1.70	90.00	0.016	0.00e+00	3.98e-04
5520	17/08/2008	23:00	1.00	180.0	1.00	16.60	88.9	0.09	11.99	4.0	-1.70	90.00	0.016	0.00e+00	3.92e-04
5521	18/08/2008	00:00	1.20	160.0	1.00	16.00	98.7	0.11	10.99	4.0	-2.67	90.00	0.021	0.00e+00	3.89e-04
5522	18/08/2008	01:00	1.80	140.0	1.00	15.40	124.1	0.16	9.05	3.0	-7.45	90.00	0.040	0.00e+00	3.86e-04
5523	18/08/2008	02:00	1.00	260.0	1.00	14.80	88.9	0.09	11.99	3.0	-1.70	90.00	0.016	0.00e+00	3.83e-04
5524	18/08/2008	03:00	1.40	150.0	1.00	14.10	107.7	0.12	10.21	3.0	-3.94	90.00	0.027	0.00e+00	3.79e-04
5525	18/08/2008	04:00	1.40	150.0	1.00	14.30	107.7	0.12	10.21	3.0	-3.94	90.00	0.027	0.00e+00	3.80e-04
5526	18/08/2008	05:00	1.60	140.0	1.00	14.30	116.2	0.14	9.57	3.0	-5.52	90.00	0.033	0.00e+00	3.80e-04
5527	18/08/2008	06:00	1.00	330.0	1.00	15.80	464.4	0.16	11.72	2.0	22.05	-16.71	-0.114	1.88e-03	3.88e-04
5528	18/08/2008	07:00	1.90	180.0	1.23	18.50	834.7	0.29	8.40	1.0	79.51	-26.91	-0.231	4.14e-03	4.02e-04
5529	18/08/2008	08:00	3.20	170.0	1.91	20.50	1204.1	0.42	6.72	1.0	133.59	-48.08	-0.271	5.92e-03	4.13e-04
5530	18/08/2008	09:00	6.30	180.0	3.48	23.30	1979.6	0.69	4.96	1.0	177.73	-160.60	-0.221	7.23e-03	4.29e-04
5531	18/08/2008	10:00	7.60	190.0	4.19	24.70	2343.8	0.81	4.51	1.0	211.11	-224.38	-0.223	8.09e-03	4.36e-04
5532	18/08/2008	11:00	8.30	180.0	4.58	25.70	2542.0	0.88	4.32	1.0	231.60	-260.94	-0.226	8.56e-03	4.42e-04
5533	18/08/2008	12:00	9.40	170.0	5.18	26.80	2845.6	0.99	4.05	1.0	237.68	-356.69	-0.208	8.71e-03	4.48e-04
5534	18/08/2008	13:00	10.10	180.0	5.56	27.40	3037.9	1.05	3.91	1.0	229.82	-448.87	-0.189	8.56e-03	4.52e-04
5535	18/08/2008	14:00	10.00	180.0	5.51	27.70	3148.1	1.04	3.93	1.0	208.41	-478.59	-0.173	8.09e-03	4.53e-04
5536	18/08/2008	15:00	10.30	180.0	5.68	27.50	3241.3	1.07	3.87	1.0	174.93	-614.61	-0.142	7.23e-03	4.52e-04
5537	18/08/2008	16:00	10.70	190.0	5.91	27.50	3316.0	1.10	3.79	1.0	131.08	-906.28	-0.103	5.92e-03	4.52e-04
5538	18/08/2008	17:00	9.40	190.0	5.20	26.60	3361.7	0.97	4.04	1.0	79.85	-1010.66	-0.071	4.14e-03	4.47e-04
5539	18/08/2008	18:00	9.50	190.0	5.27	25.60	3384.9	0.97	4.01	1.0	24.05	-3411.14	-0.021	1.89e-03	4.41e-04
5540	18/08/2008	19:00	7.20	190.0	4.01	24.40	579.1	0.71	4.57	1.0	-74.28	431.08	0.089	0.00e+00	4.35e-04
5541	18/08/2008	20:00	7.50	190.0	4.18	24.10	616.6	0.74	4.48	1.0	-77.75	470.80	0.089	0.00e+00	4.33e-04
5542	18/08/2008	21:00	6.80	190.0	3.79	23.30	528.5	0.67	4.70	1.0	-69.99	378.40	0.089	0.00e+00	4.29e-04
5543	18/08/2008	22:00	7.60	180.0	4.24	22.50	627.6	0.76	4.45	1.0	-79.28	481.64	0.089	0.00e+00	4.24e-04
5544	18/08/2008	23:00	7.00	190.0	3.90	21.80	551.6	0.69	4.63	1.0	-72.61	401.14	0.089	0.00e+00	4.20e-04
5545	19/08/2008	00:00	7.10	190.0	3.96	21.70	563.9	0.70	4.60	1.0	-73.78	413.73	0.089	0.00e+00	4.20e-04
5546	19/08/2008	01:00	5.20	190.0	2.88	20.80	339.0	0.49	5.37	1.0	-51.83	202.35	0.089	0.00e+00	4.15e-04
5547	19/08/2008	02:00	3.20	190.0	1.73	20.40	170.2	0.27	6.86	1.0	-28.61	90.00	0.089	0.00e+00	4.13e-04
5548	19/08/2008	03:00	2.40	160.0	1.31	19.80	145.5	0.21	7.88	1.0	-15.61	90.00	0.064	0.00e+00	4.09e-04
5549	19/08/2008	04:00	1.50	220.0	1.00	18.60	112.0	0.13	9.88	1.0	-4.69	90.00	0.030	0.00e+00	4.03e-04
5550	19/08/2008	05:00	1.30	130.0	1.00	18.30	103.3	0.11	10.58	3.0	-3.26	90.00	0.024	0.00e+00	4.01e-04
5551	19/08/2008	06:00	1.10	160.0	1.00	19.70	492.5	0.17	11.28	6.0	23.77	-18.49	-0.117	1.32e-03	4.09e-04
5552	19/08/2008	07:00	4.00	180.0	2.21	22.30	1291.6	0.45	6.23	5.0	75.69	-104.72	-0.144	3.48e-03	4.23e-04
5553	19/08/2008	08:00	6.30	190.0	3.48	23.00	1951.1	0.68	4.96	3.0	133.37	-204.88	-0.168	5.73e-03	4.27e-04
5554	19/08/2008	09:00	7.60	180.0	4.19	24.60	2309.0	0.80	4.51	6.0	136.53	-331.73	-0.146	5.17e-03	4.36e-04
5555	19/08/2008	10:00	7.80	180.0	4.30	25.10	2416.1	0.82	4.45	6.0	161.03	-306.12	-0.168	5.79e-03	4.39e-04
5556	19/08/2008	11:00	7.50	190.0	4.14	25.20	2524.8	0.80	4.54	6.0	176.48	-253.65	-0.190	6.14e-03	4.39e-04
5557	19/08/2008	12:00	7.70	190.0	4.25	24.90	2608.3	0.81	4.48	7.0	135.49	-346.29	-0.144	4.56e-03	4.37e-04
5558	19/08/2008	13:00	6.30	290.0	3.48	22.70	2681.5	0.68	4.96	7.0	132.43	-206.15	-0.167	4.48e-03	4.25e-04
5559	19/08/2008	14:00	6.60	340.0	3.65	19.60	2718.1	0.69	4.82	8.0	60.50	-480.34	-0.074	2.02e-03	4.08e-04
5560	19/08/2008	15:00	4.00	360.0	2.23	17.30	2725.2	0.42	6.17	8.0	11.51	-567.43	-0.023	1.80e-03	3.96e-04
5561	19/08/2008	16:00	3.30	350.0	1.82	17.40	2738.4	0.36	6.85	7.0	25.64	-160.03	-0.060	3.08e-03	3.97e-04
5562	19/08/2008	17:00	1.20	360.0	1.00	17.30	2743.5	0.15	11.51	7.0	10.66	-29.24	-0.059	2.15e-03	3.96e-04
5563	19/08/2008	18:00	2.00	30.0	1.10	17.00	131.6	0.17	8.60	8.0	-9.28	90.00	0.045	4.59e-04	3.94e-04
5564	19/08/2008	19:00	1.70	90.0	1.00	16.30	120.2	0.15	9.30	6.0	-6.44	90.00	0.036	0.00e+00	3.91e-04
5565	19/08/2008	20:00	2.10	100.0	1.16	16.50	135.2	0.18	8.40	8.0	-9.74	90.00	0.045	0.00e+00	3.92e-04
5566	19/08/2008	21:00	1.10	140.0	1.00	16.00	93.9	0.10	11.46	8.0	-2.14	90.00	0.018	0.00e+00	3.89e-04
5567	19/08/2008	22:00	1.00	140.0	1.00	16.10	88.9	0.09	11.99	8.0	-1.70	90.00	0.016	0.00e+00	3.90e-04
5568	19/08/2008	23:00	1.70	160.0	1.00	16.20	120.2	0.15	9.30	8.0	-6.44	90.00	0.036	0.00e+00	3.90e-04
5569	20/08/2008	00:00	1.60	250.0	1.00	16.00	116.2	0.14	9.57	8.0	-5.52	90.00	0.033	0.00e+00	3.89e-04
5570	20/08/2008	01:00	1.00	0.0	1.00	15.20	88.9	0.09	11.99	7.0	-1.70	90.00	0.016	0.00e+00	3.85e-04
5571	20/08/2008	02:00	1.00	170.0	1.00	15.20	88.9	0.09	11.99	6.0	-1.70	90.00	0.016	0.00e+00	3.85e-04
5572	20/08/2008	03:00	1.20	130.0	1.00	15.20	98.7	0.11	10.99	7.0	-2.67	90.00	0.021	0.00e+00	3.85e-04
5573	20/08/2008	04:00	1.20	120.0	1.00	15.00	98.7	0.11	10.99	6.0	-2.67	90.00	0.021	0.00e+00	3.84e-04
5574	20/08/2008	05:00	1.00	30.0	1.00	15.20	88.9	0.09	11.99	7.0	-1.70	90.00	0.016	0.00e+00	3.85e-04
5575	20/08/2008	06:00	1.00	0.0	1.00	15.90	431.9	0.15	12.08	7.0	16.64	-17.81	-0.093	9.30e-04	3.89e-04
5576	20/08/2008	07:00	1.00	10.0	1.00	16.30	561.9	0.18	11.35	7.0	48.57	-11.40	-0.220	2.12e-03	3.91e-04
5577	20/08/2008	08:00	2.10	340.0	1.31	17.40	872.2	0.30	8.13	7.0	78.03	-31.29	-0.216	3.06e-03	3.97e-04
5578	20/08/2008	09:00	2.40	310.0	1.58	19.30	1116.3	0.37	7.42	3.0	179.89	-25.68	-0.405	6.98e-03	4.07e-04
5579	20/08/2008	10:00	2.50	330.0	1.64	20.50	1342.2	0.39	7.28	4.0	206.35	-25.29	-0.448	7.47e-03	4.13e-04
5580	20/08/2008	11:00	2.80	330.0	1.83	20.30	1553.3	0.42	6.88	4.0	227.54	-29.78	-0.453	7.92e-03	4.12e-04
5581	20/08/2008	12:00	2.40	320.0	1.57	22.10	1748.4	0.38	7.44	3.0	240.71	-20.84	-0.533	8.45e-03	4.22e-04
5582	20/08/2008	13:00	2.20	10.0	1.44	22.40	1912.2	0.36	7.77	4.0	224.81	-18.36	-0.531	7.92e-03	4.24e-04
5583	20/08/2008	14:00	3.90	10.0	2.36	22.70	2053.1	0.50	6.05	4.0	203.93	-55.90	-0.344	7.47e-03	4.25e-04
5584	20/08/2008	15:00	2.40	330.0	1.58	23.40	2162.0	0.37	7.41	4.0	170.78	-26.67	-0.392	6.66e-03	4.29e-04
5585	20/08/2008	16:00	4.00	360.0	2.25	21.90	2242.6	0.47	6.18	4.0	129.08	-71.64	-0.233	5.44e-03	4.21e-04
5586	20/08/2008	17:00	3.60	10.0	2.00	21.90	2290.6	0.41	6.56	4.0	79.20	-79.15	-0.163	3.76e-03	4.21e-04
5587	20/08/2008	18:00	3.80	10.0	2.11	20.90	2307.0	0.41	6.37	4.0	25.19	-236.48	-0.052	1.65e-03	4.15e-04
5588	20/08/2008	19:00	1.90	30.0	1.05	19.10	127.9	0.16	8.82	4.0	-8.56	90.00	0.044	0.00e+00	4.06e-04
5589	20/08/2008	20:00	1.60	360.0	1.00	18.30	116.2	0.14	9.57	3.0	-5.52	90.00	0.033	0.00e+00	4.01e-04
5590	20/08/2008	21:00	1.00	350.0	1.00	17.00	88.9	0.09	11.99	3.0	-1.70	90.00	0.016	0.00e+00	3.94e-04
5591	20/08/2008	22:00	1.10	160.0	1.00	15.60	93.9	0.10	11.46	3.0	-2.14	90.00	0.018	0.00e+00	3.87e-04
5592	20/08/2008	23:00	1.00	0.0	1.00	14.40	88.9	0.09	11.99	3.0	-1.70	90.00	0.016	0.00e+00	3.81e-04
5593	21/08/2008	00:00	1.00	200.0	1.00	13.70	88.9	0.09	11.99	2.0	-1.70	90.00	0.016	0.00e+00	3.77e-04
5594	21/08/2008	01:00	1.00	220.0	1.00	13.10	88.9	0.09	11.99	2.0	-1.70	90.00	0.016	0.00e+00	3.74e-04
5595	21/08/2008	02:00	1.00	160.0	1.00	12.70	88.9	0.09	11.99	2.0	-1.70	90.00	0.016	0.00e+00	3.72e-04
5596	21/08/2008	03:00	1.00	180.0	1.00	12.00	88.9	0.09	11.99	2.0	-1.70	90.00	0.016	0.00e+00	3.68e-04
5597	21/08/2008	04:00	1.30	160.0	1.00	11.80	103.3	0.11	10.58	2.0	-3.26	90.00	0.024	0.00e+00	3.67e-04
5598	21/08/2008	05:00	1.00	180.0	1.00	11.50	88.9	0.09	11.99	4.0	-1.70	90.00	0.016	0.00e+00	3.65e-04
5599	21/08/2008	06:00	1.00	130.0	1.00	12.90	447.5	0.15	11.90	3.0	19.06	-17.29	-0.101	1.67e-03	3.73e-04
5600	21/08/2008	07:00	1.00	0.0	1.00	15.40	631.7	0.19	11.41	1.0	75.74	-8.47	-0.325	4.00e-03	3.86e-04
5601	21/08/2008	08:00	1.00	0.0	1.00	17.90	861.7	0.21	11.48	1.0	131.21	-5.91	-0.533	5.81e-03	3.99e-04
5602	21/08/2008	09:00	1.30	10.0	1.00	19.80	1099.7	0.25	10.10	1.0	177.19	-7.86	-0.596	7.14e-03	4.09e-04
5603	21/08/2008	10:00	1.20	360.0	1.00	21.30	1329.5	0.24	10.54	1.0	211.44	-6.04	-0.736	8.01e-03	4.18e-04
5604	21/08/2008	11:00	1.90	10.0	1.24	22.40	1544.8	0.33	8.37	1.0	232.35	-13.45	-0.603	8.50e-03	4.24e-04
5605	21/08/2008	12:00	2.20	40.0	1.44	23.40	1738.9	0.36	7.77	3.0	237.88	-17.65	-0.561	8.42e-03	4.29e-04
5606	21/08/2008	13:00	1.30	360.0	1.00	24.20	1906.4	0.26	10.13	3.0	229.62	-6.63	-0.761	8.28e-03	4.34e-04
5607	21/08/2008	14:00	2.10	60.0	1.38	24.60	2048.5	0.35	7.95	2.0	209.49	-17.59	-0.518	7.96e-03	4.36e-04
5608	21/08/2008	15:00	2.80	30.0	1.82	24.60	2160.3	0.41	6.90	1.0	173.31	-35.51	-0.361	7.14e-03	4.36e-04
5609	21/08/2008	16:00	3.00	50.0	1.82	24.50	2239.6	0.40	6.89	1.0	128.27	-44.36	-0.274	5.81e-03	4.35e-04
5610	21/08/2008	17:00	3.20	60.0	1.79	24.20	2285.5	0.38	6.95	1.0	75.69	-63.17	-0.171	4.00e-03	4.34e-04
5611	21/08/2008	18:00	2.60	70.0	1.43	23.80	2297.2	0.29	7.73	1.0	18.93	-112.60	-0.056	1.71e-03	4.31e-04
5612	21/08/2008	19:00	1.30	80.0	1.00	22.10	103.3	0.11	10.58	2.0	-3.26	90.00	0.024	0.00e+00	4.22e-04
5613	21/08/2008	20:00	1.00	140.0	1.00	19.50	88.9	0.09	11.99	2.0	-1.70	90.00	0.016	0.00e+00	4.08e-04
5614	21/08/2008	21:00	1.00	0.0	1.00	18.10	88.9	0.09	11.99	2.0	-1.70	90.00	0.016	0.00e+00	4.00e-04
5615	21/08/2008	22:00	1.00	200.0	1.00	17.10	88.9	0.09	11.99	3.0	-1.70	90.00	0.016	0.00e+00	3.95e-04
5616	21/08/2008	23:00	1.00	180.0	1.00	16.70	88.9	0.09	11.99	3.0	-1.70	90.00	0.016	0.00e+00	3.93e-04
5617	22/08/2008	00:00	1.00	0.0	1.00	15.70	88.9	0.09	11.99	3.0	-1.70	90.00	0.016	0.00e+00	3.87e-04
5618	22/08/2008	01:00	1.00	0.0	1.00	15.40	88.9	0.09	11.99	4.0	-1.70	90.00	0.016	0.00e+00	3.86e-04
5619	22/08/2008	02:00	1.00	150.0	1.00	14.70	88.9	0.09	11.99	4.0	-1.70	90.00	0.016	0.00e+00	3.82e-04
5620	22/08/2008	03:00	1.00	140.0	1.00	14.50	88.9	0.09	11.99	4.0	-1.70	90.00	0.016	0.00e+00	3.81e-04
5621	22/08/2008	04:00	1.00	0.0	1.00	14.10	88.9	0.09	11.99	5.0	-1.70	90.00	0.016	0.00e+00	3.79e-04
5622	22/08/2008	05:00	1.40	190.0	1.00	14.70	107.7	0.12	10.21	6.0	-3.94	90.00	0.027	0.00e+00	3.82e-04
5623	22/08/2008	06:00	1.00	170.0	1.00	15.50	419.7	0.15	12.23	7.0	14.91	-18.25	-0.085	8.66e-04	3.86e-04
5624	22/08/2008	07:00	1.30	170.0	1.00	16.20	621.4	0.22	10.03	7.0	47.09	-18.74	-0.182	2.07e-03	3.90e-04
5625	22/08/2008	08:00	2.10	220.0	1.31	16.90	868.8	0.30	8.14	7.0	76.70	-31.46	-0.213	3.02e-03	3.94e-04
5626	22/08/2008	09:00	2.20	230.0	1.21	16.30	889.0	0.24	8.41	8.0	11.77	-110.42	-0.040	1.78e-03	3.91e-04
5627	22/08/2008	10:00	3.20	80.0	1.78	16.80	992.9	0.34	6.93	8.0	16.25	-221.58	-0.039	2.00e-03	3.93e-04
5628	22/08/2008	11:00	1.80	140.0	1.15	17.20	1077.3	0.27	8.70	8.0	65.20	-26.69	-0.202	2.12e-03	3.95e-04
5629	22/08/2008	12:00	2.00	140.0	1.32	19.70	1234.7	0.32	8.11	7.0	136.13	-21.64	-0.357	4.52e-03	4.09e-04
5630	22/08/2008	13:00	2.20	200.0	1.44	21.80	1464.2	0.36	7.77	3.0	231.53	-17.99	-0.545	8.25e-03	4.20e-04
5631	22/08/2008	14:00	3.90	170.0	2.37	22.90	1651.0	0.51	6.04	2.0	210.11	-55.31	-0.352	7.94e-03	4.26e-04
5632	22/08/2008	15:00	4.60	180.0	2.60	23.00	1788.9	0.54	5.76	4.0	168.85	-80.85	-0.268	6.60e-03	4.27e-04
5633	22/08/2008	16:00	6.90	180.0	3.81	22.30	2110.7	0.73	4.73	4.0	126.58	-273.32	-0.147	5.36e-03	4.23e-04
5634	22/08/2008	17:00	4.40	270.0	2.43	21.50	2162.0	0.48	5.94	4.0	76.72	-130.89	-0.134	3.67e-03	4.19e-04
5635	22/08/2008	18:00	1.90	340.0	1.04	20.90	2175.9	0.23	9.10	4.0	22.57	-46.71	-0.084	1.54e-03	4.15e-04
5636	22/08/2008	19:00	1.60	70.0	1.00	17.00	116.2	0.14	9.57	5.0	-5.52	90.00	0.033	0.00e+00	3.94e-04
5637	22/08/2008	20:00	1.00	70.0	1.00	16.10	88.9	0.09	11.99	5.0	-1.70	90.00	0.016	0.00e+00	3.90e-04
5638	22/08/2008	21:00	1.00	60.0	1.00	15.90	88.9	0.09	11.99	5.0	-1.70	90.00	0.016	0.00e+00	3.89e-04
5639	22/08/2008	22:00	1.20	70.0	1.00	16.00	98.7	0.11	10.99	6.0	-2.67	90.00	0.021	0.00e+00	3.89e-04
5640	22/08/2008	23:00	1.00	0.0	1.00	15.60	88.9	0.09	11.99	6.0	-1.70	90.00	0.016	0.00e+00	3.87e-04
5641	23/08/2008	00:00	1.10	110.0	1.00	14.20	93.9	0.10	11.46	6.0	-2.14	90.00	0.018	0.00e+00	3.80e-04
5642	23/08/2008	01:00	1.00	280.0	1.00	13.70	88.9	0.09	11.99	7.0	-1.70	90.00	0.016	0.00e+00	3.77e-04
5643	23/08/2008	02:00	1.00	240.0	1.00	13.30	88.9	0.09	11.99	7.0	-1.70	90.00	0.016	0.00e+00	3.75e-04
5644	23/08/2008	03:00	1.00	220.0	1.00	13.80	88.9	0.09	11.99	7.0	-1.70	90.00	0.016	0.00e+00	3.77e-04
5645	23/08/2008	04:00	1.50	200.0	1.00	13.90	112.0	0.13	9.88	7.0	-4.69	90.00	0.030	0.00e+00	3.78e-04
5646	23/08/2008	05:00	1.00	160.0	1.00	14.30	88.9	0.09	11.99	7.0	-1.70	90.00	0.016	0.00e+00	3.80e-04
5647	23/08/2008	06:00	1.30	190.0	1.00	14.50	495.4	0.17	10.94	6.0	17.34	-25.78	-0.084	1.14e-03	3.81e-04
5648	23/08/2008	07:00	1.00	0.0	1.00	16.10	606.8	0.18	11.34	7.0	46.32	-11.77	-0.210	2.05e-03	3.90e-04
5649	23/08/2008	08:00	2.40	320.0	1.42	17.00	922.2	0.32	7.80	7.0	75.99	-37.97	-0.199	3.00e-03	3.94e-04
5650	23/08/2008	09:00	2.30	350.0	1.51	18.00	1103.6	0.35	7.57	6.0	136.36	-28.56	-0.324	5.08e-03	4.00e-04
5651	23/08/2008	10:00	4.20	360.0	2.34	18.80	1395.1	0.48	6.06	7.0	119.91	-83.31	-0.209	4.17e-03	4.04e-04
5652	23/08/2008	11:00	3.20	340.0	2.01	19.50	1558.5	0.44	6.55	6.0	177.90	-43.51	-0.338	6.07e-03	4.08e-04
5653	23/08/2008	12:00	4.80	340.0	2.75	21.00	1738.6	0.57	5.60	5.0	212.70	-77.01	-0.316	7.30e-03	4.16e-04
5654	23/08/2008	13:00	5.10	340.0	2.90	20.80	1909.5	0.60	5.45	4.0	223.65	-84.19	-0.317	7.85e-03	4.15e-04
5655	23/08/2008	14:00	5.20	330.0	2.93	21.50	2056.8	0.60	5.42	3.0	208.99	-91.25	-0.296	7.75e-03	4.19e-04
5656	23/08/2008	15:00	5.90	350.0	3.27	22.10	2174.2	0.65	5.12	1.0	172.74	-139.76	-0.226	7.07e-03	4.22e-04
5657	23/08/2008	16:00	4.90	340.0	2.72	22.20	2254.8	0.55	5.62	1.0	126.54	-114.00	-0.197	5.73e-03	4.23e-04
5658	23/08/2008	17:00	5.00	360.0	2.76	20.70	2301.4	0.54	5.56	1.0	72.72	-190.13	-0.114	3.90e-03	4.14e-04
5659	23/08/2008	18:00	3.00	10.0	1.67	19.50	2310.2	0.32	7.16	1.0	13.64	-218.27	-0.036	1.59e-03	4.08e-04
5660	23/08/2008	19:00	2.40	10.0	1.31	17.40	145.5	0.21	7.88	1.0	-15.61	90.00	0.064	0.00e+00	3.97e-04
5661	23/08/2008	20:00	1.00	340.0	1.00	16.50	88.9	0.09	11.99	1.0	-1.70	90.00	0.016	0.00e+00	3.92e-04
5662	23/08/2008	21:00	2.80	350.0	1.52	15.70	158.3	0.24	7.31	1.0	-23.27	90.00	0.081	0.00e+00	3.87e-04
5663	23/08/2008	22:00	1.20	80.0	1.00	14.80	98.7	0.11	10.99	1.0	-2.67	90.00	0.021	0.00e+00	3.83e-04
5664	23/08/2008	23:00	1.00	360.0	1.00	13.80	88.9	0.09	11.99	0.0	-1.70	90.00	0.016	0.00e+00	3.77e-04
5665	24/08/2008	00:00	1.00	0.0	1.00	13.00	88.9	0.09	11.99	0.0	-1.70	90.00	0.016	0.00e+00	3.73e-04
5666	24/08/2008	01:00	1.00	0.0	1.00	12.00	88.9	0.09	11.99	0.0	-1.70	90.00	0.016	0.00e+00	3.68e-04
5667	24/08/2008	02:00	1.00	0.0	1.00	11.10	88.9	0.09	11.99	0.0	-1.70	90.00	0.016	0.00e+00	3.63e-04
5668	24/08/2008	03:00	1.10	150.0	1.00	10.80	93.9	0.10	11.46	0.0	-2.14	90.00	0.018	0.00e+00	3.62e-04
5669	24/08/2008	04:00	1.00	80.0	1.00	10.60	88.9	0.09	11.99	0.0	-1.70	90.00	0.016	0.00e+00	3.61e-04
5670	24/08/2008	05:00	1.00	160.0	1.00	9.80	88.9	0.09	11.99	0.0	-1.70	90.00	0.016	0.00e+00	3.57e-04
5671	24/08/2008	06:00	1.00	0.0	1.00	11.30	355.3	0.12	12.66	0.0	4.84	-34.06	-0.032	1.53e-03	3.64e-04
5672	24/08/2008	07:00	1.10	110.0	1.00	14.40	589.1	0.20	10.87	1.0	71.53	-10.52	-0.290	3.85e-03	3.81e-04
5673	24/08/2008	08:00	1.00	110.0	1.00	16.60	825.1	0.21	11.47	1.0	127.93	-6.01	-0.519	5.69e-03	3.92e-04
5674	24/08/2008	09:00	1.00	320.0	1.00	18.30	1066.5	0.21	11.51	1.0	174.82	-4.91	-0.688	7.04e-03	4.01e-04
5675	24/08/2008	10:00	2.00	350.0	1.31	19.10	1302.1	0.34	8.15	1.0	210.49	-15.92	-0.527	7.93e-03	4.06e-04
5676	24/08/2008	11:00	3.40	20.0	2.18	19.90	1525.5	0.48	6.29	1.0	232.24	-42.79	-0.406	8.42e-03	4.10e-04
5677	24/08/2008	12:00	1.80	10.0	1.18	21.10	1719.8	0.32	8.60	1.0	238.25	-11.91	-0.635	8.58e-03	4.17e-04
5678	24/08/2008	13:00	3.70	40.0	2.32	22.20	1892.9	0.50	6.10	1.0	229.13	-49.37	-0.387	8.42e-03	4.23e-04
5679	24/08/2008	14:00	3.20	340.0	2.06	22.30	2035.5	0.46	6.49	1.0	206.74	-40.84	-0.385	7.93e-03	4.23e-04
5680	24/08/2008	15:00	2.40	50.0	1.58	23.10	2146.4	0.37	7.41	2.0	172.59	-26.47	-0.395	6.99e-03	4.28e-04
5681	24/08/2008	16:00	2.90	30.0	1.78	22.80	2225.0	0.39	6.97	2.0	127.15	-42.35	-0.275	5.65e-03	4.26e-04
5682	24/08/2008	17:00	3.10	60.0	1.73	22.40	2269.9	0.37	7.05	2.0	73.95	-60.02	-0.171	3.83e-03	4.24e-04
5683	24/08/2008	18:00	2.80	40.0	1.55	21.20	2279.9	0.31	7.43	2.0	16.00	-157.62	-0.044	1.52e-03	4.17e-04
5684	24/08/2008	19:00	1.60	70.0	1.00	20.40	116.2	0.14	9.57	2.0	-5.52	90.00	0.034	0.00e+00	4.13e-04
5685	24/08/2008	20:00	1.00	0.0	1.00	19.00	88.9	0.09	11.99	2.0	-1.70	90.00	0.016	0.00e+00	4.05e-04
5686	24/08/2008	21:00	1.00	0.0	1.00	19.10	88.9	0.09	11.99	2.0	-1.70	90.00	0.016	0.00e+00	4.06e-04
5687	24/08/2008	22:00	1.00	0.0	1.00	18.30	88.9	0.09	11.99	3.0	-1.70	90.00	0.016	0.00e+00	4.01e-04
5688	24/08/2008	23:00	4.40	330.0	2.43	18.30	261.5	0.40	5.82	3.0	-40.18	144.07	0.084	0.00e+00	4.01e-04
5689	25/08/2008	00:00	2.20	340.0	1.21	17.40	138.7	0.19	8.21	3.0	-12.47	90.00	0.055	0.00e+00	3.97e-04
5690	25/08/2008	01:00	2.20	320.0	1.21	16.80	138.7	0.19	8.21	3.0	-12.47	90.00	0.055	0.00e+00	3.93e-04
5691	25/08/2008	02:00	1.00	30.0	1.00	16.50	88.9	0.09	11.99	3.0	-1.70	90.00	0.016	0.00e+00	3.92e-04
5692	25/08/2008	03:00	1.00	0.0	1.00	15.30	88.9	0.09	11.99	3.0	-1.70	90.00	0.016	0.00e+00	3.85e-04
5693	25/08/2008	04:00	1.00	230.0	1.00	15.10	88.9	0.09	11.99	3.0	-1.70	90.00	0.016	0.00e+00	3.84e-04
5694	25/08/2008	05:00	1.00	0.0	1.00	15.10	88.9	0.09	11.99	7.0	-1.70	90.00	0.016	0.00e+00	3.84e-04
5695	25/08/2008	06:00	1.30	170.0	1.00	15.40	480.1	0.17	11.02	3.0	14.09	-28.91	-0.070	1.43e-03	3.86e-04
5696	25/08/2008	07:00	1.00	0.0	1.00	16.40	623.2	0.19	11.37	6.0	59.71	-9.92	-0.264	2.73e-03	3.91e-04
5697	25/08/2008	08:00	1.80	10.0	1.19	18.50	851.9	0.30	8.53	5.0	115.84	-19.64	-0.330	4.79e-03	4.02e-04
5698	25/08/2008	09:00	2.10	360.0	1.38	20.20	1091.2	0.34	7.93	3.0	172.93	-20.14	-0.429	6.82e-03	4.12e-04
5699	25/08/2008	10:00	2.20	340.0	1.44	21.50	1320.9	0.36	7.76	3.0	206.60	-19.49	-0.491	7.69e-03	4.19e-04
5700	25/08/2008	11:00	2.10	350.0	1.38	22.60	1535.3	0.35	7.96	2.0	228.94	-16.53	-0.557	8.35e-03	4.25e-04
5701	25/08/2008	12:00	3.00	340.0	1.96	23.50	1731.1	0.45	6.65	2.0	235.30	-33.58	-0.450	8.50e-03	4.30e-04
5702	25/08/2008	13:00	2.80	350.0	1.83	23.30	1900.5	0.42	6.88	2.0	228.07	-29.73	-0.458	8.35e-03	4.29e-04
5703	25/08/2008	14:00	3.70	10.0	2.28	24.00	2043.3	0.49	6.16	2.0	205.41	-51.48	-0.357	7.85e-03	4.32e-04
5704	25/08/2008	15:00	3.60	20.0	2.16	24.20	2154.2	0.47	6.32	3.0	169.83	-52.81	-0.312	6.82e-03	4.34e-04
5705	25/08/2008	16:00	4.50	360.0	2.50	23.70	2234.5	0.51	5.86	3.0	125.73	-93.98	-0.210	5.50e-03	4.31e-04
5706	25/08/2008	17:00	4.40	20.0	2.43	23.40	2280.9	0.48	5.94	4.0	73.06	-136.31	-0.129	3.53e-03	4.29e-04
5707	25/08/2008	18:00	4.10	30.0	2.28	22.30	2294.6	0.43	6.11	4.0	19.29	-372.84	-0.038	1.36e-03	4.23e-04
5708	25/08/2008	19:00	3.20	20.0	1.73	20.90	170.2	0.27	6.86	5.0	-23.17	90.00	0.072	0.00e+00	4.15e-04
5709	25/08/2008	20:00	4.40	350.0	2.45	20.60	308.7	0.42	5.82	6.0	-31.95	201.88	0.065	0.00e+00	4.14e-04
5710	25/08/2008	21:00	5.20	340.0	2.90	19.30	406.3	0.51	5.36	6.0	-38.98	296.41	0.065	0.00e+00	4.07e-04
5711	25/08/2008	22:00	3.70	330.0	2.03	18.70	204.5	0.32	6.36	5.0	-28.01	108.38	0.072	0.00e+00	4.03e-04
5712	25/08/2008	23:00	3.10	340.0	1.68	18.00	167.3	0.26	6.96	5.0	-22.69	90.00	0.072	0.00e+00	4.00e-04
5713	26/08/2008	00:00	2.50	340.0	1.37	17.60	148.8	0.21	7.72	4.0	-17.34	90.00	0.068	0.00e+00	3.98e-04
5714	26/08/2008	01:00	2.20	300.0	1.21	16.90	138.7	0.19	8.21	4.0	-12.47	90.00	0.055	0.00e+00	3.94e-04
5715	26/08/2008	02:00	1.00	320.0	1.00	16.00	88.9	0.09	11.99	3.0	-1.70	90.00	0.016	0.00e+00	3.89e-04
5716	26/08/2008	03:00	1.90	310.0	1.05	15.50	127.9	0.16	8.82	3.0	-8.56	90.00	0.043	0.00e+00	3.86e-04
5717	26/08/2008	04:00	2.10	310.0	1.16	15.90	135.2	0.18	8.40	2.0	-11.06	90.00	0.051	0.00e+00	3.89e-04
5718	26/08/2008	05:00	1.00	0.0	1.00	15.00	88.9	0.09	11.99	4.0	-1.70	90.00	0.016	0.00e+00	3.84e-04
5719	26/08/2008	06:00	1.00	330.0	1.00	16.40	424.7	0.15	12.17	5.0	15.62	-18.04	-0.088	1.19e-03	3.91e-04
5720	26/08/2008	07:00	2.30	340.0	1.37	17.60	891.3	0.31	7.95	4.0	71.50	-36.44	-0.194	3.49e-03	3.98e-04
5721	26/08/2008	08:00	2.20	360.0	1.45	18.70	1065.6	0.34	7.73	2.0	126.27	-27.54	-0.312	5.57e-03	4.03e-04
5722	26/08/2008	09:00	2.50	340.0	1.64	20.60	1265.3	0.38	7.26	2.0	172.04	-28.87	-0.380	6.93e-03	4.14e-04
5723	26/08/2008	10:00	3.90	30.0	2.35	21.20	1467.2	0.50	6.07	4.0	198.81	-56.39	-0.335	7.32e-03	4.17e-04
5724	26/08/2008	11:00	3.10	30.0	2.02	22.60	1663.5	0.45	6.55	3.0	225.86	-36.84	-0.423	8.15e-03	4.25e-04
5725	26/08/2008	12:00	4.50	10.0	2.64	23.50	1841.4	0.55	5.72	4.0	224.03	-67.28	-0.345	7.93e-03	4.30e-04
5726	26/08/2008	13:00	3.80	10.0	2.25	23.70	1965.7	0.48	6.20	6.0	171.80	-57.00	-0.306	6.02e-03	4.31e-04
5727	26/08/2008	14:00	4.20	10.0	2.39	23.80	2072.9	0.50	6.01	6.0	155.91	-70.67	-0.267	5.65e-03	4.31e-04
5728	26/08/2008	15:00	4.30	10.0	2.43	25.20	2172.2	0.50	5.96	5.0	151.08	-75.40	-0.257	5.91e-03	4.39e-04
5729	26/08/2008	16:00	4.70	350.0	2.60	25.00	2245.0	0.52	5.74	5.0	112.82	-112.81	-0.185	4.76e-03	4.38e-04
5730	26/08/2008	17:00	5.10	20.0	2.82	24.00	2285.0	0.54	5.50	6.0	59.81	-238.54	-0.094	2.69e-03	4.32e-04
5731	26/08/2008	18:00	4.20	20.0	2.34	23.40	2298.5	0.44	6.04	6.0	18.54	-413.87	-0.036	1.01e-03	4.29e-04
5732	26/08/2008	19:00	2.80	360.0	1.52	22.30	158.3	0.24	7.31	5.0	-20.27	90.00	0.072	0.00e+00	4.23e-04
5733	26/08/2008	20:00	2.40	360.0	1.31	21.60	145.5	0.21	7.88	6.0	-15.61	90.00	0.065	0.00e+00	4.19e-04
5734	26/08/2008	21:00	2.50	340.0	1.37	21.20	148.8	0.21	7.72	7.0	-13.99	90.00	0.056	0.00e+00	4.17e-04
5735	26/08/2008	22:00	2.50	330.0	1.37	20.90	148.8	0.21	7.72	7.0	-14.01	90.00	0.056	0.00e+00	4.15e-04
5736	26/08/2008	23:00	1.90	320.0	1.05	19.80	127.9	0.16	8.82	8.0	-8.56	90.00	0.044	0.00e+00	4.09e-04
5737	27/08/2008	00:00	1.00	0.0	1.00	18.60	88.9	0.09	11.99	7.0	-1.70	90.00	0.016	0.00e+00	4.03e-04
5738	27/08/2008	01:00	1.00	0.0	1.00	18.30	88.9	0.09	11.99	7.0	-1.70	90.00	0.016	0.00e+00	4.01e-04
5739	27/08/2008	02:00	2.50	360.0	1.37	19.30	148.8	0.21	7.72	8.0	-11.41	90.00	0.045	0.00e+00	4.07e-04
5740	27/08/2008	03:00	2.10	10.0	1.16	18.30	135.2	0.18	8.40	6.0	-11.06	90.00	0.051	0.00e+00	4.01e-04
5741	27/08/2008	04:00	2.00	10.0	1.10	17.30	131.6	0.17	8.60	2.0	-9.76	90.00	0.047	0.00e+00	3.96e-04
5742	27/08/2008	05:00	1.60	360.0	1.00	16.60	116.2	0.14	9.57	2.0	-5.52	90.00	0.033	0.00e+00	3.92e-04
5743	27/08/2008	06:00	1.70	360.0	1.00	17.00	563.3	0.20	9.61	2.0	9.24	-71.20	-0.040	1.33e-03	3.94e-04
5744	27/08/2008	07:00	1.70	20.0	1.11	18.30	768.4	0.27	8.84	2.0	69.54	-24.00	-0.219	3.67e-03	4.01e-04
5745	27/08/2008	08:00	1.40	20.0	1.00	19.70	959.6	0.25	9.69	2.0	124.41	-11.44	-0.416	5.53e-03	4.09e-04
5746	27/08/2008	09:00	1.50	10.0	1.00	21.50	1171.8	0.27	9.40	2.0	169.99	-10.57	-0.529	6.89e-03	4.19e-04
5747	27/08/2008	10:00	1.70	10.0	1.12	22.70	1383.2	0.30	8.84	1.0	202.59	-11.92	-0.573	7.84e-03	4.25e-04
5748	27/08/2008	11:00	3.20	330.0	2.07	24.30	1589.2	0.46	6.46	1.0	222.97	-39.33	-0.413	8.35e-03	4.34e-04
5749	27/08/2008	12:00	3.30	350.0	2.13	25.30	1776.5	0.47	6.37	1.0	229.31	-40.91	-0.416	8.51e-03	4.40e-04
5750	27/08/2008	13:00	4.60	10.0	2.67	25.30	1943.5	0.56	5.68	1.0	221.88	-69.98	-0.341	8.35e-03	4.40e-04
5751	27/08/2008	14:00	3.70	340.0	2.27	26.30	2080.2	0.49	6.17	1.0	199.28	-52.05	-0.351	7.84e-03	4.45e-04
5752	27/08/2008	15:00	4.10	360.0	2.36	26.50	2187.6	0.50	6.05	1.0	164.83	-65.64	-0.286	6.93e-03	4.46e-04
5753	27/08/2008	16:00	4.80	10.0	2.66	26.50	2264.8	0.54	5.68	1.0	120.16	-112.97	-0.194	5.56e-03	4.46e-04
5754	27/08/2008	17:00	4.60	360.0	2.54	25.50	2308.2	0.50	5.80	1.0	67.88	-162.51	-0.117	3.70e-03	4.41e-04
5755	27/08/2008	18:00	3.50	10.0	1.95	24.30	2316.0	0.37	6.60	1.0	10.75	-415.40	-0.025	1.34e-03	4.34e-04
5756	27/08/2008	19:00	2.20	360.0	1.21	23.00	138.7	0.19	8.21	1.0	-12.47	90.00	0.056	0.00e+00	4.27e-04
5757	27/08/2008	20:00	2.70	350.0	1.47	22.20	155.2	0.23	7.44	1.0	-21.17	90.00	0.078	0.00e+00	4.23e-04
5758	27/08/2008	21:00	2.00	320.0	1.10	20.90	131.6	0.17	8.60	1.0	-9.76	90.00	0.048	0.00e+00	4.15e-04
5759	27/08/2008	22:00	2.30	340.0	1.26	20.60	142.1	0.20	8.04	2.0	-13.98	90.00	0.060	0.00e+00	4.14e-04
5760	27/08/2008	23:00	3.40	330.0	1.84	20.40	175.9	0.29	6.66	2.0	-29.62	90.00	0.087	0.00e+00	4.13e-04
5761	28/08/2008	00:00	3.90	340.0	2.11	19.80	193.8	0.33	6.23	2.0	-34.20	93.70	0.087	0.00e+00	4.09e-04
5762	28/08/2008	01:00	4.10	340.0	2.25	18.90	219.7	0.36	6.04	2.0	-37.46	111.37	0.087	0.00e+00	4.05e-04
5763	28/08/2008	02:00	3.20	340.0	1.73	18.50	170.2	0.27	6.86	2.0	-28.12	90.00	0.087	0.00e+00	4.02e-04
5764	28/08/2008	03:00	3.40	350.0	1.84	17.90	175.9	0.29	6.66	2.0	-29.87	90.00	0.087	0.00e+00	3.99e-04
5765	28/08/2008	04:00	2.30	340.0	1.26	17.70	142.1	0.20	8.04	2.0	-13.98	90.00	0.059	0.00e+00	3.98e-04
5766	28/08/2008	05:00	2.50	340.0	1.37	17.30	148.8	0.21	7.72	3.0	-17.34	90.00	0.068	0.00e+00	3.96e-04
5767	28/08/2008	06:00	2.10	340.0	1.16	17.60	667.6	0.23	8.58	2.0	8.02	-136.48	-0.029	1.26e-03	3.98e-04
5768	28/08/2008	07:00	3.30	10.0	1.83	19.00	1099.2	0.38	6.86	1.0	65.51	-74.58	-0.145	3.64e-03	4.05e-04
5769	28/08/2008	08:00	3.10	10.0	1.84	20.20	1241.3	0.40	6.86	1.0	120.58	-47.44	-0.254	5.52e-03	4.12e-04
5770	28/08/2008	09:00	4.50	360.0	2.55	21.60	1525.0	0.53	5.81	2.0	168.59	-77.39	-0.271	6.85e-03	4.19e-04
5771	28/08/2008	10:00	3.70	10.0	2.27	22.80	1698.4	0.49	6.16	2.0	202.88	-51.71	-0.352	7.76e-03	4.26e-04
5772	28/08/2008	11:00	4.00	350.0	2.44	24.00	1871.5	0.52	5.95	2.0	223.59	-56.21	-0.367	8.27e-03	4.32e-04
5773	28/08/2008	12:00	5.20	360.0	2.95	24.50	2036.5	0.61	5.40	1.0	228.99	-86.30	-0.323	8.48e-03	4.35e-04
5774	28/08/2008	13:00	5.30	10.0	2.99	25.30	2184.0	0.61	5.36	1.0	220.65	-91.75	-0.310	8.32e-03	4.40e-04
5775	28/08/2008	14:00	5.30	360.0	2.97	25.70	2308.7	0.60	5.38	1.0	198.53	-98.30	-0.283	7.81e-03	4.42e-04
5776	28/08/2008	15:00	5.80	10.0	3.21	25.80	2409.1	0.64	5.16	1.0	163.93	-139.75	-0.221	6.90e-03	4.43e-04
5777	28/08/2008	16:00	4.80	360.0	2.66	25.30	2478.1	0.53	5.68	1.0	119.04	-113.79	-0.191	5.52e-03	4.40e-04
5778	28/08/2008	17:00	4.70	10.0	2.60	24.70	2517.0	0.51	5.74	1.0	66.30	-175.36	-0.112	3.64e-03	4.36e-04
5779	28/08/2008	18:00	4.70	10.0	2.62	23.10	2524.5	0.49	5.69	1.0	8.48	-1212.60	-0.015	1.27e-03	4.28e-04
5780	28/08/2008	19:00	3.10	10.0	1.68	21.30	167.3	0.26	6.96	1.0	-27.66	90.00	0.089	0.00e+00	4.18e-04
5781	28/08/2008	20:00	2.10	360.0	1.16	20.40	135.2	0.18	8.40	1.0	-11.06	90.00	0.052	0.00e+00	4.13e-04
5782	28/08/2008	21:00	2.80	330.0	1.52	20.00	158.3	0.24	7.31	1.0	-23.27	90.00	0.082	0.00e+00	4.11e-04
5783	28/08/2008	22:00	1.70	330.0	1.00	18.90	120.2	0.15	9.30	1.0	-6.44	90.00	0.037	0.00e+00	4.05e-04
5784	28/08/2008	23:00	1.40	310.0	1.00	18.80	107.7	0.12	10.21	1.0	-3.94	90.00	0.027	0.00e+00	4.04e-04
5785	29/08/2008	00:00	2.70	320.0	1.47	18.60	155.2	0.23	7.44	1.0	-21.17	90.00	0.077	0.00e+00	4.03e-04
5786	29/08/2008	01:00	3.50	350.0	1.89	18.30	178.6	0.30	6.57	1.0	-31.42	90.00	0.089	0.00e+00	4.01e-04
5787	29/08/2008	02:00	2.80	340.0	1.52	17.10	158.3	0.24	7.31	1.0	-23.27	90.00	0.082	0.00e+00	3.95e-04
5788	29/08/2008	03:00	1.30	350.0	1.00	16.00	103.3	0.11	10.58	1.0	-3.26	90.00	0.024	0.00e+00	3.89e-04
5789	29/08/2008	04:00	1.80	360.0	1.00	15.30	124.1	0.16	9.05	1.0	-7.45	90.00	0.040	0.00e+00	3.85e-04
5790	29/08/2008	05:00	2.00	360.0	1.10	14.80	131.6	0.17	8.60	1.0	-9.76	90.00	0.047	0.00e+00	3.83e-04
5791	29/08/2008	06:00	2.40	10.0	1.35	15.20	728.1	0.25	7.94	1.0	2.09	-680.15	-0.007	1.20e-03	3.85e-04
5792	29/08/2008	07:00	2.50	30.0	1.43	16.00	908.4	0.31	7.79	1.0	63.92	-43.15	-0.169	3.59e-03	3.89e-04
5793	29/08/2008	08:00	3.30	10.0	1.92	16.50	1196.1	0.41	6.71	1.0	120.86	-52.09	-0.243	5.47e-03	3.92e-04
5794	29/08/2008	09:00	2.30	40.0	1.51	18.50	1370.5	0.36	7.57	1.0	167.89	-24.74	-0.391	6.86e-03	4.02e-04
5795	29/08/2008	10:00	1.70	40.0	1.12	21.00	1554.6	0.30	8.84	2.0	203.51	-11.88	-0.572	7.73e-03	4.16e-04
5796	29/08/2008	11:00	3.50	10.0	2.22	22.40	1740.6	0.49	6.24	2.0	224.22	-45.60	-0.392	8.24e-03	4.24e-04
5797	29/08/2008	12:00	3.20	30.0	2.08	23.40	1912.2	0.47	6.45	2.0	230.53	-38.62	-0.423	8.40e-03	4.29e-04
5798	29/08/2008	13:00	3.10	360.0	2.02	24.50	2062.9	0.45	6.55	1.0	220.25	-37.40	-0.416	8.29e-03	4.35e-04
5799	29/08/2008	14:00	3.50	360.0	2.18	25.30	2190.3	0.47	6.30	1.0	197.60	-47.97	-0.357	7.78e-03	4.40e-04
5800	29/08/2008	15:00	3.70	10.0	2.18	25.70	2290.4	0.47	6.29	1.0	162.68	-55.78	-0.299	6.86e-03	4.42e-04
5801	29/08/2008	16:00	3.40	10.0	1.95	25.60	2360.0	0.42	6.65	1.0	117.64	-55.38	-0.241	5.47e-03	4.41e-04
5802	29/08/2008	17:00	3.20	360.0	1.78	25.10	2397.8	0.37	6.97	1.0	64.99	-70.02	-0.150	3.59e-03	4.39e-04
5803	29/08/2008	18:00	3.00	360.0	1.67	23.90	2403.0	0.32	7.13	1.0	7.54	-377.17	-0.020	1.20e-03	4.32e-04
5804	29/08/2008	19:00	1.50	360.0	1.00	22.30	112.0	0.13	9.88	1.0	-4.69	90.00	0.031	0.00e+00	4.23e-04
5805	29/08/2008	20:00	1.70	350.0	1.00	21.20	120.2	0.15	9.30	1.0	-6.44	90.00	0.037	0.00e+00	4.17e-04
5806	29/08/2008	21:00	1.00	270.0	1.00	19.70	88.9	0.09	11.99	1.0	-1.70	90.00	0.016	0.00e+00	4.09e-04
5807	29/08/2008	22:00	1.00	320.0	1.00	19.30	88.9	0.09	11.99	0.0	-1.70	90.00	0.016	0.00e+00	4.07e-04
5808	29/08/2008	23:00	1.30	180.0	1.00	18.50	103.3	0.11	10.58	0.0	-3.26	90.00	0.024	0.00e+00	4.02e-04
5809	30/08/2008	00:00	1.50	200.0	1.00	17.20	112.0	0.13	9.88	0.0	-4.69	90.00	0.030	0.00e+00	3.95e-04
5810	30/08/2008	01:00	1.10	190.0	1.00	16.60	93.9	0.10	11.46	0.0	-2.14	90.00	0.018	0.00e+00	3.92e-04
5811	30/08/2008	02:00	1.00	170.0	1.00	15.70	88.9	0.09	11.99	0.0	-1.70	90.00	0.016	0.00e+00	3.87e-04
5812	30/08/2008	03:00	1.00	160.0	1.00	15.10	88.9	0.09	11.99	0.0	-1.70	90.00	0.016	0.00e+00	3.84e-04
5813	30/08/2008	04:00	1.00	210.0	1.00	14.60	88.9	0.09	11.99	0.0	-1.70	90.00	0.016	0.00e+00	3.82e-04
5814	30/08/2008	05:00	1.00	230.0	1.00	14.40	88.9	0.09	11.99	1.0	-1.70	90.00	0.016	0.00e+00	3.81e-04
5815	30/08/2008	06:00	1.20	190.0	1.00	15.00	367.6	0.13	11.22	1.0	0.36	-501.36	-0.002	1.14e-03	3.84e-04
5816	30/08/2008	07:00	1.00	230.0	1.00	17.10	548.7	0.19	11.38	1.0	62.41	-9.63	-0.275	3.53e-03	3.95e-04
5817	30/08/2008	08:00	1.00	340.0	1.00	20.20	782.6	0.20	11.46	1.0	117.75	-6.34	-0.488	5.43e-03	4.12e-04
5818	30/08/2008	09:00	1.40	120.0	1.00	22.50	1024.0	0.26	9.72	1.0	163.33	-9.53	-0.535	6.82e-03	4.24e-04
5819	30/08/2008	10:00	1.30	170.0	1.00	24.00	1255.2	0.25	10.11	1.0	197.45	-7.32	-0.666	7.75e-03	4.32e-04
5820	30/08/2008	11:00	1.20	170.0	1.00	25.90	1469.1	0.24	10.54	1.0	217.54	-5.93	-0.767	8.26e-03	4.43e-04
5821	30/08/2008	12:00	2.70	110.0	1.77	27.50	1664.7	0.41	7.01	1.0	223.36	-27.99	-0.468	8.43e-03	4.52e-04
5822	30/08/2008	13:00	2.70	190.0	1.77	29.40	1833.6	0.41	7.00	1.0	214.50	-28.83	-0.454	8.26e-03	4.63e-04
5823	30/08/2008	14:00	2.80	150.0	1.83	30.70	1973.8	0.42	6.88	1.0	192.67	-33.48	-0.403	7.75e-03	4.70e-04
5824	30/08/2008	15:00	3.10	170.0	1.94	30.80	2083.1	0.43	6.69	1.0	159.37	-43.21	-0.327	6.82e-03	4.71e-04
5825	30/08/2008	16:00	4.00	180.0	2.24	30.90	2161.0	0.46	6.20	1.0	116.04	-76.64	-0.218	5.43e-03	4.71e-04
5826	30/08/2008	17:00	3.80	150.0	2.10	29.60	2204.0	0.42	6.40	1.0	65.05	-104.32	-0.133	3.53e-03	4.64e-04
5827	30/08/2008	18:00	3.90	140.0	2.17	27.10	2213.0	0.41	6.25	2.0	11.19	-542.48	-0.024	1.13e-03	4.50e-04
5828	30/08/2008	19:00	3.20	150.0	1.73	25.40	170.2	0.27	6.86	2.0	-27.47	90.00	0.087	0.00e+00	4.40e-04
5829	30/08/2008	20:00	1.20	60.0	1.00	24.00	98.7	0.11	10.99	2.0	-2.67	90.00	0.022	0.00e+00	4.32e-04
5830	30/08/2008	21:00	2.50	180.0	1.37	24.20	148.8	0.21	7.72	2.0	-17.34	90.00	0.070	0.00e+00	4.34e-04
5831	30/08/2008	22:00	2.40	160.0	1.31	23.00	145.5	0.21	7.88	3.0	-15.61	90.00	0.065	0.00e+00	4.27e-04
5832	30/08/2008	23:00	2.60	170.0	1.42	22.20	152.0	0.22	7.58	3.0	-19.20	90.00	0.074	0.00e+00	4.23e-04
5833	31/08/2008	00:00	3.50	180.0	1.89	21.60	178.6	0.30	6.57	3.0	-29.11	90.00	0.084	0.00e+00	4.19e-04
5834	31/08/2008	01:00	2.90	190.0	1.58	21.60	161.3	0.25	7.19	4.0	-22.85	90.00	0.079	0.00e+00	4.19e-04
5835	31/08/2008	02:00	2.90	170.0	1.58	21.50	161.3	0.25	7.19	4.0	-22.86	90.00	0.079	0.00e+00	4.19e-04
5836	31/08/2008	03:00	4.00	180.0	2.21	21.60	229.9	0.36	6.10	4.0	-33.45	123.90	0.079	0.00e+00	4.19e-04
5837	31/08/2008	04:00	1.80	170.0	1.00	21.40	124.1	0.16	9.05	4.0	-7.45	90.00	0.041	0.00e+00	4.18e-04
5838	31/08/2008	05:00	3.00	150.0	1.63	20.90	164.3	0.25	7.07	6.0	-19.44	90.00	0.065	0.00e+00	4.15e-04
5839	31/08/2008	06:00	2.10	190.0	1.16	20.40	677.8	0.23	8.61	5.0	11.13	-102.91	-0.040	9.06e-04	4.13e-04
5840	31/08/2008	07:00	1.00	0.0	1.00	22.90	797.0	0.19	11.39	3.0	65.56	-9.32	-0.293	3.39e-03	4.26e-04
5841	31/08/2008	08:00	2.10	140.0	1.39	24.60	976.2	0.33	7.91	1.0	115.07	-26.71	-0.302	5.38e-03	4.36e-04
5842	31/08/2008	09:00	2.60	180.0	1.70	26.30	1182.0	0.39	7.14	1.0	159.73	-32.58	-0.354	6.78e-03	4.45e-04
5843	31/08/2008	10:00	5.70	200.0	3.17	28.10	1837.0	0.64	5.20	1.0	192.92	-118.22	-0.263	7.71e-03	4.55e-04
5844	31/08/2008	11:00	6.50	170.0	3.60	28.60	2056.4	0.71	4.87	2.0	215.36	-148.56	-0.263	8.18e-03	4.58e-04
5845	31/08/2008	12:00	6.50	180.0	3.61	28.80	2208.9	0.71	4.87	3.0	220.61	-145.77	-0.269	8.18e-03	4.59e-04
5846	31/08/2008	13:00	5.20	180.0	2.91	28.70	2329.0	0.59	5.43	5.0	191.12	-96.75	-0.280	6.99e-03	4.59e-04
5847	31/08/2008	14:00	5.70	200.0	3.15	29.50	2420.8	0.62	5.21	6.0	149.07	-144.54	-0.208	5.54e-03	4.63e-04
5848	31/08/2008	15:00	6.90	180.0	3.81	29.90	2510.6	0.73	4.73	5.0	144.11	-243.29	-0.171	5.76e-03	4.66e-04
5849	31/08/2008	16:00	5.20	180.0	2.87	28.70	2571.9	0.57	5.46	5.0	106.96	-151.06	-0.164	4.57e-03	4.59e-04
5850	31/08/2008	17:00	6.60	190.0	3.65	28.30	2612.9	0.69	4.82	5.0	63.24	-460.56	-0.079	2.95e-03	4.57e-04
5851	31/08/2008	18:00	3.80	240.0	2.11	25.30	2621.7	0.40	6.34	5.0	14.22	-401.65	-0.030	9.06e-04	4.40e-04
5852	31/08/2008	19:00	5.40	350.0	3.01	23.50	409.2	0.52	5.27	5.0	-44.52	287.61	0.072	0.00e+00	4.30e-04
5853	31/08/2008	20:00	1.30	120.0	1.00	19.00	103.3	0.11	10.58	5.0	-3.26	90.00	0.024	0.00e+00	4.05e-04
5854	31/08/2008	21:00	1.00	240.0	1.00	18.90	88.9	0.09	11.99	5.0	-1.70	90.00	0.016	0.00e+00	4.05e-04
5855	31/08/2008	22:00	1.70	140.0	1.00	18.70	120.2	0.15	9.30	5.0	-6.44	90.00	0.037	0.00e+00	4.03e-04
5856	31/08/2008	23:00	1.20	190.0	1.00	18.20	98.7	0.11	10.99	5.0	-2.67	90.00	0.021	0.00e+00	4.01e-04
