i	Date	Heure	Uext	Direct	Uh	To	h	us	sigmatheta	Cld	Fo	Lmo	thetas	k1	k3
745	01/02/2008	00:00	1.80	170.0	1.00	1.40	124.1	0.16	9.05	7.0	-7.53	90.00	0.038	0.00e+00	3.18e-04
746	01/02/2008	01:00	2.40	200.0	1.31	2.00	145.5	0.21	7.88	7.0	-14.54	90.00	0.056	0.00e+00	3.21e-04
747	01/02/2008	02:00	4.10	170.0	2.28	1.90	288.0	0.39	6.03	7.0	-27.48	189.65	0.056	0.00e+00	3.21e-04
748	01/02/2008	03:00	2.70	170.0	1.47	1.60	155.2	0.23	7.44	7.0	-16.31	90.00	0.056	0.00e+00	3.19e-04
749	01/02/2008	04:00	3.70	160.0	2.06	2.00	240.2	0.34	6.34	7.0	-24.19	147.13	0.056	0.00e+00	3.21e-04
750	01/02/2008	05:00	4.20	180.0	2.34	2.80	300.8	0.40	5.96	7.0	-28.21	201.81	0.056	0.00e+00	3.25e-04
751	01/02/2008	06:00	3.20	180.0	1.73	2.80	170.2	0.27	6.86	6.0	-22.28	90.00	0.065	0.00e+00	3.25e-04
752	01/02/2008	07:00	5.00	190.0	2.80	3.70	402.1	0.49	5.46	7.0	-34.45	304.01	0.056	0.00e+00	3.30e-04
753	01/02/2008	08:00	6.10	180.0	3.40	3.60	1810.9	0.63	4.98	8.0	1.31	-16895.76	-0.002	3.49e-04	3.29e-04
754	01/02/2008	09:00	6.30	190.0	3.51	4.60	1878.6	0.65	4.91	8.0	14.84	-1660.41	-0.018	8.12e-04	3.34e-04
755	01/02/2008	10:00	7.90	190.0	4.39	5.70	2348.7	0.81	4.39	8.0	25.13	-1916.45	-0.025	1.13e-03	3.40e-04
756	01/02/2008	11:00	9.00	180.0	4.98	6.80	2680.9	0.93	4.13	7.0	68.91	-1039.37	-0.059	2.75e-03	3.45e-04
757	01/02/2008	12:00	5.90	190.0	3.26	8.00	2719.6	0.62	5.11	7.0	73.06	-297.75	-0.094	2.87e-03	3.51e-04
758	01/02/2008	13:00	7.40	180.0	4.10	8.30	2760.4	0.77	4.55	7.0	68.60	-594.71	-0.071	2.75e-03	3.53e-04
759	01/02/2008	14:00	6.50	180.0	3.60	8.00	2791.6	0.68	4.86	7.0	55.76	-502.11	-0.066	2.36e-03	3.51e-04
760	01/02/2008	15:00	8.00	180.0	4.44	8.10	2818.5	0.82	4.37	7.0	35.24	-1424.71	-0.034	1.70e-03	3.52e-04
761	01/02/2008	16:00	8.50	180.0	4.73	8.30	2835.3	0.87	4.23	7.0	8.58	-6919.13	-0.008	7.30e-04	3.53e-04
762	01/02/2008	17:00	7.20	190.0	4.05	7.90	710.1	0.73	4.55	7.0	-50.61	686.26	0.056	0.00e+00	3.51e-04
763	01/02/2008	18:00	9.90	190.0	5.53	7.70	1108.7	1.01	3.91	7.0	-69.79	1302.23	0.056	0.00e+00	3.50e-04
764	01/02/2008	19:00	10.30	190.0	5.73	7.60	1167.6	1.04	3.84	7.0	-72.48	1403.33	0.056	0.00e+00	3.49e-04
765	01/02/2008	20:00	10.30	190.0	5.73	8.20	1168.4	1.04	3.84	7.0	-72.32	1406.07	0.056	0.00e+00	3.52e-04
766	01/02/2008	21:00	10.00	180.0	5.58	7.40	1123.1	1.01	3.89	7.0	-70.53	1326.01	0.056	0.00e+00	3.48e-04
767	01/02/2008	22:00	10.60	180.0	5.90	6.80	1213.9	1.07	3.78	7.0	-74.83	1482.79	0.056	0.00e+00	3.45e-04
768	01/02/2008	23:00	12.10	190.0	6.73	7.00	1459.3	1.23	3.54	7.0	-85.48	1938.99	0.056	0.00e+00	3.46e-04
769	02/02/2008	00:00	7.30	240.0	4.11	6.60	723.2	0.74	4.52	7.0	-51.58	703.07	0.056	0.00e+00	3.44e-04
770	02/02/2008	01:00	4.50	330.0	2.53	6.00	381.8	0.44	5.75	8.0	-25.03	309.31	0.045	0.00e+00	3.41e-04
771	02/02/2008	02:00	5.70	350.0	3.20	4.40	495.2	0.57	5.12	7.0	-39.79	408.58	0.056	0.00e+00	3.33e-04
772	02/02/2008	03:00	2.70	340.0	1.47	3.70	155.2	0.23	7.44	7.0	-16.19	90.00	0.056	0.00e+00	3.30e-04
773	02/02/2008	04:00	1.00	60.0	1.00	3.30	88.9	0.09	11.99	7.0	-1.71	90.00	0.015	0.00e+00	3.28e-04
774	02/02/2008	05:00	1.60	110.0	1.00	3.20	116.2	0.14	9.57	8.0	-5.58	90.00	0.032	0.00e+00	3.27e-04
775	02/02/2008	06:00	1.70	110.0	1.00	2.30	120.2	0.15	9.30	7.0	-6.51	90.00	0.035	0.00e+00	3.23e-04
776	02/02/2008	07:00	1.00	160.0	1.00	2.50	88.9	0.09	11.99	7.0	-1.71	90.00	0.015	0.00e+00	3.24e-04
777	02/02/2008	08:00	1.10	80.0	1.00	2.70	397.0	0.14	12.06	7.0	7.51	-30.95	-0.043	7.58e-04	3.25e-04
778	02/02/2008	09:00	1.00	0.0	1.00	3.50	513.2	0.18	11.32	7.0	35.66	-14.09	-0.158	1.73e-03	3.29e-04
779	02/02/2008	10:00	1.50	20.0	1.00	4.10	692.0	0.24	9.39	7.0	57.00	-21.61	-0.188	2.39e-03	3.32e-04
780	02/02/2008	11:00	2.70	350.0	1.53	5.90	963.9	0.33	7.51	7.0	69.94	-47.60	-0.167	2.77e-03	3.41e-04
781	02/02/2008	12:00	5.00	360.0	2.76	5.90	1555.6	0.54	5.56	7.0	74.44	-187.97	-0.110	2.90e-03	3.41e-04
782	02/02/2008	13:00	7.30	350.0	4.03	6.80	2206.1	0.76	4.59	6.0	95.55	-417.72	-0.100	3.80e-03	3.45e-04
783	02/02/2008	14:00	4.30	360.0	2.38	6.90	2263.3	0.48	6.01	4.0	97.16	-103.29	-0.161	4.24e-03	3.46e-04
784	02/02/2008	15:00	5.30	20.0	2.93	6.00	2301.4	0.56	5.40	3.0	60.77	-263.25	-0.086	3.21e-03	3.41e-04
785	02/02/2008	16:00	4.30	10.0	2.40	5.60	2309.4	0.45	5.95	3.0	9.92	-812.60	-0.018	1.41e-03	3.39e-04
786	02/02/2008	17:00	3.00	360.0	1.63	4.90	164.3	0.25	7.07	3.0	-26.87	90.00	0.084	0.00e+00	3.36e-04
787	02/02/2008	18:00	3.00	360.0	1.63	3.80	164.3	0.25	7.07	3.0	-26.98	90.00	0.084	0.00e+00	3.30e-04
788	02/02/2008	19:00	2.20	10.0	1.21	2.40	138.7	0.19	8.21	3.0	-12.60	90.00	0.052	0.00e+00	3.23e-04
789	02/02/2008	20:00	2.90	360.0	1.58	1.90	161.3	0.25	7.19	3.0	-25.76	90.00	0.082	0.00e+00	3.21e-04
790	02/02/2008	21:00	1.00	280.0	1.00	0.50	88.9	0.09	11.99	2.0	-1.71	90.00	0.015	0.00e+00	3.14e-04
791	02/02/2008	22:00	2.00	310.0	1.10	0.60	131.6	0.17	8.60	2.0	-9.86	90.00	0.045	0.00e+00	3.14e-04
792	02/02/2008	23:00	2.10	170.0	1.16	-0.10	135.2	0.18	8.40	2.0	-11.18	90.00	0.048	0.00e+00	3.11e-04
793	03/02/2008	00:00	1.00	270.0	1.00	-1.80	88.9	0.09	11.99	1.0	-1.71	90.00	0.015	0.00e+00	3.03e-04
794	03/02/2008	01:00	2.80	170.0	1.52	-1.70	158.3	0.24	7.31	1.0	-23.51	90.00	0.076	0.00e+00	3.03e-04
795	03/02/2008	02:00	2.10	240.0	1.16	-1.80	135.2	0.18	8.40	1.0	-11.18	90.00	0.048	0.00e+00	3.03e-04
796	03/02/2008	03:00	1.00	210.0	1.00	-2.60	88.9	0.09	11.99	0.0	-1.71	90.00	0.015	0.00e+00	2.99e-04
797	03/02/2008	04:00	1.00	140.0	1.00	-2.90	88.9	0.09	11.99	0.0	-1.71	90.00	0.015	0.00e+00	2.98e-04
798	03/02/2008	05:00	1.00	160.0	1.00	-3.30	88.9	0.09	11.99	0.0	-1.71	90.00	0.015	0.00e+00	2.96e-04
799	03/02/2008	06:00	1.00	0.0	1.00	-3.50	88.9	0.09	11.99	0.0	-1.71	90.00	0.015	0.00e+00	2.95e-04
800	03/02/2008	07:00	1.00	0.0	1.00	-3.90	88.9	0.09	11.99	1.0	-1.71	90.00	0.015	0.00e+00	2.93e-04
801	03/02/2008	08:00	1.00	200.0	1.00	-2.00	341.5	0.12	12.59	1.0	2.97	-49.87	-0.019	1.50e-03	3.02e-04
802	03/02/2008	09:00	1.00	260.0	1.00	1.20	541.9	0.19	11.37	1.0	58.27	-10.15	-0.243	3.34e-03	3.17e-04
803	03/02/2008	10:00	1.00	350.0	1.00	2.70	734.0	0.20	11.44	1.0	99.24	-7.13	-0.391	4.60e-03	3.25e-04
804	03/02/2008	11:00	3.90	180.0	2.20	7.30	1328.2	0.46	6.26	2.0	124.33	-70.05	-0.216	5.30e-03	3.48e-04
805	03/02/2008	12:00	7.60	180.0	4.19	10.20	2305.7	0.80	4.51	2.0	130.51	-349.14	-0.132	5.54e-03	3.62e-04
806	03/02/2008	13:00	11.40	190.0	6.30	10.70	3383.6	1.17	3.67	3.0	122.39	-1176.49	-0.084	5.19e-03	3.65e-04
807	03/02/2008	14:00	10.50	200.0	5.81	11.40	3437.1	1.08	3.82	3.0	98.64	-1144.60	-0.074	4.48e-03	3.69e-04
808	03/02/2008	15:00	8.10	190.0	4.49	10.80	3463.3	0.84	4.35	6.0	50.14	-1045.11	-0.048	2.40e-03	3.66e-04
809	03/02/2008	16:00	8.30	190.0	4.62	10.40	3475.5	0.85	4.28	7.0	10.80	-5125.87	-0.010	7.86e-04	3.64e-04
810	03/02/2008	17:00	7.20	180.0	4.06	10.10	712.7	0.73	4.55	7.0	-50.23	692.15	0.056	0.00e+00	3.62e-04
811	03/02/2008	18:00	8.30	180.0	4.68	10.00	878.0	0.85	4.24	7.0	-58.37	933.41	0.056	0.00e+00	3.61e-04
812	03/02/2008	19:00	9.50	180.0	5.32	10.00	1053.0	0.97	3.98	7.0	-66.54	1213.10	0.056	0.00e+00	3.61e-04
813	03/02/2008	20:00	10.00	190.0	5.63	9.60	1074.4	1.02	3.87	6.0	-82.18	1166.60	0.065	0.00e+00	3.59e-04
814	03/02/2008	21:00	7.60	190.0	4.27	9.40	718.4	0.77	4.44	6.0	-61.65	655.23	0.065	0.00e+00	3.58e-04
815	03/02/2008	22:00	4.40	190.0	2.45	9.30	301.6	0.42	5.82	6.0	-33.42	192.29	0.065	0.00e+00	3.58e-04
816	03/02/2008	23:00	2.80	180.0	1.52	9.00	158.3	0.24	7.31	6.0	-19.15	90.00	0.065	0.00e+00	3.56e-04
817	04/02/2008	00:00	7.20	170.0	4.04	9.90	663.0	0.72	4.56	6.0	-58.09	584.86	0.065	0.00e+00	3.61e-04
818	04/02/2008	01:00	8.70	180.0	4.85	10.00	1005.0	0.88	4.17	8.0	-49.17	1246.14	0.045	0.00e+00	3.61e-04
819	04/02/2008	02:00	11.00	190.0	6.12	9.70	1390.8	1.12	3.71	8.0	-62.42	2001.37	0.045	0.00e+00	3.60e-04
820	04/02/2008	03:00	8.50	190.0	4.74	9.60	972.2	0.86	4.22	8.0	-48.09	1186.76	0.045	0.00e+00	3.59e-04
821	04/02/2008	04:00	11.50	200.0	6.39	9.20	1477.2	1.17	3.63	8.0	-65.39	2184.85	0.045	0.00e+00	3.57e-04
822	04/02/2008	05:00	7.70	240.0	4.32	8.60	851.2	0.78	4.42	8.0	-43.87	977.39	0.045	0.00e+00	3.54e-04
823	04/02/2008	06:00	8.70	200.0	4.85	5.90	999.2	0.88	4.17	8.0	-49.89	1227.62	0.045	0.00e+00	3.41e-04
824	04/02/2008	07:00	5.70	180.0	3.21	6.00	551.0	0.57	5.11	8.0	-32.49	521.21	0.045	0.00e+00	3.41e-04
825	04/02/2008	08:00	6.00	190.0	3.35	6.10	1783.0	0.62	5.03	8.0	3.29	-6398.00	-0.004	3.89e-04	3.42e-04
826	04/02/2008	09:00	6.60	180.0	3.66	6.10	1978.5	0.69	4.81	7.0	37.40	-769.75	-0.043	1.78e-03	3.42e-04
827	04/02/2008	10:00	6.20	180.0	3.43	6.20	2025.3	0.65	4.98	7.0	58.37	-420.98	-0.071	2.44e-03	3.42e-04
828	04/02/2008	11:00	7.40	200.0	4.09	5.90	2223.7	0.77	4.55	7.0	71.63	-570.60	-0.074	2.82e-03	3.41e-04
829	04/02/2008	12:00	6.60	180.0	3.65	6.60	2275.5	0.69	4.83	7.0	75.94	-391.36	-0.087	2.94e-03	3.44e-04
830	04/02/2008	13:00	6.40	180.0	3.54	7.10	2322.9	0.67	4.90	7.0	71.34	-380.93	-0.085	2.82e-03	3.47e-04
831	04/02/2008	14:00	6.00	180.0	3.32	7.80	2361.0	0.63	5.06	7.0	58.19	-385.35	-0.074	2.44e-03	3.50e-04
832	04/02/2008	15:00	4.10	200.0	2.28	7.80	2373.4	0.43	6.11	6.0	19.34	-375.51	-0.036	2.44e-03	3.50e-04
833	04/02/2008	16:00	3.40	190.0	1.89	8.70	2382.4	0.36	6.72	6.0	14.60	-290.95	-0.032	1.12e-03	3.55e-04
834	04/02/2008	17:00	4.50	230.0	2.50	8.10	312.6	0.43	5.76	6.0	-34.46	201.89	0.065	0.00e+00	3.52e-04
835	04/02/2008	18:00	2.00	320.0	1.10	7.40	131.6	0.17	8.60	6.0	-9.86	90.00	0.046	0.00e+00	3.48e-04
836	04/02/2008	19:00	1.50	320.0	1.00	5.80	112.0	0.13	9.88	7.0	-4.74	90.00	0.029	0.00e+00	3.40e-04
837	04/02/2008	20:00	3.00	300.0	1.63	6.50	164.3	0.25	7.07	7.0	-17.74	90.00	0.056	0.00e+00	3.44e-04
838	04/02/2008	21:00	1.30	180.0	1.00	6.20	103.3	0.11	10.58	7.0	-3.30	90.00	0.023	0.00e+00	3.42e-04
839	04/02/2008	22:00	1.10	140.0	1.00	5.20	93.9	0.10	11.46	6.0	-2.17	90.00	0.018	0.00e+00	3.37e-04
840	04/02/2008	23:00	1.00	0.0	1.00	4.40	88.9	0.09	11.99	6.0	-1.71	90.00	0.015	0.00e+00	3.33e-04
841	05/02/2008	00:00	1.00	150.0	1.00	2.60	88.9	0.09	11.99	5.0	-1.71	90.00	0.015	0.00e+00	3.24e-04
842	05/02/2008	01:00	1.00	230.0	1.00	1.40	88.9	0.09	11.99	5.0	-1.71	90.00	0.015	0.00e+00	3.18e-04
843	05/02/2008	02:00	1.30	190.0	1.00	0.60	103.3	0.11	10.58	3.0	-3.30	90.00	0.023	0.00e+00	3.14e-04
844	05/02/2008	03:00	1.10	180.0	1.00	-0.30	93.9	0.10	11.46	3.0	-2.17	90.00	0.017	0.00e+00	3.10e-04
845	05/02/2008	04:00	1.40	220.0	1.00	-0.30	107.7	0.12	10.21	2.0	-3.98	90.00	0.025	0.00e+00	3.10e-04
846	05/02/2008	05:00	1.40	140.0	1.00	0.40	107.7	0.12	10.21	2.0	-3.98	90.00	0.025	0.00e+00	3.13e-04
847	05/02/2008	06:00	1.00	140.0	1.00	0.40	88.9	0.09	11.99	7.0	-1.71	90.00	0.015	0.00e+00	3.13e-04
848	05/02/2008	07:00	1.00	160.0	1.00	-0.10	88.9	0.09	11.99	7.0	-1.71	90.00	0.015	0.00e+00	3.11e-04
849	05/02/2008	08:00	1.00	0.0	1.00	0.80	382.9	0.13	12.60	7.0	9.39	-22.22	-0.055	8.44e-04	3.15e-04
850	05/02/2008	09:00	1.70	170.0	1.00	4.40	666.6	0.23	9.35	7.0	38.14	-28.87	-0.131	1.81e-03	3.33e-04
851	05/02/2008	10:00	1.00	200.0	1.00	6.20	769.9	0.19	11.37	7.0	59.22	-10.04	-0.251	2.46e-03	3.42e-04
852	05/02/2008	11:00	1.80	160.0	1.16	8.00	882.7	0.28	8.64	7.0	71.98	-25.89	-0.210	2.84e-03	3.51e-04
853	05/02/2008	12:00	4.10	180.0	2.28	9.20	1349.7	0.47	6.14	6.0	103.88	-87.99	-0.179	4.07e-03	3.57e-04
854	05/02/2008	13:00	1.80	190.0	1.16	10.10	1415.9	0.27	8.64	7.0	71.53	-25.94	-0.210	2.84e-03	3.62e-04
855	05/02/2008	14:00	3.60	170.0	1.99	11.20	1471.8	0.40	6.57	7.0	58.73	-100.09	-0.118	2.46e-03	3.68e-04
856	05/02/2008	15:00	2.60	180.0	1.43	11.60	1506.5	0.30	7.75	7.0	38.75	-64.19	-0.104	1.81e-03	3.70e-04
857	05/02/2008	16:00	2.00	170.0	1.10	11.00	1517.7	0.23	8.84	7.0	12.50	-83.48	-0.045	8.44e-04	3.67e-04
858	05/02/2008	17:00	1.60	160.0	1.00	9.60	116.2	0.14	9.57	7.0	-5.58	90.00	0.032	0.00e+00	3.59e-04
859	05/02/2008	18:00	2.40	150.0	1.31	9.10	145.5	0.21	7.88	7.0	-14.17	90.00	0.056	0.00e+00	3.57e-04
860	05/02/2008	19:00	1.00	140.0	1.00	8.70	88.9	0.09	11.99	7.0	-1.71	90.00	0.016	0.00e+00	3.55e-04
861	05/02/2008	20:00	1.70	140.0	1.00	8.40	120.2	0.15	9.30	7.0	-6.51	90.00	0.035	0.00e+00	3.53e-04
862	05/02/2008	21:00	1.00	0.0	1.00	8.30	88.9	0.09	11.99	7.0	-1.71	90.00	0.016	0.00e+00	3.53e-04
863	05/02/2008	22:00	1.00	190.0	1.00	7.40	88.9	0.09	11.99	7.0	-1.71	90.00	0.015	0.00e+00	3.48e-04
864	05/02/2008	23:00	1.00	70.0	1.00	5.50	88.9	0.09	11.99	7.0	-1.71	90.00	0.015	0.00e+00	3.39e-04
865	06/02/2008	00:00	1.00	60.0	1.00	4.60	88.9	0.09	11.99	7.0	-1.71	90.00	0.015	0.00e+00	3.34e-04
866	06/02/2008	01:00	2.30	160.0	1.26	4.50	142.1	0.20	8.04	7.0	-13.83	90.00	0.056	0.00e+00	3.34e-04
867	06/02/2008	02:00	2.00	130.0	1.10	6.10	131.6	0.17	8.60	7.0	-9.86	90.00	0.046	0.00e+00	3.42e-04
868	06/02/2008	03:00	1.30	190.0	1.00	7.10	103.3	0.11	10.58	7.0	-3.30	90.00	0.023	0.00e+00	3.47e-04
869	06/02/2008	04:00	3.90	190.0	2.17	7.50	267.3	0.37	6.18	7.0	-25.40	172.17	0.056	0.00e+00	3.49e-04
870	06/02/2008	05:00	5.70	200.0	3.20	7.60	498.1	0.57	5.12	7.0	-39.37	413.94	0.056	0.00e+00	3.49e-04
871	06/02/2008	06:00	4.10	200.0	2.29	7.80	291.7	0.39	6.03	7.0	-26.97	194.74	0.056	0.00e+00	3.50e-04
872	06/02/2008	07:00	5.50	190.0	3.08	7.40	470.9	0.54	5.21	7.0	-37.87	382.23	0.056	0.00e+00	3.48e-04
873	06/02/2008	08:00	3.20	190.0	1.78	7.50	984.3	0.34	6.92	7.0	12.04	-294.52	-0.028	8.73e-04	3.49e-04
874	06/02/2008	09:00	3.60	230.0	1.99	8.00	1138.4	0.39	6.57	7.0	39.15	-140.05	-0.080	1.83e-03	3.51e-04
875	06/02/2008	10:00	2.80	180.0	1.56	9.90	1206.2	0.33	7.43	7.0	59.64	-56.09	-0.144	2.49e-03	3.61e-04
876	06/02/2008	11:00	3.10	180.0	1.73	12.20	1284.1	0.37	7.06	7.0	72.00	-61.45	-0.159	2.87e-03	3.73e-04
877	06/02/2008	12:00	1.00	220.0	1.00	12.30	1382.4	0.20	11.45	6.0	103.54	-6.94	-0.420	4.10e-03	3.73e-04
878	06/02/2008	13:00	1.20	350.0	1.00	12.80	1469.4	0.22	10.44	6.0	97.50	-10.14	-0.357	3.93e-03	3.76e-04
879	06/02/2008	14:00	1.00	0.0	1.00	13.70	1548.0	0.20	11.43	5.0	93.14	-7.44	-0.385	4.03e-03	3.81e-04
880	06/02/2008	15:00	2.20	360.0	1.23	14.10	1581.7	0.27	8.40	7.0	39.92	-44.05	-0.121	1.83e-03	3.83e-04
881	06/02/2008	16:00	1.00	30.0	1.00	13.90	1593.4	0.14	12.29	7.0	14.39	-18.46	-0.082	8.73e-04	3.82e-04
882	06/02/2008	17:00	1.70	20.0	1.00	11.70	120.2	0.15	9.30	7.0	-6.51	90.00	0.036	0.00e+00	3.70e-04
883	06/02/2008	18:00	2.10	10.0	1.16	10.70	135.2	0.18	8.40	7.0	-11.18	90.00	0.050	0.00e+00	3.65e-04
884	06/02/2008	19:00	1.00	40.0	1.00	8.00	88.9	0.09	11.99	7.0	-1.71	90.00	0.015	0.00e+00	3.51e-04
885	06/02/2008	20:00	1.80	120.0	1.00	6.60	124.1	0.16	9.05	8.0	-7.53	90.00	0.039	0.00e+00	3.44e-04
886	06/02/2008	21:00	1.20	40.0	1.00	4.90	98.7	0.11	10.99	8.0	-2.70	90.00	0.020	0.00e+00	3.36e-04
887	06/02/2008	22:00	1.60	20.0	1.00	4.30	116.2	0.14	9.57	8.0	-5.58	90.00	0.032	0.00e+00	3.33e-04
888	06/02/2008	23:00	1.00	340.0	1.00	5.20	88.9	0.09	11.99	8.0	-1.71	90.00	0.015	0.00e+00	3.37e-04
889	07/02/2008	00:00	1.00	0.0	1.00	4.70	88.9	0.09	11.99	7.0	-1.71	90.00	0.015	0.00e+00	3.35e-04
890	07/02/2008	01:00	2.50	340.0	1.37	5.90	148.8	0.21	7.72	5.0	-17.52	90.00	0.065	0.00e+00	3.41e-04
891	07/02/2008	02:00	3.20	340.0	1.73	5.60	170.2	0.27	6.86	3.0	-28.52	90.00	0.084	0.00e+00	3.39e-04
892	07/02/2008	03:00	1.10	360.0	1.00	4.30	93.9	0.10	11.46	1.0	-2.17	90.00	0.018	0.00e+00	3.33e-04
893	07/02/2008	04:00	1.80	350.0	1.00	5.30	124.1	0.16	9.05	0.0	-7.53	90.00	0.038	0.00e+00	3.38e-04
894	07/02/2008	05:00	1.00	0.0	1.00	3.60	88.9	0.09	11.99	0.0	-1.71	90.00	0.015	0.00e+00	3.29e-04
895	07/02/2008	06:00	1.00	0.0	1.00	2.00	88.9	0.09	11.99	2.0	-1.71	90.00	0.015	0.00e+00	3.21e-04
896	07/02/2008	07:00	1.10	50.0	1.00	4.70	93.9	0.10	11.46	3.0	-2.17	90.00	0.018	0.00e+00	3.35e-04
897	07/02/2008	08:00	1.20	20.0	1.00	5.50	471.4	0.16	11.33	3.0	17.10	-22.77	-0.083	1.68e-03	3.39e-04
898	07/02/2008	09:00	2.80	10.0	1.58	6.60	982.6	0.34	7.40	3.0	68.20	-51.70	-0.160	3.46e-03	3.44e-04
899	07/02/2008	10:00	3.70	340.0	2.08	7.90	1256.3	0.44	6.44	3.0	106.46	-69.22	-0.196	4.67e-03	3.51e-04
900	07/02/2008	11:00	3.50	350.0	2.01	9.50	1383.2	0.43	6.55	1.0	126.71	-56.54	-0.237	5.52e-03	3.59e-04
901	07/02/2008	12:00	4.20	360.0	2.36	10.90	1507.9	0.49	6.04	1.0	133.97	-77.92	-0.222	5.75e-03	3.66e-04
902	07/02/2008	13:00	5.70	360.0	3.15	11.80	1783.7	0.62	5.21	1.0	125.11	-168.60	-0.164	5.52e-03	3.71e-04
903	07/02/2008	14:00	4.90	10.0	2.71	12.20	1860.7	0.54	5.63	1.0	100.96	-137.68	-0.153	4.80e-03	3.73e-04
904	07/02/2008	15:00	4.60	10.0	2.54	11.70	1906.1	0.50	5.80	0.0	59.73	-183.26	-0.098	3.55e-03	3.70e-04
905	07/02/2008	16:00	4.10	360.0	2.29	11.60	1916.1	0.43	6.09	0.0	9.90	-710.32	-0.019	1.72e-03	3.70e-04
906	07/02/2008	17:00	2.90	360.0	1.58	9.70	161.3	0.25	7.19	0.0	-25.76	90.00	0.084	0.00e+00	3.60e-04
907	07/02/2008	18:00	2.50	350.0	1.37	8.60	148.8	0.21	7.72	0.0	-17.52	90.00	0.066	0.00e+00	3.54e-04
908	07/02/2008	19:00	2.10	350.0	1.16	8.10	135.2	0.18	8.40	0.0	-11.18	90.00	0.050	0.00e+00	3.52e-04
909	07/02/2008	20:00	2.60	330.0	1.42	7.30	152.0	0.22	7.58	0.0	-19.40	90.00	0.070	0.00e+00	3.48e-04
910	07/02/2008	21:00	1.00	0.0	1.00	5.90	88.9	0.09	11.99	0.0	-1.71	90.00	0.015	0.00e+00	3.41e-04
911	07/02/2008	22:00	1.00	220.0	1.00	3.40	88.9	0.09	11.99	0.0	-1.71	90.00	0.015	0.00e+00	3.28e-04
912	07/02/2008	23:00	1.00	190.0	1.00	2.00	88.9	0.09	11.99	0.0	-1.71	90.00	0.015	0.00e+00	3.21e-04
913	08/02/2008	00:00	1.00	0.0	1.00	1.60	88.9	0.09	11.99	0.0	-1.71	90.00	0.015	0.00e+00	3.19e-04
914	08/02/2008	01:00	1.00	0.0	1.00	0.80	88.9	0.09	11.99	0.0	-1.71	90.00	0.015	0.00e+00	3.15e-04
915	08/02/2008	02:00	1.00	0.0	1.00	0.10	88.9	0.09	11.99	0.0	-1.71	90.00	0.015	0.00e+00	3.12e-04
916	08/02/2008	03:00	1.00	0.0	1.00	0.10	88.9	0.09	11.99	0.0	-1.71	90.00	0.015	0.00e+00	3.12e-04
917	08/02/2008	04:00	1.00	200.0	1.00	-0.50	88.9	0.09	11.99	0.0	-1.71	90.00	0.015	0.00e+00	3.09e-04
918	08/02/2008	05:00	1.00	250.0	1.00	-0.70	88.9	0.09	11.99	0.0	-1.71	90.00	0.015	0.00e+00	3.08e-04
919	08/02/2008	06:00	1.00	180.0	1.00	-0.90	88.9	0.09	11.99	0.0	-1.71	90.00	0.015	0.00e+00	3.07e-04
920	08/02/2008	07:00	1.00	210.0	1.00	-1.20	88.9	0.09	11.99	1.0	-1.71	90.00	0.015	0.00e+00	3.06e-04
921	08/02/2008	08:00	1.00	190.0	1.00	1.20	396.7	0.14	12.49	1.0	11.63	-19.96	-0.066	1.78e-03	3.17e-04
922	08/02/2008	09:00	1.00	0.0	1.00	4.20	567.7	0.19	11.39	1.0	65.77	-9.36	-0.273	3.60e-03	3.32e-04
923	08/02/2008	10:00	1.00	0.0	1.00	5.90	760.1	0.20	11.44	0.0	102.35	-6.99	-0.407	4.85e-03	3.41e-04
924	08/02/2008	11:00	1.00	0.0	1.00	6.30	945.9	0.21	11.47	0.0	127.43	-6.06	-0.494	5.57e-03	3.43e-04
925	08/02/2008	12:00	1.00	350.0	1.00	7.70	1113.4	0.21	11.48	1.0	138.24	-5.75	-0.534	5.80e-03	3.50e-04
926	08/02/2008	13:00	1.20	60.0	1.00	9.70	1249.9	0.23	10.47	1.0	128.23	-8.44	-0.450	5.56e-03	3.60e-04
927	08/02/2008	14:00	1.50	50.0	1.00	10.00	1350.7	0.26	9.34	1.0	103.58	-14.92	-0.323	4.85e-03	3.61e-04
928	08/02/2008	15:00	1.70	30.0	1.09	10.50	1407.8	0.26	8.93	0.0	61.36	-25.21	-0.192	3.61e-03	3.64e-04
929	08/02/2008	16:00	2.10	360.0	1.16	10.10	1418.3	0.23	8.61	0.0	10.78	-106.69	-0.037	1.78e-03	3.62e-04
930	08/02/2008	17:00	1.00	30.0	1.00	8.30	88.9	0.09	11.99	0.0	-1.71	90.00	0.016	0.00e+00	3.53e-04
931	08/02/2008	18:00	1.70	30.0	1.00	6.50	120.2	0.15	9.30	0.0	-6.51	90.00	0.035	0.00e+00	3.44e-04
932	08/02/2008	19:00	1.00	0.0	1.00	4.80	88.9	0.09	11.99	0.0	-1.71	90.00	0.015	0.00e+00	3.35e-04
933	08/02/2008	20:00	1.00	0.0	1.00	3.40	88.9	0.09	11.99	0.0	-1.71	90.00	0.015	0.00e+00	3.28e-04
934	08/02/2008	21:00	1.00	0.0	1.00	2.40	88.9	0.09	11.99	0.0	-1.71	90.00	0.015	0.00e+00	3.23e-04
935	08/02/2008	22:00	1.00	220.0	1.00	1.50	88.9	0.09	11.99	0.0	-1.71	90.00	0.015	0.00e+00	3.19e-04
936	08/02/2008	23:00	1.00	170.0	1.00	1.00	88.9	0.09	11.99	0.0	-1.71	90.00	0.015	0.00e+00	3.16e-04
937	09/02/2008	00:00	1.00	170.0	1.00	0.30	88.9	0.09	11.99	0.0	-1.71	90.00	0.015	0.00e+00	3.13e-04
938	09/02/2008	01:00	1.00	0.0	1.00	-0.10	88.9	0.09	11.99	0.0	-1.71	90.00	0.015	0.00e+00	3.11e-04
939	09/02/2008	02:00	1.00	210.0	1.00	-0.50	88.9	0.09	11.99	0.0	-1.71	90.00	0.015	0.00e+00	3.09e-04
940	09/02/2008	03:00	1.10	200.0	1.00	-0.50	93.9	0.10	11.46	0.0	-2.17	90.00	0.017	0.00e+00	3.09e-04
941	09/02/2008	04:00	1.00	0.0	1.00	-1.10	88.9	0.09	11.99	0.0	-1.71	90.00	0.015	0.00e+00	3.06e-04
942	09/02/2008	05:00	1.00	140.0	1.00	-1.30	88.9	0.09	11.99	0.0	-1.71	90.00	0.015	0.00e+00	3.05e-04
943	09/02/2008	06:00	1.00	280.0	1.00	-1.60	88.9	0.09	11.99	0.0	-1.71	90.00	0.015	0.00e+00	3.04e-04
944	09/02/2008	07:00	1.00	210.0	1.00	-1.70	88.9	0.09	11.99	0.0	-1.71	90.00	0.015	0.00e+00	3.03e-04
945	09/02/2008	08:00	1.00	170.0	1.00	0.10	382.8	0.13	12.60	0.0	9.38	-22.24	-0.055	1.84e-03	3.12e-04
946	09/02/2008	09:00	1.00	270.0	1.00	2.50	554.3	0.19	11.38	0.0	64.30	-9.50	-0.266	3.66e-03	3.24e-04
947	09/02/2008	10:00	1.00	230.0	1.00	6.10	752.8	0.20	11.45	0.0	103.94	-6.92	-0.413	4.90e-03	3.42e-04
948	09/02/2008	11:00	1.00	300.0	1.00	8.10	941.5	0.21	11.47	0.0	127.79	-6.05	-0.499	5.62e-03	3.52e-04
949	09/02/2008	12:00	1.00	0.0	1.00	10.70	1106.6	0.21	11.48	0.0	134.20	-5.86	-0.526	5.85e-03	3.65e-04
950	09/02/2008	13:00	2.00	350.0	1.33	11.30	1244.0	0.32	8.10	0.0	125.50	-23.11	-0.319	5.62e-03	3.68e-04
951	09/02/2008	14:00	1.00	0.0	1.00	13.70	1342.7	0.20	11.44	0.0	100.30	-7.09	-0.411	4.90e-03	3.81e-04
952	09/02/2008	15:00	1.00	50.0	1.00	12.80	1400.8	0.19	11.38	0.0	62.75	-9.66	-0.270	3.66e-03	3.76e-04
953	09/02/2008	16:00	1.00	360.0	1.00	12.40	1412.7	0.14	12.38	0.0	13.17	-18.99	-0.076	1.84e-03	3.74e-04
954	09/02/2008	17:00	1.20	360.0	1.00	10.50	98.7	0.11	10.99	0.0	-2.70	90.00	0.021	0.00e+00	3.64e-04
955	09/02/2008	18:00	2.80	340.0	1.52	8.40	158.3	0.24	7.31	0.0	-23.51	90.00	0.079	0.00e+00	3.53e-04
956	09/02/2008	19:00	1.10	340.0	1.00	6.60	93.9	0.10	11.46	0.0	-2.17	90.00	0.018	0.00e+00	3.44e-04
957	09/02/2008	20:00	1.00	210.0	1.00	4.60	88.9	0.09	11.99	0.0	-1.71	90.00	0.015	0.00e+00	3.34e-04
958	09/02/2008	21:00	1.00	0.0	1.00	3.00	88.9	0.09	11.99	0.0	-1.71	90.00	0.015	0.00e+00	3.26e-04
959	09/02/2008	22:00	1.00	170.0	1.00	2.00	88.9	0.09	11.99	0.0	-1.71	90.00	0.015	0.00e+00	3.21e-04
960	09/02/2008	23:00	1.00	160.0	1.00	1.20	88.9	0.09	11.99	0.0	-1.71	90.00	0.015	0.00e+00	3.17e-04
961	10/02/2008	00:00	1.00	160.0	1.00	0.70	88.9	0.09	11.99	0.0	-1.71	90.00	0.015	0.00e+00	3.15e-04
962	10/02/2008	01:00	1.00	0.0	1.00	0.20	88.9	0.09	11.99	0.0	-1.71	90.00	0.015	0.00e+00	3.12e-04
963	10/02/2008	02:00	1.00	180.0	1.00	-0.40	88.9	0.09	11.99	0.0	-1.71	90.00	0.015	0.00e+00	3.10e-04
964	10/02/2008	03:00	1.00	180.0	1.00	-0.50	88.9	0.09	11.99	0.0	-1.71	90.00	0.015	0.00e+00	3.09e-04
965	10/02/2008	04:00	1.00	0.0	1.00	-0.90	88.9	0.09	11.99	0.0	-1.71	90.00	0.015	0.00e+00	3.07e-04
966	10/02/2008	05:00	1.00	0.0	1.00	-1.50	88.9	0.09	11.99	0.0	-1.71	90.00	0.015	0.00e+00	3.04e-04
967	10/02/2008	06:00	1.00	0.0	1.00	-1.80	88.9	0.09	11.99	0.0	-1.71	90.00	0.015	0.00e+00	3.03e-04
968	10/02/2008	07:00	1.00	140.0	1.00	-2.00	88.9	0.09	11.99	0.0	-1.71	90.00	0.015	0.00e+00	3.02e-04
969	10/02/2008	08:00	1.00	0.0	1.00	-0.60	392.2	0.14	12.53	0.0	10.91	-20.56	-0.062	1.90e-03	3.09e-04
970	10/02/2008	09:00	1.00	0.0	1.00	2.30	564.3	0.19	11.39	0.0	66.06	-9.33	-0.272	3.71e-03	3.23e-04
971	10/02/2008	10:00	1.00	250.0	1.00	4.60	763.5	0.20	11.45	0.0	106.53	-6.81	-0.420	4.95e-03	3.34e-04
972	10/02/2008	11:00	1.00	0.0	1.00	7.10	952.8	0.21	11.47	0.0	130.29	-5.98	-0.506	5.66e-03	3.47e-04
973	10/02/2008	12:00	1.00	340.0	1.00	8.50	1119.0	0.21	11.48	0.0	137.69	-5.77	-0.534	5.90e-03	3.54e-04
974	10/02/2008	13:00	1.00	0.0	1.00	10.20	1254.5	0.21	11.47	0.0	127.95	-6.05	-0.503	5.66e-03	3.62e-04
975	10/02/2008	14:00	1.00	40.0	1.00	10.60	1354.1	0.20	11.45	0.0	103.29	-6.95	-0.417	4.95e-03	3.65e-04
976	10/02/2008	15:00	1.10	40.0	1.00	11.10	1413.2	0.20	10.85	0.0	64.47	-11.36	-0.259	3.71e-03	3.67e-04
977	10/02/2008	16:00	2.20	360.0	1.21	10.70	1426.6	0.25	8.42	0.0	14.03	-96.04	-0.046	1.90e-03	3.65e-04
978	10/02/2008	17:00	1.60	360.0	1.00	9.20	116.2	0.14	9.57	0.0	-5.58	90.00	0.032	0.00e+00	3.57e-04
979	10/02/2008	18:00	1.40	20.0	1.00	6.70	107.7	0.12	10.21	0.0	-3.98	90.00	0.026	0.00e+00	3.45e-04
980	10/02/2008	19:00	1.00	0.0	1.00	4.50	88.9	0.09	11.99	0.0	-1.71	90.00	0.015	0.00e+00	3.34e-04
981	10/02/2008	20:00	1.00	210.0	1.00	3.30	88.9	0.09	11.99	0.0	-1.71	90.00	0.015	0.00e+00	3.28e-04
982	10/02/2008	21:00	1.00	190.0	1.00	2.50	88.9	0.09	11.99	0.0	-1.71	90.00	0.015	0.00e+00	3.24e-04
983	10/02/2008	22:00	1.00	0.0	1.00	1.20	88.9	0.09	11.99	0.0	-1.71	90.00	0.015	0.00e+00	3.17e-04
984	10/02/2008	23:00	1.00	180.0	1.00	0.90	88.9	0.09	11.99	0.0	-1.71	90.00	0.015	0.00e+00	3.16e-04
985	11/02/2008	00:00	1.00	150.0	1.00	0.30	88.9	0.09	11.99	0.0	-1.71	90.00	0.015	0.00e+00	3.13e-04
986	11/02/2008	01:00	1.00	0.0	1.00	-0.40	88.9	0.09	11.99	0.0	-1.71	90.00	0.015	0.00e+00	3.10e-04
987	11/02/2008	02:00	1.00	180.0	1.00	-0.80	88.9	0.09	11.99	0.0	-1.71	90.00	0.015	0.00e+00	3.08e-04
988	11/02/2008	03:00	1.00	160.0	1.00	-1.10	88.9	0.09	11.99	0.0	-1.71	90.00	0.015	0.00e+00	3.06e-04
989	11/02/2008	04:00	1.60	160.0	1.00	-1.10	116.2	0.14	9.57	0.0	-5.58	90.00	0.031	0.00e+00	3.06e-04
990	11/02/2008	05:00	1.00	0.0	1.00	-1.50	88.9	0.09	11.99	0.0	-1.71	90.00	0.015	0.00e+00	3.04e-04
991	11/02/2008	06:00	1.00	0.0	1.00	-2.00	88.9	0.09	11.99	0.0	-1.71	90.00	0.015	0.00e+00	3.02e-04
992	11/02/2008	07:00	1.10	340.0	1.00	-1.70	93.9	0.10	11.46	0.0	-2.17	90.00	0.017	0.00e+00	3.03e-04
993	11/02/2008	08:00	1.00	0.0	1.00	-0.20	403.5	0.14	12.42	0.0	12.69	-19.25	-0.071	1.96e-03	3.10e-04
994	11/02/2008	09:00	1.00	330.0	1.00	2.70	583.4	0.19	11.40	1.0	71.26	-8.88	-0.292	3.76e-03	3.25e-04
995	11/02/2008	10:00	1.00	310.0	1.00	5.00	780.2	0.20	11.45	0.0	108.05	-6.75	-0.425	5.00e-03	3.36e-04
996	11/02/2008	11:00	1.00	0.0	1.00	6.70	968.6	0.21	11.48	0.0	132.37	-5.92	-0.512	5.71e-03	3.45e-04
997	11/02/2008	12:00	1.00	20.0	1.00	8.10	1134.6	0.21	11.48	0.0	139.79	-5.71	-0.540	5.94e-03	3.52e-04
998	11/02/2008	13:00	1.40	350.0	1.00	9.60	1274.3	0.25	9.70	1.0	133.40	-10.99	-0.423	5.71e-03	3.59e-04
999	11/02/2008	14:00	1.00	360.0	1.00	10.80	1377.1	0.20	11.45	1.0	108.13	-6.75	-0.435	5.00e-03	3.66e-04
1000	11/02/2008	15:00	3.60	180.0	1.99	11.90	1444.2	0.41	6.57	1.0	69.24	-88.07	-0.138	3.76e-03	3.71e-04
1001	11/02/2008	16:00	2.60	150.0	1.43	11.40	1462.5	0.29	7.73	1.0	19.12	-112.62	-0.054	1.96e-03	3.69e-04
1002	11/02/2008	17:00	1.30	150.0	1.00	9.40	103.3	0.11	10.58	1.0	-3.30	90.00	0.023	0.00e+00	3.58e-04
1003	11/02/2008	18:00	1.50	110.0	1.00	6.50	112.0	0.13	9.88	1.0	-4.74	90.00	0.029	0.00e+00	3.44e-04
1004	11/02/2008	19:00	1.90	100.0	1.05	5.20	127.9	0.16	8.82	1.0	-8.65	90.00	0.042	0.00e+00	3.37e-04
1005	11/02/2008	20:00	1.00	110.0	1.00	4.10	88.9	0.09	11.99	1.0	-1.71	90.00	0.015	0.00e+00	3.32e-04
1006	11/02/2008	21:00	1.00	300.0	1.00	2.90	88.9	0.09	11.99	1.0	-1.71	90.00	0.015	0.00e+00	3.26e-04
1007	11/02/2008	22:00	1.00	360.0	1.00	3.30	88.9	0.09	11.99	1.0	-1.71	90.00	0.015	0.00e+00	3.28e-04
1008	11/02/2008	23:00	1.00	0.0	1.00	1.40	88.9	0.09	11.99	1.0	-1.71	90.00	0.015	0.00e+00	3.18e-04
1009	12/02/2008	00:00	1.00	130.0	1.00	0.30	88.9	0.09	11.99	0.0	-1.71	90.00	0.015	0.00e+00	3.13e-04
1010	12/02/2008	01:00	1.00	0.0	1.00	-0.50	88.9	0.09	11.99	0.0	-1.71	90.00	0.015	0.00e+00	3.09e-04
1011	12/02/2008	02:00	1.00	0.0	1.00	-1.20	88.9	0.09	11.99	0.0	-1.71	90.00	0.015	0.00e+00	3.06e-04
1012	12/02/2008	03:00	1.00	130.0	1.00	-1.20	88.9	0.09	11.99	0.0	-1.71	90.00	0.015	0.00e+00	3.06e-04
1013	12/02/2008	04:00	1.00	180.0	1.00	-1.80	88.9	0.09	11.99	0.0	-1.71	90.00	0.015	0.00e+00	3.03e-04
1014	12/02/2008	05:00	1.00	140.0	1.00	-1.80	88.9	0.09	11.99	0.0	-1.71	90.00	0.015	0.00e+00	3.03e-04
1015	12/02/2008	06:00	1.00	150.0	1.00	-2.40	88.9	0.09	11.99	0.0	-1.71	90.00	0.015	0.00e+00	3.00e-04
1016	12/02/2008	07:00	1.00	0.0	1.00	-2.20	88.9	0.09	11.99	3.0	-1.71	90.00	0.015	0.00e+00	3.01e-04
1017	12/02/2008	08:00	1.00	160.0	1.00	-0.60	477.3	0.17	11.59	5.0	24.91	-16.22	-0.117	1.71e-03	3.09e-04
1018	12/02/2008	09:00	1.00	0.0	1.00	1.00	646.1	0.19	11.41	4.0	76.98	-8.43	-0.311	3.55e-03	3.16e-04
1019	12/02/2008	10:00	1.00	0.0	1.00	3.60	824.8	0.20	11.45	5.0	106.40	-6.82	-0.418	4.28e-03	3.29e-04
1020	12/02/2008	11:00	1.00	0.0	1.00	6.30	997.2	0.20	11.47	5.0	126.43	-6.09	-0.491	4.89e-03	3.43e-04
1021	12/02/2008	12:00	1.50	100.0	1.00	7.90	1152.2	0.27	9.37	5.0	132.50	-12.60	-0.400	5.08e-03	3.51e-04
1022	12/02/2008	13:00	1.00	0.0	1.00	9.90	1289.4	0.21	11.48	4.0	133.59	-5.88	-0.522	5.35e-03	3.61e-04
1023	12/02/2008	14:00	1.20	10.0	1.00	9.70	1393.4	0.23	10.46	4.0	110.85	-9.30	-0.395	4.69e-03	3.60e-04
1024	12/02/2008	15:00	2.00	50.0	1.26	9.60	1460.3	0.29	8.30	4.0	74.44	-29.75	-0.206	3.55e-03	3.59e-04
1025	12/02/2008	16:00	1.90	50.0	1.05	9.10	1480.8	0.23	9.10	2.0	23.12	-46.27	-0.081	2.00e-03	3.57e-04
1026	12/02/2008	17:00	1.40	30.0	1.00	7.50	107.7	0.12	10.21	2.0	-3.98	90.00	0.026	0.00e+00	3.49e-04
1027	12/02/2008	18:00	1.60	40.0	1.00	5.40	116.2	0.14	9.57	2.0	-5.58	90.00	0.032	0.00e+00	3.38e-04
1028	12/02/2008	19:00	1.00	150.0	1.00	3.80	88.9	0.09	11.99	2.0	-1.71	90.00	0.015	0.00e+00	3.30e-04
1029	12/02/2008	20:00	1.00	0.0	1.00	2.60	88.9	0.09	11.99	2.0	-1.71	90.00	0.015	0.00e+00	3.24e-04
1030	12/02/2008	21:00	1.00	190.0	1.00	1.50	88.9	0.09	11.99	2.0	-1.71	90.00	0.015	0.00e+00	3.19e-04
1031	12/02/2008	22:00	1.00	180.0	1.00	0.80	88.9	0.09	11.99	1.0	-1.71	90.00	0.015	0.00e+00	3.15e-04
1032	12/02/2008	23:00	1.00	130.0	1.00	0.20	88.9	0.09	11.99	1.0	-1.71	90.00	0.015	0.00e+00	3.12e-04
1033	13/02/2008	00:00	1.00	0.0	1.00	-0.40	88.9	0.09	11.99	1.0	-1.71	90.00	0.015	0.00e+00	3.10e-04
1034	13/02/2008	01:00	1.10	170.0	1.00	-0.90	93.9	0.10	11.46	1.0	-2.17	90.00	0.017	0.00e+00	3.07e-04
1035	13/02/2008	02:00	1.00	0.0	1.00	-1.50	88.9	0.09	11.99	1.0	-1.71	90.00	0.015	0.00e+00	3.04e-04
1036	13/02/2008	03:00	1.00	0.0	1.00	-1.80	88.9	0.09	11.99	0.0	-1.71	90.00	0.015	0.00e+00	3.03e-04
1037	13/02/2008	04:00	1.20	160.0	1.00	-2.00	98.7	0.11	10.99	0.0	-2.70	90.00	0.020	0.00e+00	3.02e-04
1038	13/02/2008	05:00	1.00	170.0	1.00	-2.00	88.9	0.09	11.99	0.0	-1.71	90.00	0.015	0.00e+00	3.02e-04
1039	13/02/2008	06:00	1.30	220.0	1.00	-2.30	103.3	0.11	10.58	0.0	-3.30	90.00	0.022	0.00e+00	3.00e-04
1040	13/02/2008	07:00	1.00	0.0	1.00	-2.30	88.9	0.09	11.99	0.0	-1.71	90.00	0.015	0.00e+00	3.00e-04
1041	13/02/2008	08:00	1.00	0.0	1.00	-0.60	426.9	0.15	12.14	0.0	16.09	-17.97	-0.084	2.08e-03	3.09e-04
1042	13/02/2008	09:00	1.00	0.0	1.00	2.50	599.7	0.19	11.40	0.0	71.29	-8.87	-0.292	3.88e-03	3.24e-04
1043	13/02/2008	10:00	1.00	0.0	1.00	4.90	798.0	0.20	11.46	0.0	111.69	-6.60	-0.438	5.10e-03	3.36e-04
1044	13/02/2008	11:00	1.00	220.0	1.00	7.00	987.2	0.21	11.48	0.0	135.72	-5.82	-0.524	5.81e-03	3.46e-04
1045	13/02/2008	12:00	1.00	210.0	1.00	8.80	1153.9	0.21	11.49	0.0	142.74	-5.63	-0.551	6.04e-03	3.55e-04
1046	13/02/2008	13:00	1.00	260.0	1.00	10.00	1290.9	0.21	11.48	0.0	133.30	-5.89	-0.521	5.81e-03	3.61e-04
1047	13/02/2008	14:00	1.00	10.0	1.00	11.10	1392.5	0.20	11.45	0.0	108.10	-6.75	-0.435	5.10e-03	3.67e-04
1048	13/02/2008	15:00	1.40	10.0	1.00	10.80	1454.5	0.24	9.62	0.0	69.39	-17.22	-0.237	3.88e-03	3.66e-04
1049	13/02/2008	16:00	1.50	360.0	1.00	10.70	1471.1	0.19	10.23	0.0	18.71	-32.52	-0.080	2.08e-03	3.65e-04
1050	13/02/2008	17:00	1.50	10.0	1.00	8.80	112.0	0.13	9.88	0.0	-4.74	90.00	0.029	0.00e+00	3.55e-04
1051	13/02/2008	18:00	1.00	0.0	1.00	6.00	88.9	0.09	11.99	0.0	-1.71	90.00	0.015	0.00e+00	3.41e-04
1052	13/02/2008	19:00	1.00	170.0	1.00	4.10	88.9	0.09	11.99	0.0	-1.71	90.00	0.015	0.00e+00	3.32e-04
1053	13/02/2008	20:00	1.00	200.0	1.00	3.00	88.9	0.09	11.99	0.0	-1.71	90.00	0.015	0.00e+00	3.26e-04
1054	13/02/2008	21:00	1.00	0.0	1.00	2.10	88.9	0.09	11.99	0.0	-1.71	90.00	0.015	0.00e+00	3.22e-04
1055	13/02/2008	22:00	1.80	220.0	1.00	1.50	124.1	0.16	9.05	0.0	-7.53	90.00	0.038	0.00e+00	3.19e-04
1056	13/02/2008	23:00	1.00	160.0	1.00	0.70	88.9	0.09	11.99	0.0	-1.71	90.00	0.015	0.00e+00	3.15e-04
1057	14/02/2008	00:00	1.00	170.0	1.00	-0.10	88.9	0.09	11.99	0.0	-1.71	90.00	0.015	0.00e+00	3.11e-04
1058	14/02/2008	01:00	1.00	190.0	1.00	-0.70	88.9	0.09	11.99	0.0	-1.71	90.00	0.015	0.00e+00	3.08e-04
1059	14/02/2008	02:00	1.00	0.0	1.00	-1.00	88.9	0.09	11.99	0.0	-1.71	90.00	0.015	0.00e+00	3.07e-04
1060	14/02/2008	03:00	1.90	220.0	1.05	-1.40	127.9	0.16	8.82	0.0	-8.65	90.00	0.041	0.00e+00	3.05e-04
1061	14/02/2008	04:00	1.00	200.0	1.00	-1.60	88.9	0.09	11.99	0.0	-1.71	90.00	0.015	0.00e+00	3.04e-04
1062	14/02/2008	05:00	1.00	270.0	1.00	-1.60	88.9	0.09	11.99	0.0	-1.71	90.00	0.015	0.00e+00	3.04e-04
1063	14/02/2008	06:00	1.10	190.0	1.00	-1.70	93.9	0.10	11.46	0.0	-2.17	90.00	0.017	0.00e+00	3.03e-04
1064	14/02/2008	07:00	1.00	140.0	1.00	-2.20	88.9	0.09	11.99	0.0	-1.71	90.00	0.015	0.00e+00	3.01e-04
1065	14/02/2008	08:00	1.00	0.0	1.00	-0.80	438.6	0.15	12.00	0.0	17.83	-17.59	-0.091	2.14e-03	3.08e-04
1066	14/02/2008	09:00	1.00	0.0	1.00	1.50	611.7	0.19	11.40	0.0	73.40	-8.70	-0.298	3.93e-03	3.19e-04
1067	14/02/2008	10:00	1.00	30.0	1.00	3.40	810.4	0.20	11.46	0.0	114.50	-6.50	-0.445	5.15e-03	3.28e-04
1068	14/02/2008	11:00	1.00	0.0	1.00	5.70	1000.1	0.21	11.48	0.0	138.65	-5.74	-0.532	5.86e-03	3.40e-04
1069	14/02/2008	12:00	1.00	0.0	1.00	8.00	1167.4	0.21	11.49	0.0	145.26	-5.57	-0.558	6.09e-03	3.51e-04
1070	14/02/2008	13:00	1.00	0.0	1.00	9.60	1304.6	0.21	11.48	0.0	135.39	-5.83	-0.528	5.86e-03	3.59e-04
1071	14/02/2008	14:00	1.00	150.0	1.00	10.70	1406.6	0.20	11.45	0.0	110.03	-6.67	-0.441	5.15e-03	3.65e-04
1072	14/02/2008	15:00	1.00	90.0	1.00	10.50	1468.9	0.19	11.40	0.0	71.11	-8.89	-0.299	3.93e-03	3.64e-04
1073	14/02/2008	16:00	2.00	50.0	1.10	9.90	1486.7	0.23	8.87	0.0	20.07	-57.44	-0.069	2.14e-03	3.61e-04
1074	14/02/2008	17:00	1.50	50.0	1.00	7.60	112.0	0.13	9.88	0.0	-4.74	90.00	0.029	0.00e+00	3.49e-04
1075	14/02/2008	18:00	1.00	0.0	1.00	5.00	88.9	0.09	11.99	0.0	-1.71	90.00	0.015	0.00e+00	3.36e-04
1076	14/02/2008	19:00	1.00	0.0	1.00	3.40	88.9	0.09	11.99	0.0	-1.71	90.00	0.015	0.00e+00	3.28e-04
1077	14/02/2008	20:00	1.00	210.0	1.00	2.10	88.9	0.09	11.99	0.0	-1.71	90.00	0.015	0.00e+00	3.22e-04
1078	14/02/2008	21:00	1.60	220.0	1.00	1.30	116.2	0.14	9.57	0.0	-5.58	90.00	0.031	0.00e+00	3.18e-04
1079	14/02/2008	22:00	1.00	210.0	1.00	0.60	88.9	0.09	11.99	0.0	-1.71	90.00	0.015	0.00e+00	3.14e-04
1080	14/02/2008	23:00	1.00	0.0	1.00	-0.30	88.9	0.09	11.99	0.0	-1.71	90.00	0.015	0.00e+00	3.10e-04
1081	15/02/2008	00:00	1.00	210.0	1.00	-0.60	88.9	0.09	11.99	0.0	-1.71	90.00	0.015	0.00e+00	3.09e-04
1082	15/02/2008	01:00	1.00	170.0	1.00	-1.10	88.9	0.09	11.99	0.0	-1.71	90.00	0.015	0.00e+00	3.06e-04
1083	15/02/2008	02:00	1.00	150.0	1.00	-1.50	88.9	0.09	11.99	0.0	-1.71	90.00	0.015	0.00e+00	3.04e-04
1084	15/02/2008	03:00	1.00	150.0	1.00	-2.00	88.9	0.09	11.99	0.0	-1.71	90.00	0.015	0.00e+00	3.02e-04
1085	15/02/2008	04:00	1.00	0.0	1.00	-2.50	88.9	0.09	11.99	0.0	-1.71	90.00	0.015	0.00e+00	2.99e-04
1086	15/02/2008	05:00	1.00	180.0	1.00	-2.70	88.9	0.09	11.99	0.0	-1.71	90.00	0.015	0.00e+00	2.99e-04
1087	15/02/2008	06:00	1.00	0.0	1.00	-3.00	88.9	0.09	11.99	0.0	-1.71	90.00	0.015	0.00e+00	2.97e-04
1088	15/02/2008	07:00	1.00	0.0	1.00	-3.20	88.9	0.09	11.99	0.0	-1.71	90.00	0.015	0.00e+00	2.96e-04
1089	15/02/2008	08:00	1.00	350.0	1.00	-1.30	449.3	0.16	11.88	0.0	19.56	-17.23	-0.097	2.20e-03	3.05e-04
1090	15/02/2008	09:00	2.40	360.0	1.42	0.80	918.5	0.32	7.81	0.0	75.47	-38.16	-0.185	3.99e-03	3.15e-04
1091	15/02/2008	10:00	2.70	20.0	1.67	1.70	1075.3	0.37	7.20	0.0	117.53	-39.32	-0.247	5.21e-03	3.20e-04
1092	15/02/2008	11:00	4.40	10.0	2.44	1.80	1437.2	0.50	5.93	6.0	114.85	-96.08	-0.181	4.24e-03	3.20e-04
1093	15/02/2008	12:00	4.10	10.0	2.27	0.50	1476.2	0.44	6.14	8.0	39.66	-194.39	-0.070	1.53e-03	3.14e-04
1094	15/02/2008	13:00	4.20	350.0	2.32	0.50	1512.6	0.45	6.06	8.0	37.36	-218.63	-0.065	1.48e-03	3.14e-04
1095	15/02/2008	14:00	5.00	10.0	2.77	0.90	1546.3	0.53	5.54	8.0	30.66	-423.44	-0.046	1.30e-03	3.16e-04
1096	15/02/2008	15:00	4.80	10.0	2.67	1.30	1569.9	0.50	5.64	8.0	20.05	-565.08	-0.031	9.97e-04	3.18e-04
1097	15/02/2008	16:00	4.50	10.0	2.51	1.50	1581.2	0.47	5.81	8.0	6.26	-1452.82	-0.010	5.49e-04	3.19e-04
1098	15/02/2008	17:00	3.90	340.0	2.22	2.00	461.8	0.40	6.15	8.0	-9.64	588.06	0.019	0.00e+00	3.21e-04
1099	15/02/2008	18:00	4.30	340.0	2.41	2.30	352.3	0.42	5.88	8.0	-24.05	274.51	0.045	0.00e+00	3.23e-04
1100	15/02/2008	19:00	4.70	340.0	2.64	2.60	406.5	0.46	5.63	8.0	-26.58	336.33	0.045	0.00e+00	3.24e-04
1101	15/02/2008	20:00	5.40	360.0	3.04	2.50	504.4	0.54	5.25	8.0	-31.00	456.99	0.045	0.00e+00	3.24e-04
1102	15/02/2008	21:00	4.40	350.0	2.47	2.20	365.5	0.43	5.81	8.0	-24.70	289.22	0.045	0.00e+00	3.22e-04
1103	15/02/2008	22:00	4.30	330.0	2.41	1.90	352.0	0.42	5.88	8.0	-24.09	274.04	0.045	0.00e+00	3.21e-04
1104	15/02/2008	23:00	2.50	350.0	1.37	1.70	148.8	0.21	7.72	8.0	-12.26	90.00	0.045	0.00e+00	3.20e-04
1105	16/02/2008	00:00	3.10	340.0	1.68	1.70	167.3	0.26	6.96	7.0	-18.63	90.00	0.056	0.00e+00	3.20e-04
1106	16/02/2008	01:00	3.90	320.0	2.18	1.50	299.3	0.37	6.17	8.0	-21.52	217.86	0.045	0.00e+00	3.19e-04
1107	16/02/2008	02:00	2.40	360.0	1.31	1.50	145.5	0.21	7.88	8.0	-11.80	90.00	0.045	0.00e+00	3.19e-04
1108	16/02/2008	03:00	1.30	20.0	1.00	1.40	103.3	0.11	10.58	8.0	-3.30	90.00	0.023	0.00e+00	3.18e-04
1109	16/02/2008	04:00	2.20	340.0	1.21	1.50	138.7	0.19	8.21	8.0	-10.85	90.00	0.045	0.00e+00	3.19e-04
1110	16/02/2008	05:00	1.00	0.0	1.00	1.30	88.9	0.09	11.99	8.0	-1.71	90.00	0.015	0.00e+00	3.18e-04
1111	16/02/2008	06:00	1.50	50.0	1.00	0.90	112.0	0.13	9.88	7.0	-4.74	90.00	0.028	0.00e+00	3.16e-04
1112	16/02/2008	07:00	1.90	60.0	1.05	0.90	127.9	0.16	8.82	7.0	-8.65	90.00	0.041	0.00e+00	3.16e-04
1113	16/02/2008	08:00	1.30	60.0	1.00	1.00	568.4	0.20	10.38	4.0	32.12	-21.25	-0.127	2.10e-03	3.16e-04
1114	16/02/2008	09:00	1.40	60.0	1.00	1.80	729.4	0.24	9.64	2.0	83.50	-15.14	-0.271	4.02e-03	3.20e-04
1115	16/02/2008	10:00	2.20	10.0	1.44	2.80	962.6	0.33	7.77	5.0	113.19	-29.29	-0.267	4.46e-03	3.25e-04
1116	16/02/2008	11:00	1.70	350.0	1.13	3.30	1123.7	0.29	8.80	5.0	135.17	-15.85	-0.369	5.05e-03	3.28e-04
1117	16/02/2008	12:00	1.20	330.0	1.00	4.10	1281.1	0.23	10.50	4.0	153.66	-7.49	-0.518	5.74e-03	3.32e-04
1118	16/02/2008	13:00	1.10	100.0	1.00	5.70	1416.9	0.22	10.96	2.0	148.24	-6.54	-0.532	5.92e-03	3.40e-04
1119	16/02/2008	14:00	1.40	20.0	1.00	5.40	1518.4	0.25	9.69	1.0	120.29	-11.79	-0.380	5.25e-03	3.38e-04
1120	16/02/2008	15:00	2.60	360.0	1.50	6.20	1580.9	0.33	7.59	0.0	75.59	-43.00	-0.182	4.04e-03	3.42e-04
1121	16/02/2008	16:00	3.30	10.0	1.83	5.20	1601.0	0.36	6.84	0.0	22.30	-182.65	-0.050	2.26e-03	3.37e-04
1122	16/02/2008	17:00	3.40	10.0	1.84	3.60	175.9	0.29	6.66	0.0	-32.77	90.00	0.090	0.00e+00	3.29e-04
1123	16/02/2008	18:00	2.30	360.0	1.26	2.40	142.1	0.20	8.04	1.0	-14.13	90.00	0.056	0.00e+00	3.23e-04
1124	16/02/2008	19:00	1.10	10.0	1.00	1.30	93.9	0.10	11.46	1.0	-2.17	90.00	0.017	0.00e+00	3.18e-04
1125	16/02/2008	20:00	1.00	190.0	1.00	-0.30	88.9	0.09	11.99	2.0	-1.71	90.00	0.015	0.00e+00	3.10e-04
1126	16/02/2008	21:00	1.10	190.0	1.00	-1.00	93.9	0.10	11.46	2.0	-2.17	90.00	0.017	0.00e+00	3.07e-04
1127	16/02/2008	22:00	1.00	180.0	1.00	-1.20	88.9	0.09	11.99	3.0	-1.71	90.00	0.015	0.00e+00	3.06e-04
1128	16/02/2008	23:00	1.00	190.0	1.00	-2.00	88.9	0.09	11.99	3.0	-1.71	90.00	0.015	0.00e+00	3.02e-04
1129	17/02/2008	00:00	1.00	160.0	1.00	-2.30	88.9	0.09	11.99	4.0	-1.71	90.00	0.015	0.00e+00	3.00e-04
1130	17/02/2008	01:00	1.00	150.0	1.00	-2.70	88.9	0.09	11.99	4.0	-1.71	90.00	0.015	0.00e+00	2.99e-04
1131	17/02/2008	02:00	1.00	180.0	1.00	-2.90	88.9	0.09	11.99	5.0	-1.71	90.00	0.015	0.00e+00	2.98e-04
1132	17/02/2008	03:00	1.00	80.0	1.00	-3.00	88.9	0.09	11.99	6.0	-1.71	90.00	0.015	0.00e+00	2.97e-04
1133	17/02/2008	04:00	1.00	0.0	1.00	-3.40	88.9	0.09	11.99	3.0	-1.71	90.00	0.015	0.00e+00	2.95e-04
1134	17/02/2008	05:00	1.00	0.0	1.00	-3.70	88.9	0.09	11.99	0.0	-1.71	90.00	0.015	0.00e+00	2.94e-04
1135	17/02/2008	06:00	1.00	0.0	1.00	-3.70	88.9	0.09	11.99	1.0	-1.71	90.00	0.015	0.00e+00	2.94e-04
1136	17/02/2008	07:00	1.20	210.0	1.00	-3.80	98.7	0.11	10.99	1.0	-2.70	90.00	0.020	0.00e+00	2.93e-04
1137	17/02/2008	08:00	1.00	0.0	1.00	-2.20	485.8	0.17	11.51	1.0	26.88	-15.86	-0.123	2.32e-03	3.01e-04
1138	17/02/2008	09:00	1.00	0.0	1.00	0.50	663.2	0.20	11.42	1.0	82.93	-8.03	-0.331	4.10e-03	3.14e-04
1139	17/02/2008	10:00	1.10	270.0	1.00	2.50	858.5	0.22	10.93	0.0	120.77	-7.48	-0.439	5.31e-03	3.24e-04
1140	17/02/2008	11:00	1.00	240.0	1.00	5.70	1046.0	0.21	11.49	0.0	144.27	-5.60	-0.551	6.01e-03	3.40e-04
1141	17/02/2008	12:00	1.00	310.0	1.00	7.40	1212.8	0.21	11.49	0.0	151.38	-5.42	-0.578	6.23e-03	3.48e-04
1142	17/02/2008	13:00	1.00	210.0	1.00	9.90	1350.2	0.21	11.48	0.0	140.55	-5.69	-0.546	6.01e-03	3.61e-04
1143	17/02/2008	14:00	7.20	180.0	3.97	11.70	2187.1	0.76	4.63	0.0	114.71	-339.04	-0.123	5.31e-03	3.70e-04
1144	17/02/2008	15:00	8.20	180.0	4.54	10.60	2453.6	0.85	4.33	0.0	76.20	-720.59	-0.072	4.10e-03	3.65e-04
1145	17/02/2008	16:00	7.50	190.0	4.17	10.00	2478.4	0.77	4.51	0.0	25.03	-1652.51	-0.026	2.32e-03	3.61e-04
1146	17/02/2008	17:00	5.60	190.0	3.28	8.70	572.9	0.59	5.06	1.0	-32.34	557.03	0.044	0.00e+00	3.55e-04
1147	17/02/2008	18:00	3.50	180.0	1.89	7.70	178.6	0.30	6.57	1.0	-32.94	90.00	0.089	0.00e+00	3.50e-04
1148	17/02/2008	19:00	3.30	160.0	1.79	6.20	173.0	0.28	6.76	2.0	-30.55	90.00	0.087	0.00e+00	3.42e-04
1149	17/02/2008	20:00	2.30	150.0	1.26	4.10	142.1	0.20	8.04	2.0	-14.13	90.00	0.057	0.00e+00	3.32e-04
1150	17/02/2008	21:00	2.70	160.0	1.47	4.30	155.2	0.23	7.44	3.0	-21.39	90.00	0.074	0.00e+00	3.33e-04
1151	17/02/2008	22:00	1.60	140.0	1.00	2.60	116.2	0.14	9.57	3.0	-5.58	90.00	0.032	0.00e+00	3.24e-04
1152	17/02/2008	23:00	1.80	160.0	1.00	3.00	124.1	0.16	9.05	4.0	-7.53	90.00	0.038	0.00e+00	3.26e-04
1153	18/02/2008	00:00	2.00	150.0	1.10	2.10	131.6	0.17	8.60	4.0	-9.86	90.00	0.045	0.00e+00	3.22e-04
1154	18/02/2008	01:00	1.00	130.0	1.00	1.00	88.9	0.09	11.99	5.0	-1.71	90.00	0.015	0.00e+00	3.16e-04
1155	18/02/2008	02:00	1.50	130.0	1.00	-0.10	112.0	0.13	9.88	5.0	-4.74	90.00	0.028	0.00e+00	3.11e-04
1156	18/02/2008	03:00	1.00	0.0	1.00	-1.00	88.9	0.09	11.99	6.0	-1.71	90.00	0.015	0.00e+00	3.07e-04
1157	18/02/2008	04:00	1.00	130.0	1.00	-0.60	88.9	0.09	11.99	6.0	-1.71	90.00	0.015	0.00e+00	3.09e-04
1158	18/02/2008	05:00	1.00	0.0	1.00	-0.30	88.9	0.09	11.99	7.0	-1.71	90.00	0.015	0.00e+00	3.10e-04
1159	18/02/2008	06:00	1.60	160.0	1.00	0.40	116.2	0.14	9.57	5.0	-5.58	90.00	0.031	0.00e+00	3.13e-04
1160	18/02/2008	07:00	1.00	190.0	1.00	0.50	88.9	0.09	11.99	6.0	-1.71	90.00	0.015	0.00e+00	3.14e-04
1161	18/02/2008	08:00	1.00	0.0	1.00	2.40	496.5	0.17	11.42	6.0	29.65	-15.34	-0.135	1.71e-03	3.23e-04
1162	18/02/2008	09:00	1.00	0.0	1.00	4.90	678.3	0.20	11.42	4.0	85.65	-7.86	-0.346	3.86e-03	3.36e-04
1163	18/02/2008	10:00	1.00	0.0	1.00	6.20	880.2	0.20	11.47	3.0	126.43	-6.09	-0.491	5.22e-03	3.42e-04
1164	18/02/2008	11:00	1.60	150.0	1.06	8.70	1073.1	0.28	9.08	3.0	149.01	-13.17	-0.427	5.89e-03	3.55e-04
1165	18/02/2008	12:00	1.70	200.0	1.12	10.50	1243.8	0.29	8.81	3.0	155.54	-14.38	-0.430	6.11e-03	3.64e-04
1166	18/02/2008	13:00	5.50	210.0	3.04	10.50	1748.0	0.61	5.31	3.0	147.35	-134.74	-0.197	5.89e-03	3.64e-04
1167	18/02/2008	14:00	3.80	200.0	2.14	11.30	1836.3	0.45	6.34	1.0	119.96	-67.92	-0.216	5.36e-03	3.68e-04
1168	18/02/2008	15:00	4.40	180.0	2.43	11.60	1895.9	0.49	5.94	1.0	80.96	-126.28	-0.135	4.15e-03	3.70e-04
1169	18/02/2008	16:00	4.30	190.0	2.38	11.00	1919.8	0.46	5.98	1.0	30.25	-282.45	-0.054	2.38e-03	3.67e-04
1170	18/02/2008	17:00	2.90	180.0	1.58	9.60	161.3	0.25	7.19	3.0	-23.21	90.00	0.076	0.00e+00	3.59e-04
1171	18/02/2008	18:00	2.80	150.0	1.52	7.70	158.3	0.24	7.31	3.0	-23.51	90.00	0.079	0.00e+00	3.50e-04
1172	18/02/2008	19:00	1.60	150.0	1.00	6.60	116.2	0.14	9.57	5.0	-5.58	90.00	0.032	0.00e+00	3.44e-04
1173	18/02/2008	20:00	1.80	130.0	1.00	4.80	124.1	0.16	9.05	7.0	-7.53	90.00	0.038	0.00e+00	3.35e-04
1174	18/02/2008	21:00	2.00	130.0	1.10	3.80	131.6	0.17	8.60	7.0	-9.86	90.00	0.045	0.00e+00	3.30e-04
1175	18/02/2008	22:00	1.10	120.0	1.00	4.10	93.9	0.10	11.46	8.0	-2.17	90.00	0.018	0.00e+00	3.32e-04
1176	18/02/2008	23:00	1.00	190.0	1.00	2.60	88.9	0.09	11.99	8.0	-1.71	90.00	0.015	0.00e+00	3.24e-04
1177	19/02/2008	00:00	1.20	150.0	1.00	1.40	98.7	0.11	10.99	7.0	-2.70	90.00	0.020	0.00e+00	3.18e-04
1178	19/02/2008	01:00	1.00	110.0	1.00	1.10	88.9	0.09	11.99	7.0	-1.71	90.00	0.015	0.00e+00	3.17e-04
1179	19/02/2008	02:00	1.70	160.0	1.00	1.10	120.2	0.15	9.30	5.0	-6.51	90.00	0.035	0.00e+00	3.17e-04
1180	19/02/2008	03:00	2.50	110.0	1.37	0.30	148.8	0.21	7.72	3.0	-17.52	90.00	0.064	0.00e+00	3.13e-04
1181	19/02/2008	04:00	1.00	350.0	1.00	0.70	88.9	0.09	11.99	3.0	-1.71	90.00	0.015	0.00e+00	3.15e-04
1182	19/02/2008	05:00	2.30	140.0	1.26	0.30	142.1	0.20	8.04	1.0	-14.13	90.00	0.056	0.00e+00	3.13e-04
1183	19/02/2008	06:00	1.10	220.0	1.00	0.60	93.9	0.10	11.46	6.0	-2.17	90.00	0.017	0.00e+00	3.14e-04
1184	19/02/2008	07:00	1.00	130.0	1.00	1.80	88.9	0.09	11.99	7.0	-1.71	90.00	0.015	3.32e-05	3.20e-04
1185	19/02/2008	08:00	2.00	110.0	1.10	3.40	683.2	0.24	8.87	7.0	22.31	-53.12	-0.074	1.28e-03	3.28e-04
1186	19/02/2008	09:00	1.30	110.0	1.00	7.40	830.2	0.23	10.02	3.0	87.97	-12.66	-0.303	4.10e-03	3.48e-04
1187	19/02/2008	10:00	3.10	160.0	1.84	9.10	1161.5	0.40	6.85	1.0	123.22	-47.27	-0.246	5.41e-03	3.57e-04
1188	19/02/2008	11:00	7.90	180.0	4.36	10.90	2396.0	0.83	4.42	1.0	146.59	-348.79	-0.143	6.10e-03	3.66e-04
1189	19/02/2008	12:00	6.40	190.0	3.53	11.80	2484.0	0.69	4.92	1.0	154.12	-190.04	-0.182	6.33e-03	3.71e-04
1190	19/02/2008	13:00	6.90	180.0	3.81	12.60	2566.3	0.73	4.73	1.0	145.12	-243.99	-0.161	6.10e-03	3.75e-04
1191	19/02/2008	14:00	8.30	190.0	4.58	12.70	2640.0	0.87	4.31	1.0	120.86	-479.42	-0.114	5.41e-03	3.76e-04
1192	19/02/2008	15:00	6.70	190.0	3.70	12.60	2688.1	0.70	4.79	2.0	85.07	-366.92	-0.098	4.18e-03	3.75e-04
1193	19/02/2008	16:00	6.30	190.0	3.50	11.90	2710.6	0.66	4.93	2.0	35.07	-716.76	-0.043	2.43e-03	3.71e-04
1194	19/02/2008	17:00	3.80	170.0	2.20	10.80	285.4	0.37	6.14	2.0	-24.18	194.44	0.052	6.31e-05	3.66e-04
1195	19/02/2008	18:00	3.40	160.0	1.84	8.70	175.9	0.29	6.66	2.0	-31.17	90.00	0.087	0.00e+00	3.55e-04
1196	19/02/2008	19:00	2.00	150.0	1.10	7.70	131.6	0.17	8.60	5.0	-9.86	90.00	0.046	0.00e+00	3.50e-04
1197	19/02/2008	20:00	2.70	160.0	1.47	6.90	155.2	0.23	7.44	5.0	-20.86	90.00	0.072	0.00e+00	3.46e-04
1198	19/02/2008	21:00	3.80	160.0	2.08	7.00	209.9	0.33	6.27	5.0	-30.38	110.55	0.072	0.00e+00	3.46e-04
1199	19/02/2008	22:00	3.20	160.0	1.73	5.80	170.2	0.27	6.86	5.0	-24.67	90.00	0.072	0.00e+00	3.40e-04
1200	19/02/2008	23:00	3.00	150.0	1.63	6.80	164.3	0.25	7.07	5.0	-23.10	90.00	0.072	0.00e+00	3.45e-04
1201	20/02/2008	00:00	3.00	160.0	1.63	6.30	164.3	0.25	7.07	7.0	-17.75	90.00	0.056	0.00e+00	3.43e-04
1202	20/02/2008	01:00	4.00	170.0	2.23	6.40	278.7	0.38	6.10	7.0	-26.29	182.28	0.056	0.00e+00	3.43e-04
1203	20/02/2008	02:00	1.60	180.0	1.00	6.70	116.2	0.14	9.57	7.0	-5.58	90.00	0.032	0.00e+00	3.45e-04
1204	20/02/2008	03:00	1.00	200.0	1.00	7.10	88.9	0.09	11.99	7.0	-1.71	90.00	0.015	0.00e+00	3.47e-04
1205	20/02/2008	04:00	2.60	150.0	1.42	6.80	152.0	0.22	7.58	7.0	-15.43	90.00	0.056	0.00e+00	3.45e-04
1206	20/02/2008	05:00	2.70	170.0	1.47	7.30	155.2	0.23	7.44	7.0	-15.98	90.00	0.056	0.00e+00	3.48e-04
1207	20/02/2008	06:00	4.10	190.0	2.29	7.90	291.8	0.39	6.03	7.0	-26.96	194.82	0.056	0.00e+00	3.51e-04
1208	20/02/2008	07:00	4.50	190.0	2.53	8.20	636.9	0.46	5.77	7.0	-7.80	1115.23	0.014	6.98e-05	3.52e-04
1209	20/02/2008	08:00	4.30	200.0	2.39	8.70	1312.7	0.45	5.97	7.0	24.26	-346.68	-0.043	1.31e-03	3.55e-04
1210	20/02/2008	09:00	4.00	200.0	2.21	9.70	1368.0	0.44	6.23	7.0	51.54	-144.97	-0.095	2.24e-03	3.60e-04
1211	20/02/2008	10:00	4.20	190.0	2.32	10.00	1440.3	0.46	6.08	7.0	72.24	-123.53	-0.126	2.86e-03	3.61e-04
1212	20/02/2008	11:00	5.20	190.0	2.87	10.20	1618.8	0.56	5.46	7.0	85.19	-185.10	-0.123	3.22e-03	3.62e-04
1213	20/02/2008	12:00	7.10	180.0	3.92	10.90	2147.0	0.74	4.66	7.0	89.37	-411.64	-0.097	3.34e-03	3.66e-04
1214	20/02/2008	13:00	5.50	190.0	3.04	12.50	2220.3	0.60	5.31	6.0	114.83	-165.49	-0.157	4.42e-03	3.74e-04
1215	20/02/2008	14:00	6.00	200.0	3.31	12.80	2283.1	0.64	5.08	6.0	97.29	-240.21	-0.124	3.92e-03	3.76e-04
1216	20/02/2008	15:00	6.50	180.0	3.60	12.40	2330.7	0.68	4.86	6.0	69.70	-406.48	-0.083	3.06e-03	3.74e-04
1217	20/02/2008	16:00	6.70	180.0	3.72	12.20	2358.5	0.69	4.78	6.0	33.50	-894.43	-0.039	1.80e-03	3.73e-04
1218	20/02/2008	17:00	4.50	180.0	2.54	11.60	603.3	0.46	5.76	6.0	-9.04	957.62	0.016	9.57e-05	3.70e-04
1219	20/02/2008	18:00	5.80	180.0	3.24	10.90	476.1	0.57	5.08	6.0	-45.73	366.32	0.065	0.00e+00	3.66e-04
1220	20/02/2008	19:00	5.00	180.0	2.79	10.50	374.8	0.48	5.47	6.0	-38.71	261.31	0.065	0.00e+00	3.64e-04
1221	20/02/2008	20:00	4.50	180.0	2.50	10.10	313.9	0.43	5.76	6.0	-34.24	203.67	0.065	0.00e+00	3.62e-04
1222	20/02/2008	21:00	2.60	190.0	1.42	9.80	152.0	0.22	7.58	6.0	-17.78	90.00	0.065	0.00e+00	3.60e-04
1223	20/02/2008	22:00	2.20	170.0	1.21	9.30	138.7	0.19	8.21	8.0	-10.55	90.00	0.045	0.00e+00	3.58e-04
1224	20/02/2008	23:00	2.20	190.0	1.21	9.30	138.7	0.19	8.21	8.0	-10.55	90.00	0.045	0.00e+00	3.58e-04
1225	21/02/2008	00:00	1.60	170.0	1.00	9.10	116.2	0.14	9.57	8.0	-5.58	90.00	0.032	0.00e+00	3.57e-04
1226	21/02/2008	01:00	1.30	180.0	1.00	8.80	103.3	0.11	10.58	8.0	-3.30	90.00	0.023	0.00e+00	3.55e-04
1227	21/02/2008	02:00	1.00	0.0	1.00	8.20	88.9	0.09	11.99	8.0	-1.71	90.00	0.016	0.00e+00	3.52e-04
1228	21/02/2008	03:00	1.20	140.0	1.00	7.70	98.7	0.11	10.99	7.0	-2.70	90.00	0.020	0.00e+00	3.50e-04
1229	21/02/2008	04:00	1.00	0.0	1.00	7.40	88.9	0.09	11.99	7.0	-1.71	90.00	0.015	0.00e+00	3.48e-04
1230	21/02/2008	05:00	1.00	120.0	1.00	7.10	88.9	0.09	11.99	7.0	-1.71	90.00	0.015	0.00e+00	3.47e-04
1231	21/02/2008	06:00	1.00	0.0	1.00	7.20	88.9	0.09	11.99	8.0	-1.71	90.00	0.015	0.00e+00	3.47e-04
1232	21/02/2008	07:00	1.30	140.0	1.00	6.90	103.3	0.11	10.58	8.0	-3.30	90.00	0.023	5.09e-05	3.46e-04
1233	21/02/2008	08:00	1.00	150.0	1.00	7.10	390.2	0.14	12.54	8.0	10.58	-20.86	-0.063	6.42e-04	3.47e-04
1234	21/02/2008	09:00	1.10	120.0	1.00	7.80	492.3	0.17	11.28	8.0	23.98	-18.49	-0.113	1.08e-03	3.50e-04
1235	21/02/2008	10:00	1.00	0.0	1.00	8.40	574.6	0.18	11.33	8.0	34.15	-14.43	-0.155	1.38e-03	3.53e-04
1236	21/02/2008	11:00	1.00	200.0	1.00	9.80	740.8	0.20	11.42	7.0	86.29	-7.82	-0.355	3.25e-03	3.60e-04
1237	21/02/2008	12:00	1.00	200.0	1.00	10.70	882.0	0.20	11.43	7.0	90.41	-7.58	-0.371	3.37e-03	3.65e-04
1238	21/02/2008	13:00	1.00	0.0	1.00	11.40	997.7	0.20	11.42	7.0	85.78	-7.85	-0.355	3.25e-03	3.69e-04
1239	21/02/2008	14:00	1.40	10.0	1.00	11.20	1117.3	0.25	9.66	6.0	99.24	-13.44	-0.327	3.96e-03	3.68e-04
1240	21/02/2008	15:00	1.40	30.0	1.00	12.00	1207.9	0.24	9.64	5.0	82.35	-15.29	-0.277	3.67e-03	3.72e-04
1241	21/02/2008	16:00	2.60	70.0	1.43	12.50	1247.2	0.30	7.76	1.0	35.58	-68.37	-0.096	2.57e-03	3.74e-04
1242	21/02/2008	17:00	1.60	50.0	1.00	11.40	116.2	0.14	9.57	1.0	-5.58	90.00	0.033	2.03e-04	3.69e-04
1243	21/02/2008	18:00	1.10	40.0	1.00	9.30	93.9	0.10	11.46	1.0	-2.17	90.00	0.018	0.00e+00	3.58e-04
1244	21/02/2008	19:00	1.00	40.0	1.00	7.50	88.9	0.09	11.99	1.0	-1.71	90.00	0.015	0.00e+00	3.49e-04
1245	21/02/2008	20:00	1.00	0.0	1.00	6.70	88.9	0.09	11.99	1.0	-1.71	90.00	0.015	0.00e+00	3.45e-04
1246	21/02/2008	21:00	1.00	0.0	1.00	5.50	88.9	0.09	11.99	1.0	-1.71	90.00	0.015	0.00e+00	3.39e-04
1247	21/02/2008	22:00	1.00	0.0	1.00	4.80	88.9	0.09	11.99	2.0	-1.71	90.00	0.015	0.00e+00	3.35e-04
1248	21/02/2008	23:00	1.30	180.0	1.00	4.20	103.3	0.11	10.58	2.0	-3.30	90.00	0.023	0.00e+00	3.32e-04
1249	22/02/2008	00:00	1.00	200.0	1.00	3.70	88.9	0.09	11.99	2.0	-1.71	90.00	0.015	0.00e+00	3.30e-04
1250	22/02/2008	01:00	1.00	160.0	1.00	3.60	88.9	0.09	11.99	2.0	-1.71	90.00	0.015	0.00e+00	3.29e-04
1251	22/02/2008	02:00	1.00	0.0	1.00	3.50	88.9	0.09	11.99	2.0	-1.71	90.00	0.015	0.00e+00	3.29e-04
1252	22/02/2008	03:00	1.00	0.0	1.00	3.40	88.9	0.09	11.99	2.0	-1.71	90.00	0.015	0.00e+00	3.28e-04
1253	22/02/2008	04:00	1.00	200.0	1.00	3.00	88.9	0.09	11.99	2.0	-1.71	90.00	0.015	0.00e+00	3.26e-04
1254	22/02/2008	05:00	1.00	50.0	1.00	2.70	88.9	0.09	11.99	2.0	-1.71	90.00	0.015	0.00e+00	3.25e-04
1255	22/02/2008	06:00	1.00	0.0	1.00	2.10	88.9	0.09	11.99	6.0	-1.71	90.00	0.015	0.00e+00	3.22e-04
1256	22/02/2008	07:00	1.00	310.0	1.00	1.90	88.9	0.09	11.99	6.0	-1.71	90.00	0.015	1.97e-04	3.21e-04
1257	22/02/2008	08:00	1.00	0.0	1.00	3.60	522.7	0.18	11.33	3.0	41.75	-12.72	-0.182	2.56e-03	3.29e-04
1258	22/02/2008	09:00	1.00	0.0	1.00	7.20	710.6	0.20	11.43	2.0	92.30	-7.48	-0.373	4.35e-03	3.47e-04
1259	22/02/2008	10:00	1.00	0.0	1.00	9.00	896.1	0.20	11.46	5.0	118.69	-6.35	-0.469	4.73e-03	3.56e-04
1260	22/02/2008	11:00	1.30	10.0	1.00	11.40	1092.2	0.25	10.08	3.0	153.68	-8.69	-0.506	6.09e-03	3.69e-04
1261	22/02/2008	12:00	1.00	360.0	1.00	13.00	1265.0	0.21	11.50	2.0	160.64	-5.22	-0.621	6.43e-03	3.77e-04
1262	22/02/2008	13:00	1.10	20.0	1.00	13.80	1409.1	0.22	10.96	3.0	151.50	-6.45	-0.558	6.09e-03	3.81e-04
1263	22/02/2008	14:00	3.30	10.0	1.93	14.70	1524.8	0.42	6.68	3.0	127.53	-51.27	-0.250	5.42e-03	3.86e-04
1264	22/02/2008	15:00	1.90	340.0	1.25	15.80	1598.8	0.29	8.35	4.0	88.66	-25.85	-0.248	4.07e-03	3.92e-04
1265	22/02/2008	16:00	3.60	10.0	1.99	14.60	1634.9	0.40	6.57	5.0	41.26	-133.92	-0.086	2.23e-03	3.86e-04
1266	22/02/2008	17:00	2.40	350.0	1.32	13.40	152.0	0.21	7.87	5.0	-8.34	97.41	0.033	2.32e-04	3.79e-04
1267	22/02/2008	18:00	1.80	340.0	1.00	11.80	124.1	0.16	9.05	5.0	-7.53	90.00	0.039	0.00e+00	3.71e-04
1268	22/02/2008	19:00	1.00	0.0	1.00	9.60	88.9	0.09	11.99	5.0	-1.71	90.00	0.016	0.00e+00	3.59e-04
1269	22/02/2008	20:00	1.00	70.0	1.00	7.60	88.9	0.09	11.99	5.0	-1.71	90.00	0.015	0.00e+00	3.49e-04
1270	22/02/2008	21:00	1.00	180.0	1.00	7.00	88.9	0.09	11.99	5.0	-1.71	90.00	0.015	0.00e+00	3.46e-04
1271	22/02/2008	22:00	1.00	0.0	1.00	5.90	88.9	0.09	11.99	6.0	-1.71	90.00	0.015	0.00e+00	3.41e-04
1272	22/02/2008	23:00	1.10	210.0	1.00	6.00	93.9	0.10	11.46	6.0	-2.17	90.00	0.018	0.00e+00	3.41e-04
1273	23/02/2008	00:00	1.00	0.0	1.00	5.00	88.9	0.09	11.99	6.0	-1.71	90.00	0.015	0.00e+00	3.36e-04
1274	23/02/2008	01:00	1.10	190.0	1.00	4.40	93.9	0.10	11.46	6.0	-2.17	90.00	0.018	0.00e+00	3.33e-04
1275	23/02/2008	02:00	1.00	160.0	1.00	4.00	88.9	0.09	11.99	6.0	-1.71	90.00	0.015	0.00e+00	3.31e-04
1276	23/02/2008	03:00	1.00	120.0	1.00	3.80	88.9	0.09	11.99	6.0	-1.71	90.00	0.015	0.00e+00	3.30e-04
1277	23/02/2008	04:00	1.00	0.0	1.00	4.20	88.9	0.09	11.99	6.0	-1.71	90.00	0.015	0.00e+00	3.32e-04
1278	23/02/2008	05:00	1.00	0.0	1.00	3.40	88.9	0.09	11.99	4.0	-1.71	90.00	0.015	0.00e+00	3.28e-04
1279	23/02/2008	06:00	1.00	180.0	1.00	3.00	88.9	0.09	11.99	4.0	-1.71	90.00	0.015	0.00e+00	3.26e-04
1280	23/02/2008	07:00	1.00	0.0	1.00	2.80	88.9	0.09	11.99	1.0	-1.71	90.00	0.015	3.45e-04	3.25e-04
1281	23/02/2008	08:00	1.00	130.0	1.00	5.40	511.4	0.18	11.33	0.0	34.79	-14.29	-0.156	2.70e-03	3.38e-04
1282	23/02/2008	09:00	1.00	0.0	1.00	9.40	694.7	0.20	11.42	0.0	87.20	-7.77	-0.357	4.44e-03	3.58e-04
1283	23/02/2008	10:00	1.40	350.0	1.00	10.80	896.9	0.25	9.69	0.0	126.10	-11.42	-0.404	5.62e-03	3.66e-04
1284	23/02/2008	11:00	1.40	330.0	1.00	12.70	1092.4	0.26	9.71	1.0	152.32	-10.05	-0.481	6.30e-03	3.76e-04
1285	23/02/2008	12:00	1.80	320.0	1.19	14.10	1266.5	0.30	8.56	1.0	159.25	-15.82	-0.428	6.52e-03	3.83e-04
1286	23/02/2008	13:00	1.60	20.0	1.06	15.50	1410.8	0.28	9.08	1.0	149.90	-13.12	-0.440	6.30e-03	3.90e-04
1287	23/02/2008	14:00	1.10	20.0	1.00	15.20	1521.1	0.22	10.94	1.0	126.41	-7.26	-0.478	5.62e-03	3.89e-04
1288	23/02/2008	15:00	1.80	330.0	1.19	15.60	1592.4	0.28	8.54	0.0	85.43	-24.09	-0.247	4.44e-03	3.91e-04
1289	23/02/2008	16:00	1.40	350.0	1.00	15.40	1621.7	0.21	10.00	0.0	36.34	-22.65	-0.143	2.70e-03	3.90e-04
1290	23/02/2008	17:00	1.00	30.0	1.00	14.10	88.9	0.09	11.99	0.0	-1.71	90.00	0.016	3.45e-04	3.83e-04
1291	23/02/2008	18:00	1.00	0.0	1.00	11.50	88.9	0.09	11.99	0.0	-1.71	90.00	0.016	0.00e+00	3.69e-04
1292	23/02/2008	19:00	1.20	160.0	1.00	9.50	98.7	0.11	10.99	0.0	-2.70	90.00	0.021	0.00e+00	3.59e-04
1293	23/02/2008	20:00	1.00	160.0	1.00	8.00	88.9	0.09	11.99	0.0	-1.71	90.00	0.015	0.00e+00	3.51e-04
1294	23/02/2008	21:00	1.00	150.0	1.00	6.90	88.9	0.09	11.99	0.0	-1.71	90.00	0.015	0.00e+00	3.46e-04
1295	23/02/2008	22:00	1.00	0.0	1.00	6.10	88.9	0.09	11.99	0.0	-1.71	90.00	0.015	0.00e+00	3.42e-04
1296	23/02/2008	23:00	1.00	130.0	1.00	5.40	88.9	0.09	11.99	0.0	-1.71	90.00	0.015	0.00e+00	3.38e-04
1297	24/02/2008	00:00	1.30	140.0	1.00	6.20	103.3	0.11	10.58	0.0	-3.30	90.00	0.023	0.00e+00	3.42e-04
1298	24/02/2008	01:00	3.30	160.0	1.79	7.40	173.0	0.28	6.76	0.0	-31.40	90.00	0.090	0.00e+00	3.48e-04
1299	24/02/2008	02:00	3.20	160.0	1.73	6.90	170.2	0.27	6.86	0.0	-30.54	90.00	0.090	0.00e+00	3.46e-04
1300	24/02/2008	03:00	2.80	160.0	1.52	9.10	158.3	0.24	7.31	0.0	-23.51	90.00	0.079	0.00e+00	3.57e-04
1301	24/02/2008	04:00	2.70	140.0	1.47	8.90	155.2	0.23	7.44	0.0	-21.39	90.00	0.075	0.00e+00	3.56e-04
1302	24/02/2008	05:00	4.50	170.0	2.48	8.10	253.4	0.41	5.76	0.0	-45.76	132.21	0.090	0.00e+00	3.52e-04
1303	24/02/2008	06:00	5.40	180.0	2.99	8.40	350.7	0.51	5.27	0.0	-57.30	207.95	0.090	0.00e+00	3.53e-04
1304	24/02/2008	07:00	4.10	160.0	2.39	8.80	345.0	0.41	5.91	0.0	-24.05	265.31	0.047	4.16e-04	3.55e-04
1305	24/02/2008	08:00	6.10	150.0	3.38	10.00	1835.1	0.64	5.01	0.0	37.05	-619.98	-0.047	2.76e-03	3.61e-04
1306	24/02/2008	09:00	7.50	180.0	4.15	11.90	2259.2	0.78	4.53	0.0	88.17	-486.18	-0.092	4.50e-03	3.71e-04
1307	24/02/2008	10:00	8.10	180.0	4.47	13.50	2444.9	0.85	4.36	1.0	129.29	-420.19	-0.125	5.67e-03	3.80e-04
1308	24/02/2008	11:00	6.40	180.0	3.53	15.00	2531.1	0.69	4.92	1.0	152.11	-192.19	-0.181	6.35e-03	3.88e-04
1309	24/02/2008	12:00	6.50	190.0	3.59	15.60	2618.3	0.70	4.88	1.0	159.68	-191.88	-0.188	6.57e-03	3.91e-04
1310	24/02/2008	13:00	5.90	210.0	3.26	16.10	2695.4	0.64	5.12	0.0	148.12	-159.71	-0.190	6.35e-03	3.94e-04
1311	24/02/2008	14:00	8.00	190.0	4.42	16.50	2766.2	0.84	4.39	0.0	124.32	-421.10	-0.123	5.68e-03	3.96e-04
1312	24/02/2008	15:00	6.10	180.0	3.37	15.70	2811.6	0.65	5.03	0.0	87.13	-277.50	-0.111	4.50e-03	3.91e-04
1313	24/02/2008	16:00	6.90	160.0	3.83	15.00	2836.1	0.72	4.71	0.0	37.92	-863.24	-0.044	2.76e-03	3.88e-04
1314	24/02/2008	17:00	7.60	170.0	4.26	13.70	1110.5	0.78	4.45	0.0	-20.56	2057.45	0.022	4.16e-04	3.81e-04
1315	24/02/2008	18:00	6.00	180.0	3.33	12.70	421.9	0.58	5.01	0.0	-63.94	270.95	0.090	0.00e+00	3.76e-04
1316	24/02/2008	19:00	6.10	190.0	3.39	11.90	432.8	0.59	4.97	0.0	-65.33	280.49	0.090	0.00e+00	3.71e-04
1317	24/02/2008	20:00	6.90	200.0	3.84	11.40	527.1	0.68	4.67	0.0	-75.19	369.58	0.090	0.00e+00	3.69e-04
1318	24/02/2008	21:00	5.20	200.0	2.88	11.00	332.1	0.49	5.37	1.0	-53.95	194.03	0.089	0.00e+00	3.67e-04
1319	24/02/2008	22:00	3.60	170.0	1.94	10.00	181.4	0.30	6.48	1.0	-33.58	90.00	0.089	0.00e+00	3.61e-04
1320	24/02/2008	23:00	1.90	200.0	1.05	9.40	127.9	0.16	8.82	1.0	-8.65	90.00	0.042	0.00e+00	3.58e-04
1321	25/02/2008	00:00	3.00	170.0	1.63	7.30	164.3	0.25	7.07	2.0	-27.76	90.00	0.087	0.00e+00	3.48e-04
1322	25/02/2008	01:00	3.90	170.0	2.10	8.00	189.3	0.33	6.23	2.0	-35.67	90.00	0.087	0.00e+00	3.51e-04
1323	25/02/2008	02:00	1.10	110.0	1.00	6.80	93.9	0.10	11.46	2.0	-2.17	90.00	0.018	0.00e+00	3.45e-04
1324	25/02/2008	03:00	2.90	150.0	1.58	7.00	161.3	0.25	7.19	3.0	-25.76	90.00	0.083	0.00e+00	3.46e-04
1325	25/02/2008	04:00	1.00	10.0	1.00	5.90	88.9	0.09	11.99	3.0	-1.71	90.00	0.015	0.00e+00	3.41e-04
1326	25/02/2008	05:00	1.70	130.0	1.00	5.50	120.2	0.15	9.30	3.0	-6.51	90.00	0.035	0.00e+00	3.39e-04
1327	25/02/2008	06:00	2.30	110.0	1.26	5.40	142.1	0.20	8.04	5.0	-14.13	90.00	0.057	0.00e+00	3.38e-04
1328	25/02/2008	07:00	1.10	60.0	1.00	5.10	93.9	0.10	11.46	6.0	-2.17	90.00	0.018	3.50e-04	3.37e-04
1329	25/02/2008	08:00	1.00	90.0	1.00	6.70	492.4	0.17	11.45	7.0	28.54	-15.55	-0.133	1.48e-03	3.45e-04
1330	25/02/2008	09:00	1.00	190.0	1.00	9.90	621.7	0.19	11.37	7.0	56.27	-10.39	-0.243	2.38e-03	3.61e-04
1331	25/02/2008	10:00	4.40	180.0	2.43	11.50	1396.7	0.48	5.94	7.0	76.74	-131.97	-0.129	3.00e-03	3.69e-04
1332	25/02/2008	11:00	3.40	190.0	1.90	13.50	1479.9	0.40	6.73	7.0	89.01	-65.05	-0.181	3.35e-03	3.80e-04
1333	25/02/2008	12:00	2.30	230.0	1.44	14.50	1559.9	0.33	7.76	7.0	93.01	-33.74	-0.233	3.47e-03	3.85e-04
1334	25/02/2008	13:00	3.00	210.0	1.71	14.60	1633.4	0.37	7.11	7.0	88.70	-51.09	-0.197	3.35e-03	3.86e-04
1335	25/02/2008	14:00	2.50	200.0	1.46	15.40	1693.5	0.33	7.70	7.0	76.06	-40.38	-0.192	3.00e-03	3.90e-04
1336	25/02/2008	15:00	1.00	230.0	1.00	17.00	1749.9	0.19	11.40	6.0	75.39	-8.55	-0.323	3.27e-03	3.98e-04
1337	25/02/2008	16:00	1.00	350.0	1.00	15.80	1784.5	0.18	11.34	4.0	47.87	-11.59	-0.215	2.62e-03	3.92e-04
1338	25/02/2008	17:00	1.90	160.0	1.05	14.40	127.9	0.16	8.82	4.0	-6.09	90.00	0.030	4.53e-04	3.85e-04
1339	25/02/2008	18:00	1.10	170.0	1.00	12.40	93.9	0.10	11.46	4.0	-2.17	90.00	0.018	0.00e+00	3.74e-04
1340	25/02/2008	19:00	2.10	170.0	1.16	11.30	135.2	0.18	8.40	4.0	-11.18	90.00	0.050	0.00e+00	3.68e-04
1341	25/02/2008	20:00	3.80	190.0	2.06	11.30	195.5	0.33	6.30	4.0	-31.64	97.59	0.079	0.00e+00	3.68e-04
1342	25/02/2008	21:00	2.40	180.0	1.31	10.60	145.5	0.21	7.88	3.0	-15.77	90.00	0.062	0.00e+00	3.65e-04
1343	25/02/2008	22:00	1.00	0.0	1.00	8.40	88.9	0.09	11.99	3.0	-1.71	90.00	0.016	0.00e+00	3.53e-04
1344	25/02/2008	23:00	1.00	0.0	1.00	7.20	88.9	0.09	11.99	3.0	-1.71	90.00	0.015	0.00e+00	3.47e-04
1345	26/02/2008	00:00	1.90	150.0	1.05	7.20	127.9	0.16	8.82	3.0	-8.65	90.00	0.042	0.00e+00	3.47e-04
1346	26/02/2008	01:00	1.20	120.0	1.00	7.30	98.7	0.11	10.99	2.0	-2.70	90.00	0.020	0.00e+00	3.48e-04
1347	26/02/2008	02:00	1.00	180.0	1.00	7.30	88.9	0.09	11.99	2.0	-1.71	90.00	0.015	0.00e+00	3.48e-04
1348	26/02/2008	03:00	3.00	200.0	1.63	8.70	164.3	0.25	7.07	2.0	-27.62	90.00	0.087	0.00e+00	3.55e-04
1349	26/02/2008	04:00	5.80	180.0	3.22	9.90	404.0	0.56	5.09	2.0	-60.28	257.20	0.087	0.00e+00	3.61e-04
1350	26/02/2008	05:00	5.00	200.0	2.77	9.40	313.7	0.47	5.48	2.0	-50.63	180.51	0.087	0.00e+00	3.58e-04
1351	26/02/2008	06:00	6.60	190.0	3.67	9.60	508.9	0.65	4.77	3.0	-67.28	361.39	0.084	0.00e+00	3.59e-04
1352	26/02/2008	07:00	5.60	200.0	3.14	9.90	1066.9	0.58	5.19	5.0	-4.68	3639.18	0.007	4.74e-04	3.61e-04
1353	26/02/2008	08:00	7.90	190.0	4.38	10.90	2356.8	0.82	4.40	5.0	46.66	-1042.93	-0.046	2.45e-03	3.66e-04
1354	26/02/2008	09:00	7.10	190.0	3.92	12.50	2420.0	0.75	4.66	3.0	98.24	-376.71	-0.107	4.49e-03	3.74e-04
1355	26/02/2008	10:00	8.00	190.0	4.41	13.90	2505.0	0.84	4.39	2.0	134.93	-390.01	-0.132	5.74e-03	3.82e-04
1356	26/02/2008	11:00	7.80	180.0	4.30	14.80	2597.3	0.82	4.45	2.0	158.05	-314.31	-0.158	6.41e-03	3.87e-04
1357	26/02/2008	12:00	7.40	180.0	4.08	15.50	2679.8	0.78	4.57	5.0	147.98	-289.29	-0.156	5.66e-03	3.90e-04
1358	26/02/2008	13:00	6.90	180.0	3.81	15.30	2745.0	0.73	4.73	6.0	121.10	-287.17	-0.136	4.63e-03	3.89e-04
1359	26/02/2008	14:00	7.00	180.0	3.87	15.20	2788.7	0.73	4.69	7.0	77.02	-455.19	-0.086	3.03e-03	3.89e-04
1360	26/02/2008	15:00	5.60	190.0	3.10	14.60	2818.7	0.59	5.24	7.0	57.15	-323.74	-0.079	2.41e-03	3.86e-04
1361	26/02/2008	16:00	5.30	180.0	2.94	13.60	2836.1	0.56	5.38	7.0	30.87	-495.47	-0.045	1.51e-03	3.80e-04
1362	26/02/2008	17:00	4.20	200.0	2.35	13.00	1249.9	0.43	6.00	7.0	-0.03	241982.88	0.000	2.93e-04	3.77e-04
1363	26/02/2008	18:00	5.20	200.0	2.91	12.50	435.2	0.51	5.36	7.0	-34.99	344.41	0.056	0.00e+00	3.74e-04
1364	26/02/2008	19:00	3.80	210.0	2.12	11.50	257.6	0.35	6.25	7.0	-24.30	164.39	0.056	0.00e+00	3.69e-04
1365	26/02/2008	20:00	4.00	190.0	2.23	11.30	281.7	0.38	6.10	7.0	-25.90	186.30	0.056	0.00e+00	3.68e-04
1366	26/02/2008	21:00	3.50	180.0	1.95	11.20	221.7	0.32	6.51	7.0	-21.91	133.24	0.056	0.00e+00	3.68e-04
1367	26/02/2008	22:00	3.50	170.0	1.95	11.10	221.7	0.32	6.51	7.0	-21.92	133.17	0.056	0.00e+00	3.67e-04
1368	26/02/2008	23:00	3.70	190.0	2.07	11.30	279.4	0.35	6.33	8.0	-19.60	200.62	0.045	0.00e+00	3.68e-04
1369	27/02/2008	00:00	3.60	190.0	2.01	11.10	266.5	0.34	6.42	8.0	-18.97	187.62	0.045	0.00e+00	3.67e-04
1370	27/02/2008	01:00	4.50	190.0	2.50	11.10	314.6	0.43	5.76	6.0	-34.14	204.56	0.065	0.00e+00	3.67e-04
1371	27/02/2008	02:00	1.00	0.0	1.00	11.00	88.9	0.09	11.99	8.0	-1.71	90.00	0.016	0.00e+00	3.67e-04
1372	27/02/2008	03:00	1.00	0.0	1.00	10.80	88.9	0.09	11.99	8.0	-1.71	90.00	0.016	0.00e+00	3.66e-04
1373	27/02/2008	04:00	1.00	0.0	1.00	10.40	88.9	0.09	11.99	8.0	-1.71	90.00	0.016	0.00e+00	3.64e-04
1374	27/02/2008	05:00	2.10	230.0	1.16	10.50	135.2	0.18	8.40	8.0	-10.05	90.00	0.045	0.00e+00	3.64e-04
1375	27/02/2008	06:00	1.20	230.0	1.00	10.40	98.7	0.11	10.99	8.0	-2.70	90.00	0.021	0.00e+00	3.64e-04
1376	27/02/2008	07:00	1.70	20.0	1.00	10.40	312.7	0.17	9.38	7.0	-0.47	986.66	0.002	3.30e-04	3.64e-04
1377	27/02/2008	08:00	2.40	340.0	1.32	11.00	807.6	0.28	8.08	7.0	31.19	-62.76	-0.090	1.54e-03	3.67e-04
1378	27/02/2008	09:00	2.80	10.0	1.56	11.00	962.5	0.33	7.44	7.0	58.13	-57.02	-0.141	2.44e-03	3.67e-04
1379	27/02/2008	10:00	3.00	350.0	1.69	12.10	1067.3	0.36	7.15	7.0	78.55	-54.53	-0.176	3.05e-03	3.72e-04
1380	27/02/2008	11:00	3.40	350.0	1.91	12.20	1177.9	0.40	6.72	7.0	91.37	-63.99	-0.184	3.40e-03	3.73e-04
1381	27/02/2008	12:00	3.80	20.0	2.12	12.00	1284.5	0.44	6.38	7.0	95.83	-78.60	-0.178	3.52e-03	3.72e-04
1382	27/02/2008	13:00	3.40	20.0	1.91	11.90	1376.8	0.40	6.72	7.0	91.48	-63.94	-0.184	3.40e-03	3.71e-04
1383	27/02/2008	14:00	4.90	360.0	2.72	12.00	1495.3	0.52	5.60	8.0	37.47	-331.68	-0.059	1.46e-03	3.72e-04
1384	27/02/2008	15:00	4.00	10.0	2.22	11.50	1523.6	0.43	6.20	8.0	27.57	-252.62	-0.052	1.17e-03	3.69e-04
1385	27/02/2008	16:00	2.40	30.0	1.33	11.20	1536.7	0.27	8.05	8.0	14.66	-115.26	-0.045	7.37e-04	3.68e-04
1386	27/02/2008	17:00	2.10	30.0	1.18	10.90	441.8	0.22	8.45	8.0	-0.44	2042.25	0.002	1.58e-04	3.66e-04
1387	27/02/2008	18:00	1.40	30.0	1.00	10.40	107.7	0.12	10.21	8.0	-3.98	90.00	0.026	0.00e+00	3.64e-04
1388	27/02/2008	19:00	1.00	0.0	1.00	10.00	88.9	0.09	11.99	8.0	-1.71	90.00	0.016	0.00e+00	3.61e-04
1389	27/02/2008	20:00	1.00	320.0	1.00	9.80	88.9	0.09	11.99	7.0	-1.71	90.00	0.016	0.00e+00	3.60e-04
1390	27/02/2008	21:00	1.00	0.0	1.00	8.70	88.9	0.09	11.99	7.0	-1.71	90.00	0.016	0.00e+00	3.55e-04
1391	27/02/2008	22:00	1.00	350.0	1.00	8.40	88.9	0.09	11.99	7.0	-1.71	90.00	0.016	0.00e+00	3.53e-04
1392	27/02/2008	23:00	1.00	110.0	1.00	7.10	88.9	0.09	11.99	6.0	-1.71	90.00	0.015	0.00e+00	3.47e-04
1393	28/02/2008	00:00	1.00	0.0	1.00	7.00	88.9	0.09	11.99	6.0	-1.71	90.00	0.015	0.00e+00	3.46e-04
1394	28/02/2008	01:00	1.40	120.0	1.00	6.70	107.7	0.12	10.21	6.0	-3.98	90.00	0.026	0.00e+00	3.45e-04
1395	28/02/2008	02:00	1.00	0.0	1.00	6.70	88.9	0.09	11.99	8.0	-1.71	90.00	0.015	0.00e+00	3.45e-04
1396	28/02/2008	03:00	1.00	0.0	1.00	5.80	88.9	0.09	11.99	7.0	-1.71	90.00	0.015	0.00e+00	3.40e-04
1397	28/02/2008	04:00	1.10	340.0	1.00	5.20	93.9	0.10	11.46	6.0	-2.17	90.00	0.018	0.00e+00	3.37e-04
1398	28/02/2008	05:00	1.00	50.0	1.00	4.70	88.9	0.09	11.99	5.0	-1.71	90.00	0.015	0.00e+00	3.35e-04
1399	28/02/2008	06:00	1.00	110.0	1.00	4.00	88.9	0.09	11.99	4.0	-1.71	90.00	0.015	0.00e+00	3.31e-04
1400	28/02/2008	07:00	1.40	120.0	1.00	3.90	107.7	0.12	10.21	5.0	-3.98	90.00	0.026	5.96e-04	3.31e-04
1401	28/02/2008	08:00	1.00	50.0	1.00	6.70	524.4	0.18	11.33	6.0	43.07	-12.45	-0.189	2.16e-03	3.45e-04
1402	28/02/2008	09:00	1.00	0.0	1.00	8.10	716.4	0.20	11.43	5.0	94.55	-7.36	-0.382	4.01e-03	3.52e-04
1403	28/02/2008	10:00	1.00	240.0	1.00	9.80	846.1	0.19	11.41	7.0	80.11	-8.21	-0.332	3.08e-03	3.60e-04
1404	28/02/2008	11:00	1.00	100.0	1.00	11.50	975.0	0.20	11.43	7.0	92.61	-7.47	-0.380	3.43e-03	3.69e-04
1405	28/02/2008	12:00	1.00	30.0	1.00	12.60	1093.6	0.20	11.44	7.0	96.59	-7.26	-0.396	3.54e-03	3.75e-04
1406	28/02/2008	13:00	1.60	170.0	1.06	14.30	1252.8	0.28	9.08	5.0	145.13	-13.41	-0.426	5.56e-03	3.84e-04
1407	28/02/2008	14:00	1.70	350.0	1.13	13.80	1332.2	0.27	8.78	7.0	79.15	-22.75	-0.238	3.08e-03	3.81e-04
1408	28/02/2008	15:00	1.40	60.0	1.00	14.70	1418.3	0.24	9.66	5.0	92.09	-14.15	-0.309	4.01e-03	3.86e-04
1409	28/02/2008	16:00	1.00	30.0	1.00	14.40	1465.0	0.19	11.36	3.0	52.44	-10.90	-0.232	2.93e-03	3.85e-04
1410	28/02/2008	17:00	1.30	40.0	1.00	13.70	103.3	0.11	10.58	3.0	-3.30	90.00	0.024	6.84e-04	3.81e-04
1411	28/02/2008	18:00	1.30	50.0	1.00	12.80	103.3	0.11	10.58	4.0	-3.30	90.00	0.024	0.00e+00	3.76e-04
1412	28/02/2008	19:00	1.20	120.0	1.00	11.60	98.7	0.11	10.99	4.0	-2.70	90.00	0.021	0.00e+00	3.70e-04
1413	28/02/2008	20:00	1.00	0.0	1.00	10.50	88.9	0.09	11.99	5.0	-1.71	90.00	0.016	0.00e+00	3.64e-04
1414	28/02/2008	21:00	1.00	0.0	1.00	10.50	88.9	0.09	11.99	6.0	-1.71	90.00	0.016	0.00e+00	3.64e-04
1415	28/02/2008	22:00	1.00	210.0	1.00	10.20	88.9	0.09	11.99	6.0	-1.71	90.00	0.016	0.00e+00	3.62e-04
1416	28/02/2008	23:00	1.40	170.0	1.00	10.20	107.7	0.12	10.21	7.0	-3.98	90.00	0.026	0.00e+00	3.62e-04
1417	29/02/2008	00:00	1.00	180.0	1.00	10.20	88.9	0.09	11.99	7.0	-1.71	90.00	0.016	0.00e+00	3.62e-04
1418	29/02/2008	01:00	1.10	190.0	1.00	10.40	93.9	0.10	11.46	8.0	-2.17	90.00	0.018	0.00e+00	3.64e-04
1419	29/02/2008	02:00	1.00	0.0	1.00	10.10	88.9	0.09	11.99	8.0	-1.71	90.00	0.016	0.00e+00	3.62e-04
1420	29/02/2008	03:00	1.00	110.0	1.00	9.60	88.9	0.09	11.99	8.0	-1.71	90.00	0.016	0.00e+00	3.59e-04
1421	29/02/2008	04:00	1.00	60.0	1.00	9.60	88.9	0.09	11.99	8.0	-1.71	90.00	0.016	0.00e+00	3.59e-04
1422	29/02/2008	05:00	1.00	0.0	1.00	9.40	88.9	0.09	11.99	8.0	-1.71	90.00	0.016	0.00e+00	3.58e-04
1423	29/02/2008	06:00	1.00	0.0	1.00	9.40	88.9	0.09	11.99	8.0	-1.71	90.00	0.016	0.00e+00	3.58e-04
1424	29/02/2008	07:00	1.00	10.0	1.00	9.60	167.2	0.10	12.21	8.0	-0.20	438.47	0.002	1.94e-04	3.59e-04
1425	29/02/2008	08:00	2.20	70.0	1.22	10.10	761.4	0.26	8.43	7.0	32.91	-49.85	-0.101	1.61e-03	3.62e-04
1426	29/02/2008	09:00	1.50	90.0	1.00	10.70	857.5	0.24	9.36	7.0	60.08	-21.15	-0.201	2.50e-03	3.65e-04
1427	29/02/2008	10:00	1.00	110.0	1.00	13.10	969.6	0.19	11.41	7.0	80.26	-8.20	-0.336	3.11e-03	3.78e-04
1428	29/02/2008	11:00	1.00	0.0	1.00	13.40	1027.0	0.18	11.34	8.0	44.71	-12.14	-0.200	1.65e-03	3.79e-04
1429	29/02/2008	12:00	1.20	120.0	1.00	12.60	1043.1	0.16	11.47	8.0	12.88	-26.25	-0.067	1.70e-03	3.75e-04
1430	29/02/2008	13:00	2.70	140.0	1.49	13.20	1100.0	0.32	7.60	8.0	44.68	-63.05	-0.115	1.65e-03	3.78e-04
1431	29/02/2008	14:00	3.20	170.0	1.84	16.00	1225.5	0.40	6.85	6.0	107.59	-52.21	-0.223	4.26e-03	3.93e-04
1432	29/02/2008	15:00	2.20	140.0	1.28	15.50	1288.7	0.29	8.22	7.0	59.95	-36.21	-0.170	2.50e-03	3.90e-04
1433	29/02/2008	16:00	2.90	180.0	1.60	15.10	1325.1	0.33	7.33	7.0	33.97	-91.81	-0.085	1.61e-03	3.88e-04
1434	29/02/2008	17:00	2.20	170.0	1.23	14.50	1329.5	0.23	8.32	7.0	3.41	-338.67	-0.012	4.05e-04	3.85e-04
1435	29/02/2008	18:00	1.80	180.0	1.00	14.10	124.1	0.16	9.05	6.0	-7.53	90.00	0.040	0.00e+00	3.83e-04
1436	29/02/2008	19:00	2.50	190.0	1.37	13.50	148.8	0.21	7.72	6.0	-16.90	90.00	0.065	0.00e+00	3.80e-04
1437	29/02/2008	20:00	2.40	200.0	1.31	13.30	145.5	0.21	7.88	6.0	-15.77	90.00	0.063	0.00e+00	3.79e-04
1438	29/02/2008	21:00	2.80	180.0	1.52	13.00	158.3	0.24	7.31	6.0	-18.89	90.00	0.065	0.00e+00	3.77e-04
1439	29/02/2008	22:00	3.00	170.0	1.63	12.90	164.3	0.25	7.07	6.0	-20.19	90.00	0.065	0.00e+00	3.77e-04
1440	29/02/2008	23:00	3.30	180.0	1.79	13.00	173.0	0.28	6.76	6.0	-22.13	90.00	0.065	0.00e+00	3.77e-04
