i	Date	Heure	Uext	Direct	Uh	To	h	us	sigmatheta	Cld	Fo	Lmo	thetas	k1	k3
1441	01/03/2008	00:00	3.90	180.0	2.16	12.90	245.5	0.36	6.18	6.0	-28.06	144.95	0.065	0.00e+00	3.71e-04
1442	01/03/2008	01:00	4.10	180.0	2.28	12.40	268.3	0.38	6.03	6.0	-29.92	164.01	0.065	0.00e+00	3.69e-04
1443	01/03/2008	02:00	4.50	190.0	2.51	12.60	344.6	0.43	5.76	7.0	-29.24	247.81	0.056	0.00e+00	3.70e-04
1444	01/03/2008	03:00	3.50	170.0	1.95	12.50	222.4	0.32	6.51	7.0	-21.52	134.05	0.056	0.00e+00	3.69e-04
1445	01/03/2008	04:00	3.60	190.0	2.01	12.80	267.4	0.34	6.42	8.0	-18.60	189.02	0.045	0.00e+00	3.71e-04
1446	01/03/2008	05:00	3.20	190.0	1.75	12.80	182.0	0.28	6.84	7.0	-18.68	101.41	0.056	0.00e+00	3.71e-04
1447	01/03/2008	06:00	3.00	170.0	1.66	12.70	190.7	0.27	7.02	8.0	-14.68	117.65	0.045	0.00e+00	3.70e-04
1448	01/03/2008	07:00	4.00	200.0	2.24	13.00	1194.3	0.41	6.15	8.0	1.91	-3263.19	-0.004	2.12e-04	3.72e-04
1449	01/03/2008	08:00	5.20	180.0	2.89	12.60	1561.5	0.54	5.41	8.0	16.50	-845.31	-0.025	7.85e-04	3.70e-04
1450	01/03/2008	09:00	4.40	200.0	2.44	13.50	1591.9	0.47	5.91	8.0	29.44	-304.37	-0.052	1.21e-03	3.74e-04
1451	01/03/2008	10:00	2.30	220.0	1.28	14.40	1624.6	0.28	8.23	8.0	39.27	-48.28	-0.117	1.50e-03	3.79e-04
1452	01/03/2008	11:00	1.70	60.0	1.03	15.20	1661.0	0.24	9.17	8.0	45.42	-27.44	-0.157	1.66e-03	3.83e-04
1453	01/03/2008	12:00	4.50	320.0	2.49	15.30	1703.7	0.48	5.86	8.0	47.47	-209.30	-0.082	1.72e-03	3.84e-04
1454	01/03/2008	13:00	6.50	320.0	3.59	15.20	1982.1	0.69	4.87	7.0	93.33	-305.70	-0.113	3.48e-03	3.83e-04
1455	01/03/2008	14:00	5.70	330.0	3.15	16.20	2042.8	0.61	5.21	7.0	80.63	-244.67	-0.111	3.14e-03	3.88e-04
1456	01/03/2008	15:00	6.80	320.0	3.76	16.40	2115.6	0.72	4.76	5.0	94.60	-341.68	-0.111	4.10e-03	3.90e-04
1457	01/03/2008	16:00	6.10	320.0	3.38	16.80	2158.8	0.64	5.02	4.0	55.86	-413.66	-0.073	2.92e-03	3.92e-04
1458	01/03/2008	17:00	2.90	330.0	1.62	15.10	2161.0	0.30	7.22	4.0	2.04	-1196.29	-0.006	7.86e-04	3.83e-04
1459	01/03/2008	18:00	1.00	0.0	1.00	13.60	88.9	0.09	11.99	5.0	-1.69	90.00	0.016	0.00e+00	3.75e-04
1460	01/03/2008	19:00	2.80	30.0	1.52	11.40	158.3	0.24	7.31	5.0	-20.96	90.00	0.072	0.00e+00	3.63e-04
1461	01/03/2008	20:00	1.00	100.0	1.00	12.60	88.9	0.09	11.99	6.0	-1.69	90.00	0.016	0.00e+00	3.70e-04
1462	01/03/2008	21:00	3.00	330.0	1.63	11.90	164.3	0.25	7.07	6.0	-19.97	90.00	0.065	0.00e+00	3.66e-04
1463	01/03/2008	22:00	2.20	360.0	1.21	11.90	138.7	0.19	8.21	7.0	-12.42	90.00	0.054	0.00e+00	3.66e-04
1464	01/03/2008	23:00	2.60	360.0	1.42	10.60	152.0	0.22	7.58	7.0	-15.01	90.00	0.056	0.00e+00	3.59e-04
1465	02/03/2008	00:00	2.10	120.0	1.16	9.00	135.2	0.18	8.40	8.0	-9.96	90.00	0.045	0.00e+00	3.51e-04
1466	02/03/2008	01:00	1.00	40.0	1.00	9.10	88.9	0.09	11.99	8.0	-1.69	90.00	0.016	0.00e+00	3.52e-04
1467	02/03/2008	02:00	1.30	340.0	1.00	9.80	103.3	0.11	10.58	8.0	-3.25	90.00	0.023	0.00e+00	3.55e-04
1468	02/03/2008	03:00	1.50	340.0	1.00	10.90	112.0	0.13	9.88	8.0	-4.67	90.00	0.029	0.00e+00	3.61e-04
1469	02/03/2008	04:00	1.20	330.0	1.00	10.30	98.7	0.11	10.99	7.0	-2.66	90.00	0.021	0.00e+00	3.58e-04
1470	02/03/2008	05:00	1.00	320.0	1.00	8.90	88.9	0.09	11.99	5.0	-1.69	90.00	0.016	0.00e+00	3.51e-04
1471	02/03/2008	06:00	1.50	190.0	1.00	7.20	112.0	0.13	9.88	4.0	-4.67	90.00	0.029	0.00e+00	3.42e-04
1472	02/03/2008	07:00	1.00	190.0	1.00	7.20	158.7	0.10	12.21	4.0	-0.23	374.78	0.002	8.53e-04	3.42e-04
1473	02/03/2008	08:00	1.30	220.0	1.00	8.50	641.5	0.22	9.97	3.0	57.73	-16.75	-0.212	3.12e-03	3.49e-04
1474	02/03/2008	09:00	1.20	240.0	1.00	12.00	826.8	0.22	10.45	4.0	104.85	-9.56	-0.384	4.55e-03	3.67e-04
1475	02/03/2008	10:00	1.00	280.0	1.00	14.30	1027.5	0.21	11.49	3.0	143.62	-5.56	-0.572	5.88e-03	3.78e-04
1476	02/03/2008	11:00	1.40	360.0	1.00	14.80	1220.3	0.26	9.73	3.0	166.62	-9.37	-0.532	6.52e-03	3.81e-04
1477	02/03/2008	12:00	2.20	360.0	1.45	15.80	1395.6	0.35	7.75	3.0	173.55	-22.00	-0.413	6.73e-03	3.86e-04
1478	02/03/2008	13:00	1.90	10.0	1.26	16.60	1528.9	0.31	8.33	5.0	147.97	-18.35	-0.395	5.68e-03	3.91e-04
1479	02/03/2008	14:00	2.20	340.0	1.45	17.20	1636.1	0.34	7.73	5.0	127.58	-27.31	-0.314	5.12e-03	3.94e-04
1480	02/03/2008	15:00	3.50	340.0	1.96	17.40	1714.5	0.41	6.62	5.0	95.82	-65.34	-0.194	4.15e-03	3.95e-04
1481	02/03/2008	16:00	2.20	30.0	1.28	17.40	1758.7	0.29	8.23	4.0	57.50	-36.55	-0.168	2.97e-03	3.95e-04
1482	02/03/2008	17:00	2.30	40.0	1.29	16.00	1762.3	0.25	8.14	4.0	4.10	-318.14	-0.014	8.53e-04	3.87e-04
1483	02/03/2008	18:00	1.70	70.0	1.00	13.50	120.2	0.15	9.30	4.0	-6.42	90.00	0.036	0.00e+00	3.74e-04
1484	02/03/2008	19:00	1.00	0.0	1.00	11.10	88.9	0.09	11.99	5.0	-1.69	90.00	0.016	0.00e+00	3.62e-04
1485	02/03/2008	20:00	2.60	340.0	1.42	11.60	152.0	0.22	7.58	5.0	-19.12	90.00	0.071	0.00e+00	3.64e-04
1486	02/03/2008	21:00	1.00	330.0	1.00	10.60	88.9	0.09	11.99	5.0	-1.69	90.00	0.016	0.00e+00	3.59e-04
1487	02/03/2008	22:00	1.00	210.0	1.00	9.00	88.9	0.09	11.99	6.0	-1.69	90.00	0.016	0.00e+00	3.51e-04
1488	02/03/2008	23:00	1.00	230.0	1.00	7.60	88.9	0.09	11.99	6.0	-1.69	90.00	0.015	0.00e+00	3.44e-04
1489	03/03/2008	00:00	1.30	210.0	1.00	7.40	103.3	0.11	10.58	6.0	-3.25	90.00	0.023	0.00e+00	3.43e-04
1490	03/03/2008	01:00	1.00	210.0	1.00	6.40	88.9	0.09	11.99	7.0	-1.69	90.00	0.015	0.00e+00	3.38e-04
1491	03/03/2008	02:00	2.10	210.0	1.16	6.00	135.2	0.18	8.40	7.0	-11.02	90.00	0.049	0.00e+00	3.36e-04
1492	03/03/2008	03:00	1.00	160.0	1.00	5.70	88.9	0.09	11.99	7.0	-1.69	90.00	0.015	0.00e+00	3.35e-04
1493	03/03/2008	04:00	2.20	190.0	1.21	7.60	138.7	0.19	8.21	8.0	-10.46	90.00	0.045	0.00e+00	3.44e-04
1494	03/03/2008	05:00	1.40	210.0	1.00	7.90	107.7	0.12	10.21	8.0	-3.92	90.00	0.026	0.00e+00	3.46e-04
1495	03/03/2008	06:00	1.30	210.0	1.00	8.60	103.3	0.11	10.58	8.0	-3.25	90.00	0.023	0.00e+00	3.49e-04
1496	03/03/2008	07:00	1.00	250.0	1.00	9.00	346.0	0.12	12.62	7.0	3.50	-43.36	-0.024	5.19e-04	3.51e-04
1497	03/03/2008	08:00	1.60	200.0	1.00	10.50	641.0	0.22	9.59	7.0	35.82	-26.94	-0.132	1.71e-03	3.59e-04
1498	03/03/2008	09:00	2.00	210.0	1.22	11.90	811.9	0.28	8.43	7.0	62.89	-31.18	-0.184	2.59e-03	3.66e-04
1499	03/03/2008	10:00	2.70	210.0	1.57	14.00	997.1	0.35	7.43	7.0	82.96	-43.78	-0.199	3.19e-03	3.77e-04
1500	03/03/2008	11:00	3.70	280.0	2.06	15.60	1242.1	0.43	6.46	7.0	95.13	-73.80	-0.185	3.53e-03	3.85e-04
1501	03/03/2008	12:00	1.00	300.0	1.00	14.60	1342.2	0.20	11.44	7.0	99.75	-7.04	-0.415	3.64e-03	3.80e-04
1502	03/03/2008	13:00	2.70	290.0	1.61	14.40	1434.4	0.36	7.33	7.0	95.51	-41.80	-0.223	3.53e-03	3.79e-04
1503	03/03/2008	14:00	5.10	320.0	2.82	13.90	1590.9	0.55	5.51	7.0	82.98	-177.80	-0.125	3.19e-03	3.76e-04
1504	03/03/2008	15:00	5.60	280.0	3.09	14.70	1728.2	0.60	5.25	6.0	84.58	-223.58	-0.118	3.55e-03	3.81e-04
1505	03/03/2008	16:00	2.50	260.0	1.38	14.60	1756.5	0.29	7.91	7.0	36.59	-60.63	-0.104	1.71e-03	3.80e-04
1506	03/03/2008	17:00	6.30	320.0	3.51	10.10	1869.8	0.65	4.91	8.0	1.36	-17621.48	-0.002	2.48e-04	3.57e-04
1507	03/03/2008	18:00	5.20	310.0	2.91	8.80	432.2	0.51	5.36	7.0	-34.90	339.25	0.056	0.00e+00	3.50e-04
1508	03/03/2008	19:00	6.70	320.0	3.76	8.50	592.9	0.67	4.73	6.0	-53.23	498.00	0.065	0.00e+00	3.49e-04
1509	03/03/2008	20:00	3.10	310.0	1.68	8.00	167.3	0.26	6.96	6.0	-20.90	90.00	0.065	0.00e+00	3.46e-04
1510	03/03/2008	21:00	2.00	20.0	1.10	6.70	131.6	0.17	8.60	6.0	-9.72	90.00	0.046	0.00e+00	3.40e-04
1511	03/03/2008	22:00	2.00	100.0	1.10	5.40	131.6	0.17	8.60	5.0	-9.72	90.00	0.045	0.00e+00	3.33e-04
1512	03/03/2008	23:00	1.90	130.0	1.05	4.50	127.9	0.16	8.82	5.0	-8.52	90.00	0.042	0.00e+00	3.29e-04
1513	04/03/2008	00:00	1.00	350.0	1.00	5.20	88.9	0.09	11.99	5.0	-1.69	90.00	0.015	0.00e+00	3.32e-04
1514	04/03/2008	01:00	1.80	240.0	1.00	5.70	124.1	0.16	9.05	4.0	-7.42	90.00	0.038	0.00e+00	3.35e-04
1515	04/03/2008	02:00	1.60	170.0	1.00	4.80	116.2	0.14	9.57	4.0	-5.50	90.00	0.032	0.00e+00	3.30e-04
1516	04/03/2008	03:00	1.00	230.0	1.00	5.00	88.9	0.09	11.99	3.0	-1.69	90.00	0.015	0.00e+00	3.31e-04
1517	04/03/2008	04:00	4.00	250.0	2.17	5.40	204.8	0.34	6.14	3.0	-35.83	100.85	0.084	0.00e+00	3.33e-04
1518	04/03/2008	05:00	2.40	300.0	1.31	4.90	145.5	0.21	7.88	2.0	-15.54	90.00	0.061	0.00e+00	3.31e-04
1519	04/03/2008	06:00	2.60	10.0	1.42	3.30	152.0	0.22	7.58	2.0	-19.12	90.00	0.069	0.00e+00	3.23e-04
1520	04/03/2008	07:00	1.00	360.0	1.00	4.00	88.9	0.09	11.99	2.0	-1.69	90.00	0.015	1.06e-03	3.26e-04
1521	04/03/2008	08:00	3.20	90.0	1.77	5.70	1049.4	0.36	6.98	6.0	49.86	-84.91	-0.111	2.39e-03	3.35e-04
1522	04/03/2008	09:00	3.10	80.0	1.72	5.80	1129.8	0.36	7.07	7.0	64.73	-65.32	-0.144	2.62e-03	3.35e-04
1523	04/03/2008	10:00	2.30	60.0	1.42	6.10	1225.2	0.32	7.81	7.0	86.43	-34.38	-0.216	3.22e-03	3.37e-04
1524	04/03/2008	11:00	4.50	340.0	2.50	4.70	1362.7	0.47	5.83	8.0	18.34	-505.70	-0.031	1.70e-03	3.30e-04
1525	04/03/2008	12:00	4.50	340.0	2.50	5.00	1389.3	0.47	5.83	8.0	19.65	-473.52	-0.033	1.75e-03	3.31e-04
1526	04/03/2008	13:00	4.30	350.0	2.39	4.40	1413.0	0.45	5.96	8.0	18.55	-440.18	-0.033	1.70e-03	3.28e-04
1527	04/03/2008	14:00	4.80	340.0	2.66	3.80	1477.1	0.51	5.67	7.0	47.30	-249.66	-0.074	3.22e-03	3.25e-04
1528	04/03/2008	15:00	4.90	340.0	2.71	5.10	1540.6	0.53	5.62	7.0	64.87	-198.67	-0.099	2.62e-03	3.32e-04
1529	04/03/2008	16:00	6.00	360.0	3.32	4.50	1815.5	0.63	5.06	6.0	49.94	-438.99	-0.064	2.39e-03	3.29e-04
1530	04/03/2008	17:00	9.70	350.0	5.39	4.40	2868.5	0.99	3.96	6.0	3.97	-21796.34	-0.003	7.63e-04	3.28e-04
1531	04/03/2008	18:00	10.20	350.0	5.69	2.60	1146.5	1.04	3.85	7.0	-72.14	1355.73	0.056	0.00e+00	3.19e-04
1532	04/03/2008	19:00	11.40	350.0	6.34	2.30	1334.9	1.16	3.65	7.0	-80.67	1689.86	0.056	0.00e+00	3.18e-04
1533	04/03/2008	20:00	9.30	350.0	5.23	2.30	956.2	0.95	4.01	6.0	-77.03	975.42	0.065	0.00e+00	3.18e-04
1534	04/03/2008	21:00	9.80	350.0	5.48	2.80	1088.2	1.00	3.92	7.0	-69.41	1257.59	0.056	0.00e+00	3.20e-04
1535	04/03/2008	22:00	8.70	360.0	4.85	2.80	994.8	0.88	4.17	8.0	-49.72	1213.62	0.045	0.00e+00	3.20e-04
1536	04/03/2008	23:00	6.80	350.0	3.84	2.30	712.2	0.69	4.68	8.0	-39.15	748.54	0.045	0.00e+00	3.18e-04
1537	05/03/2008	00:00	6.80	350.0	3.82	2.30	645.9	0.69	4.69	7.0	-47.84	594.21	0.056	0.00e+00	3.18e-04
1538	05/03/2008	01:00	9.80	360.0	5.46	3.40	1175.7	0.99	3.93	8.0	-55.98	1548.97	0.045	0.00e+00	3.23e-04
1539	05/03/2008	02:00	9.50	360.0	5.29	3.20	1125.6	0.96	3.99	8.0	-54.29	1453.32	0.045	0.00e+00	3.22e-04
1540	05/03/2008	03:00	10.10	10.0	5.62	3.00	1225.2	1.03	3.87	8.0	-57.80	1643.99	0.045	0.00e+00	3.21e-04
1541	05/03/2008	04:00	9.40	360.0	5.24	2.60	1108.2	0.95	4.01	8.0	-53.82	1419.30	0.045	0.00e+00	3.19e-04
1542	05/03/2008	05:00	9.50	360.0	5.29	2.30	1124.2	0.96	3.99	8.0	-54.46	1448.48	0.045	0.00e+00	3.18e-04
1543	05/03/2008	06:00	9.80	360.0	5.50	1.60	943.2	0.99	3.91	4.0	-98.53	877.87	0.079	0.00e+00	3.15e-04
1544	05/03/2008	07:00	11.50	360.0	6.39	2.00	3395.5	1.18	3.64	7.0	2.89	-49717.40	-0.002	5.94e-04	3.17e-04
1545	05/03/2008	08:00	11.30	360.0	6.26	2.40	3437.9	1.16	3.68	5.0	59.98	-2286.17	-0.041	2.88e-03	3.18e-04
1546	05/03/2008	09:00	12.10	350.0	6.69	2.50	3581.5	1.24	3.56	6.0	91.72	-1835.07	-0.059	3.64e-03	3.19e-04
1547	05/03/2008	10:00	12.10	360.0	6.69	3.90	3634.6	1.24	3.56	7.0	88.38	-1903.81	-0.057	3.24e-03	3.26e-04
1548	05/03/2008	11:00	11.80	360.0	6.51	4.70	3715.5	1.22	3.61	4.0	178.05	-888.54	-0.118	6.36e-03	3.30e-04
1549	05/03/2008	12:00	13.20	10.0	7.28	5.50	3911.8	1.35	3.41	3.0	191.69	-1144.10	-0.114	6.86e-03	3.34e-04
1550	05/03/2008	13:00	13.40	10.0	7.39	5.60	3995.7	1.37	3.39	2.0	183.56	-1247.33	-0.108	6.80e-03	3.34e-04
1551	05/03/2008	14:00	12.30	20.0	6.79	5.80	3999.9	1.26	3.53	1.0	154.88	-1148.43	-0.099	6.19e-03	3.35e-04
1552	05/03/2008	15:00	13.00	10.0	7.18	5.60	3999.9	1.33	3.43	1.0	113.34	-1837.17	-0.069	5.06e-03	3.34e-04
1553	05/03/2008	16:00	9.70	20.0	5.37	5.00	3999.9	1.00	3.97	2.0	62.02	-1413.34	-0.050	3.37e-03	3.31e-04
1554	05/03/2008	17:00	10.50	10.0	5.85	4.00	3107.9	1.08	3.80	2.0	-1.68	65303.64	0.001	1.13e-03	3.26e-04
1555	05/03/2008	18:00	8.00	10.0	4.46	3.20	664.4	0.80	4.34	2.0	-86.96	512.69	0.087	0.00e+00	3.22e-04
1556	05/03/2008	19:00	9.90	10.0	5.54	2.70	915.0	1.00	3.90	2.0	-109.36	806.54	0.087	0.00e+00	3.20e-04
1557	05/03/2008	20:00	9.40	10.0	5.26	2.30	846.5	0.95	4.00	2.0	-103.67	721.67	0.087	0.00e+00	3.18e-04
1558	05/03/2008	21:00	9.10	360.0	5.08	1.80	796.5	0.91	4.07	1.0	-102.64	654.80	0.089	0.00e+00	3.16e-04
1559	05/03/2008	22:00	11.30	340.0	6.33	1.20	1096.7	1.15	3.65	1.0	-129.22	1031.14	0.089	0.00e+00	3.13e-04
1560	05/03/2008	23:00	8.50	360.0	4.74	0.60	716.9	0.85	4.21	1.0	-95.80	563.05	0.089	0.00e+00	3.10e-04
1561	06/03/2008	00:00	8.00	360.0	4.46	0.40	653.1	0.80	4.34	1.0	-89.79	493.48	0.089	0.00e+00	3.09e-04
1562	06/03/2008	01:00	8.00	360.0	4.46	0.00	652.6	0.79	4.34	1.0	-89.91	492.67	0.089	0.00e+00	3.07e-04
1563	06/03/2008	02:00	7.50	360.0	4.17	-0.30	587.8	0.74	4.48	0.0	-84.50	423.58	0.090	0.00e+00	3.06e-04
1564	06/03/2008	03:00	6.40	360.0	3.55	-0.40	456.7	0.62	4.85	0.0	-70.80	297.10	0.090	0.00e+00	3.05e-04
1565	06/03/2008	04:00	5.60	360.0	3.10	-0.70	365.9	0.53	5.18	0.0	-60.72	217.75	0.090	0.00e+00	3.04e-04
1566	06/03/2008	05:00	7.00	350.0	3.89	-1.00	526.6	0.69	4.64	0.0	-78.47	362.55	0.090	0.00e+00	3.02e-04
1567	06/03/2008	06:00	5.70	350.0	3.15	-1.40	376.4	0.54	5.14	0.0	-62.14	226.33	0.090	0.00e+00	3.00e-04
1568	06/03/2008	07:00	7.00	350.0	3.91	-0.80	1462.7	0.72	4.65	1.0	-4.93	6639.10	0.005	1.21e-03	3.03e-04
1569	06/03/2008	08:00	8.10	360.0	4.49	0.90	2421.3	0.84	4.35	2.0	64.84	-802.06	-0.061	3.43e-03	3.11e-04
1570	06/03/2008	09:00	8.90	360.0	4.92	2.40	2667.3	0.92	4.16	1.0	117.47	-591.85	-0.101	5.12e-03	3.18e-04
1571	06/03/2008	10:00	9.30	360.0	5.13	4.40	2793.0	0.97	4.07	1.0	158.34	-504.18	-0.131	6.24e-03	3.28e-04
1572	06/03/2008	11:00	11.90	360.0	6.56	5.20	3537.9	1.23	3.60	1.0	183.85	-882.45	-0.121	6.89e-03	3.32e-04
1573	06/03/2008	12:00	11.70	10.0	6.45	6.00	3626.1	1.21	3.63	1.0	191.75	-806.71	-0.128	7.09e-03	3.36e-04
1574	06/03/2008	13:00	11.10	360.0	6.12	6.60	3705.7	1.15	3.72	1.0	182.07	-729.23	-0.128	6.89e-03	3.39e-04
1575	06/03/2008	14:00	9.90	10.0	5.46	7.20	3769.9	1.03	3.94	1.0	155.43	-612.51	-0.123	6.24e-03	3.42e-04
1576	06/03/2008	15:00	11.00	360.0	6.08	7.60	3823.4	1.13	3.73	1.0	114.02	-1120.78	-0.082	5.12e-03	3.44e-04
1577	06/03/2008	16:00	10.70	10.0	5.93	7.40	3857.3	1.10	3.78	1.0	60.60	-1927.66	-0.045	3.45e-03	3.43e-04
1578	06/03/2008	17:00	8.60	360.0	4.79	6.70	3864.9	0.88	4.20	2.0	1.25	-48461.39	-0.001	1.20e-03	3.40e-04
1579	06/03/2008	18:00	6.10	360.0	3.39	5.60	435.1	0.59	4.96	2.0	-63.84	283.62	0.087	0.00e+00	3.34e-04
1580	06/03/2008	19:00	5.80	360.0	3.22	4.80	409.3	0.56	5.09	3.0	-58.20	264.35	0.084	0.00e+00	3.30e-04
1581	06/03/2008	20:00	4.50	350.0	2.49	4.20	263.7	0.41	5.76	3.0	-42.93	142.94	0.084	0.00e+00	3.27e-04
1582	06/03/2008	21:00	4.30	350.0	2.37	3.80	242.1	0.39	5.89	3.0	-40.53	126.87	0.084	0.00e+00	3.25e-04
1583	06/03/2008	22:00	6.80	350.0	3.79	4.00	544.8	0.67	4.70	4.0	-66.02	404.51	0.079	0.00e+00	3.26e-04
1584	06/03/2008	23:00	7.10	340.0	3.96	3.50	582.1	0.70	4.60	4.0	-69.34	443.85	0.079	0.00e+00	3.24e-04
1585	07/03/2008	00:00	5.10	340.0	2.83	2.90	340.5	0.48	5.42	4.0	-47.71	208.75	0.079	0.00e+00	3.21e-04
1586	07/03/2008	01:00	5.80	350.0	3.23	2.60	441.3	0.57	5.08	5.0	-51.40	310.52	0.072	0.00e+00	3.19e-04
1587	07/03/2008	02:00	5.30	350.0	2.95	2.10	380.6	0.51	5.32	5.0	-46.43	252.05	0.072	0.00e+00	3.17e-04
1588	07/03/2008	03:00	4.20	360.0	2.33	1.60	273.3	0.39	5.96	6.0	-31.87	165.73	0.065	0.00e+00	3.15e-04
1589	07/03/2008	04:00	4.10	360.0	2.27	1.20	261.6	0.38	6.03	6.0	-30.97	155.77	0.065	0.00e+00	3.13e-04
1590	07/03/2008	05:00	4.70	360.0	2.62	1.40	331.8	0.45	5.64	6.0	-36.54	217.39	0.065	0.00e+00	3.14e-04
1591	07/03/2008	06:00	3.90	350.0	2.17	1.50	263.7	0.36	6.18	7.0	-25.51	167.49	0.056	0.00e+00	3.14e-04
1592	07/03/2008	07:00	3.30	10.0	1.85	1.60	984.9	0.34	6.75	8.0	-0.15	23258.89	0.000	3.20e-04	3.15e-04
1593	07/03/2008	08:00	3.40	20.0	1.88	2.00	1085.6	0.38	6.76	7.0	39.25	-119.40	-0.083	1.84e-03	3.17e-04
1594	07/03/2008	09:00	3.90	20.0	2.15	3.70	1256.9	0.44	6.31	7.0	68.30	-106.51	-0.126	2.71e-03	3.25e-04
1595	07/03/2008	10:00	4.40	10.0	2.43	5.00	1411.9	0.49	5.94	7.0	90.01	-114.57	-0.148	3.30e-03	3.31e-04
1596	07/03/2008	11:00	6.00	350.0	3.31	5.80	1850.6	0.64	5.08	7.0	103.42	-224.55	-0.130	3.63e-03	3.35e-04
1597	07/03/2008	12:00	5.90	350.0	3.26	6.90	1933.0	0.63	5.12	7.0	107.47	-207.63	-0.138	3.74e-03	3.41e-04
1598	07/03/2008	13:00	7.10	360.0	3.92	7.40	2154.1	0.75	4.66	7.0	102.56	-357.07	-0.111	3.63e-03	3.43e-04
1599	07/03/2008	14:00	6.20	10.0	3.42	7.70	2214.5	0.66	4.99	7.0	88.90	-281.03	-0.110	3.30e-03	3.45e-04
1600	07/03/2008	15:00	5.80	30.0	3.22	7.50	2238.9	0.60	5.14	8.0	31.02	-628.20	-0.042	1.29e-03	3.44e-04
1601	07/03/2008	16:00	4.30	20.0	2.38	7.40	2263.8	0.46	5.99	7.0	39.39	-219.17	-0.069	1.84e-03	3.43e-04
1602	07/03/2008	17:00	2.60	20.0	1.46	7.10	2265.5	0.27	7.63	8.0	1.87	-948.50	-0.006	3.20e-04	3.42e-04
1603	07/03/2008	18:00	2.60	330.0	1.42	6.90	152.0	0.22	7.58	8.0	-12.32	90.00	0.045	0.00e+00	3.41e-04
1604	07/03/2008	19:00	2.30	350.0	1.26	6.80	142.1	0.20	8.04	8.0	-10.95	90.00	0.045	0.00e+00	3.40e-04
1605	07/03/2008	20:00	3.00	360.0	1.66	6.10	186.5	0.27	7.03	8.0	-14.90	112.99	0.045	0.00e+00	3.37e-04
1606	07/03/2008	21:00	3.60	10.0	2.01	5.70	263.4	0.34	6.42	8.0	-19.01	183.16	0.045	0.00e+00	3.35e-04
1607	07/03/2008	22:00	1.90	360.0	1.05	5.40	127.9	0.16	8.82	7.0	-8.52	90.00	0.042	0.00e+00	3.33e-04
1608	07/03/2008	23:00	1.70	30.0	1.00	5.30	120.2	0.15	9.30	8.0	-6.42	90.00	0.035	0.00e+00	3.33e-04
1609	08/03/2008	00:00	1.40	10.0	1.00	5.20	107.7	0.12	10.21	8.0	-3.92	90.00	0.026	0.00e+00	3.32e-04
1610	08/03/2008	01:00	1.00	360.0	1.00	5.00	88.9	0.09	11.99	8.0	-1.69	90.00	0.015	0.00e+00	3.31e-04
1611	08/03/2008	02:00	1.60	360.0	1.00	4.90	116.2	0.14	9.57	7.0	-5.50	90.00	0.032	0.00e+00	3.31e-04
1612	08/03/2008	03:00	2.10	340.0	1.16	5.10	135.2	0.18	8.40	5.0	-11.02	90.00	0.049	0.00e+00	3.32e-04
1613	08/03/2008	04:00	1.30	350.0	1.00	4.90	103.3	0.11	10.58	5.0	-3.25	90.00	0.023	0.00e+00	3.31e-04
1614	08/03/2008	05:00	1.40	340.0	1.00	4.00	107.7	0.12	10.21	3.0	-3.92	90.00	0.026	0.00e+00	3.26e-04
1615	08/03/2008	06:00	1.20	360.0	1.00	2.70	98.7	0.11	10.99	2.0	-2.66	90.00	0.020	0.00e+00	3.20e-04
1616	08/03/2008	07:00	2.40	340.0	1.34	3.20	735.5	0.25	7.96	2.0	3.74	-389.45	-0.012	1.34e-03	3.22e-04
1617	08/03/2008	08:00	3.20	340.0	1.78	6.00	1079.6	0.37	6.96	4.0	68.45	-67.36	-0.148	3.33e-03	3.36e-04
1618	08/03/2008	09:00	3.20	340.0	1.88	8.20	1219.6	0.41	6.78	3.0	120.53	-49.67	-0.240	5.09e-03	3.47e-04
1619	08/03/2008	10:00	4.30	10.0	2.42	9.10	1448.0	0.50	5.97	5.0	142.93	-77.83	-0.233	5.38e-03	3.52e-04
1620	08/03/2008	11:00	4.90	330.0	2.74	9.60	1614.4	0.56	5.60	5.0	164.00	-94.00	-0.240	5.92e-03	3.54e-04
1621	08/03/2008	12:00	4.50	340.0	2.55	10.10	1751.1	0.53	5.81	5.0	170.77	-76.62	-0.264	6.10e-03	3.57e-04
1622	08/03/2008	13:00	5.00	350.0	2.79	11.60	1873.7	0.57	5.55	5.0	161.91	-99.20	-0.235	5.92e-03	3.64e-04
1623	08/03/2008	14:00	5.30	330.0	2.94	12.50	1982.5	0.59	5.40	4.0	151.31	-119.34	-0.212	5.90e-03	3.69e-04
1624	08/03/2008	15:00	5.20	330.0	2.87	11.00	2057.3	0.57	5.46	5.0	107.54	-149.85	-0.156	4.44e-03	3.61e-04
1625	08/03/2008	16:00	5.00	310.0	2.76	10.80	2104.1	0.54	5.56	4.0	67.56	-202.15	-0.103	3.33e-03	3.60e-04
1626	08/03/2008	17:00	5.10	330.0	2.84	10.40	2116.6	0.53	5.46	5.0	12.07	-1083.90	-0.019	1.15e-03	3.58e-04
1627	08/03/2008	18:00	3.40	320.0	1.84	8.50	178.8	0.29	6.66	6.0	-22.96	92.64	0.065	0.00e+00	3.49e-04
1628	08/03/2008	19:00	2.10	310.0	1.16	8.20	135.2	0.18	8.40	7.0	-11.02	90.00	0.050	0.00e+00	3.47e-04
1629	08/03/2008	20:00	2.40	290.0	1.31	7.70	145.5	0.21	7.88	8.0	-11.37	90.00	0.045	0.00e+00	3.45e-04
1630	08/03/2008	21:00	2.70	310.0	1.47	7.00	155.2	0.23	7.44	7.0	-15.77	90.00	0.056	0.00e+00	3.41e-04
1631	08/03/2008	22:00	2.20	310.0	1.21	6.70	138.7	0.19	8.21	7.0	-12.42	90.00	0.053	0.00e+00	3.40e-04
1632	08/03/2008	23:00	1.70	170.0	1.00	4.30	120.2	0.15	9.30	6.0	-6.42	90.00	0.035	0.00e+00	3.28e-04
1633	09/03/2008	00:00	1.00	140.0	1.00	2.90	88.9	0.09	11.99	6.0	-1.69	90.00	0.015	0.00e+00	3.21e-04
1634	09/03/2008	01:00	1.30	160.0	1.00	1.80	103.3	0.11	10.58	6.0	-3.25	90.00	0.023	0.00e+00	3.16e-04
1635	09/03/2008	02:00	1.00	180.0	1.00	1.60	88.9	0.09	11.99	5.0	-1.69	90.00	0.015	0.00e+00	3.15e-04
1636	09/03/2008	03:00	1.20	180.0	1.00	1.30	98.7	0.11	10.99	5.0	-2.66	90.00	0.020	0.00e+00	3.13e-04
1637	09/03/2008	04:00	1.00	170.0	1.00	1.30	88.9	0.09	11.99	5.0	-1.69	90.00	0.015	0.00e+00	3.13e-04
1638	09/03/2008	05:00	1.00	0.0	1.00	0.40	88.9	0.09	11.99	4.0	-1.69	90.00	0.015	0.00e+00	3.09e-04
1639	09/03/2008	06:00	1.00	200.0	1.00	-0.10	88.9	0.09	11.99	4.0	-1.69	90.00	0.015	0.00e+00	3.06e-04
1640	09/03/2008	07:00	1.00	0.0	1.00	1.60	368.2	0.13	12.66	7.0	6.85	-26.68	-0.043	7.45e-04	3.15e-04
1641	09/03/2008	08:00	1.00	0.0	1.00	4.30	522.9	0.18	11.33	7.0	41.31	-12.68	-0.183	1.91e-03	3.28e-04
1642	09/03/2008	09:00	4.00	160.0	2.21	7.30	1284.5	0.44	6.23	7.0	69.51	-111.70	-0.127	2.77e-03	3.43e-04
1643	09/03/2008	10:00	5.00	190.0	2.76	8.20	1570.8	0.54	5.57	7.0	90.74	-156.49	-0.136	3.35e-03	3.47e-04
1644	09/03/2008	11:00	5.30	210.0	2.93	10.60	1663.2	0.58	5.41	7.0	102.99	-163.10	-0.147	3.68e-03	3.59e-04
1645	09/03/2008	12:00	9.70	190.0	5.36	12.30	2892.4	1.00	3.98	7.0	106.62	-831.48	-0.088	3.79e-03	3.68e-04
1646	09/03/2008	13:00	12.10	190.0	6.69	13.00	3582.9	1.24	3.56	7.0	101.90	-1653.71	-0.068	3.68e-03	3.72e-04
1647	09/03/2008	14:00	9.60	190.0	5.31	13.20	3626.6	0.99	4.00	7.0	88.97	-962.54	-0.074	3.35e-03	3.73e-04
1648	09/03/2008	15:00	9.70	180.0	5.37	12.40	3662.7	1.00	3.97	7.0	68.63	-1279.21	-0.057	2.77e-03	3.69e-04
1649	09/03/2008	16:00	8.90	190.0	4.94	11.80	3686.4	0.92	4.14	7.0	41.73	-1623.69	-0.038	1.91e-03	3.66e-04
1650	09/03/2008	17:00	8.80	190.0	4.89	11.10	3699.6	0.90	4.16	6.0	12.98	-5003.02	-0.012	1.02e-03	3.62e-04
1651	09/03/2008	18:00	6.70	190.0	3.76	9.80	594.3	0.67	4.73	6.0	-53.00	500.58	0.065	0.00e+00	3.55e-04
1652	09/03/2008	19:00	4.10	200.0	2.27	8.90	247.4	0.37	6.03	5.0	-33.28	139.34	0.072	0.00e+00	3.51e-04
1653	09/03/2008	20:00	3.70	180.0	2.01	8.40	197.2	0.32	6.37	5.0	-28.49	101.56	0.072	0.00e+00	3.48e-04
1654	09/03/2008	21:00	3.20	180.0	1.73	8.10	170.2	0.27	6.86	4.0	-26.23	90.00	0.079	0.00e+00	3.47e-04
1655	09/03/2008	22:00	4.20	180.0	2.32	7.90	243.9	0.38	5.96	4.0	-36.93	132.02	0.079	0.00e+00	3.46e-04
1656	09/03/2008	23:00	4.50	190.0	2.49	7.50	265.7	0.41	5.76	3.0	-42.51	145.18	0.084	0.00e+00	3.44e-04
1657	10/03/2008	00:00	4.30	190.0	2.37	7.30	244.2	0.39	5.89	3.0	-40.12	129.03	0.084	0.00e+00	3.43e-04
1658	10/03/2008	01:00	3.90	180.0	2.10	7.00	189.3	0.33	6.23	2.0	-35.29	90.00	0.087	0.00e+00	3.41e-04
1659	10/03/2008	02:00	4.70	190.0	2.60	6.70	279.4	0.43	5.64	2.0	-46.62	153.01	0.087	0.00e+00	3.40e-04
1660	10/03/2008	03:00	4.30	200.0	2.36	6.40	231.4	0.38	5.90	1.0	-42.25	116.60	0.089	0.00e+00	3.38e-04
1661	10/03/2008	04:00	3.70	180.0	1.99	6.10	184.1	0.31	6.39	1.0	-34.46	90.00	0.089	0.00e+00	3.37e-04
1662	10/03/2008	05:00	2.90	190.0	1.58	5.10	161.3	0.25	7.19	0.0	-25.39	90.00	0.083	0.00e+00	3.32e-04
1663	10/03/2008	06:00	4.00	180.0	2.19	4.70	217.6	0.35	6.12	4.0	-34.63	112.14	0.079	0.00e+00	3.30e-04
1664	10/03/2008	07:00	5.20	180.0	2.90	5.90	1554.3	0.54	5.41	7.0	9.12	-1508.40	-0.014	7.82e-04	3.36e-04
1665	10/03/2008	08:00	5.10	180.0	2.82	6.50	1597.8	0.54	5.49	7.0	42.35	-326.11	-0.064	1.94e-03	3.39e-04
1666	10/03/2008	09:00	6.40	190.0	3.54	7.90	1940.9	0.67	4.90	7.0	70.39	-380.52	-0.085	2.80e-03	3.46e-04
1667	10/03/2008	10:00	11.40	190.0	6.30	9.20	3378.8	1.17	3.67	7.0	91.35	-1547.07	-0.064	3.38e-03	3.52e-04
1668	10/03/2008	11:00	9.70	180.0	5.38	9.50	3410.8	1.00	3.97	8.0	49.21	-1775.59	-0.040	1.77e-03	3.54e-04
1669	10/03/2008	12:00	10.80	190.0	5.98	9.10	3448.1	1.11	3.76	8.0	51.39	-2332.63	-0.038	1.82e-03	3.52e-04
1670	10/03/2008	13:00	13.30	190.0	7.36	9.20	3925.6	1.36	3.39	8.0	49.21	-4503.95	-0.030	1.77e-03	3.52e-04
1671	10/03/2008	14:00	12.40	180.0	6.87	9.00	3960.1	1.27	3.51	8.0	42.83	-4203.65	-0.028	1.61e-03	3.51e-04
1672	10/03/2008	15:00	14.70	180.0	8.13	8.60	4000.0	1.50	3.23	7.0	70.25	-4248.35	-0.038	2.80e-03	3.49e-04
1673	10/03/2008	16:00	14.30	200.0	7.92	9.10	4000.0	1.46	3.27	7.0	42.46	-6469.35	-0.024	1.94e-03	3.52e-04
1674	10/03/2008	17:00	12.40	190.0	6.88	8.90	3999.9	1.27	3.51	7.0	10.14	-17704.86	-0.007	7.82e-04	3.51e-04
1675	10/03/2008	18:00	10.10	200.0	5.63	8.60	1139.3	1.02	3.87	7.0	-69.87	1356.41	0.056	0.00e+00	3.49e-04
1676	10/03/2008	19:00	12.00	190.0	6.67	8.30	1445.2	1.22	3.56	7.0	-83.17	1915.81	0.056	0.00e+00	3.48e-04
1677	10/03/2008	20:00	6.20	180.0	3.48	7.80	567.0	0.62	4.91	7.0	-42.51	497.78	0.056	0.00e+00	3.45e-04
1678	10/03/2008	21:00	6.50	190.0	3.64	7.80	565.3	0.65	4.80	6.0	-51.63	464.94	0.065	0.00e+00	3.45e-04
1679	10/03/2008	22:00	3.30	200.0	1.79	7.40	173.0	0.28	6.76	6.0	-22.25	90.00	0.065	0.00e+00	3.43e-04
1680	10/03/2008	23:00	3.70	200.0	2.05	7.20	219.6	0.33	6.33	6.0	-26.65	123.10	0.065	0.00e+00	3.42e-04
1681	11/03/2008	00:00	4.10	190.0	2.28	7.50	265.4	0.38	6.03	6.0	-30.37	160.40	0.065	0.00e+00	3.44e-04
1682	11/03/2008	01:00	5.20	200.0	2.90	7.40	397.2	0.51	5.36	6.0	-40.31	282.26	0.065	0.00e+00	3.43e-04
1683	11/03/2008	02:00	5.20	220.0	2.89	7.90	373.2	0.50	5.37	5.0	-44.57	247.25	0.072	0.00e+00	3.46e-04
1684	11/03/2008	03:00	4.10	210.0	2.27	7.30	246.4	0.37	6.03	5.0	-33.44	138.29	0.072	0.00e+00	3.43e-04
1685	11/03/2008	04:00	5.10	210.0	2.84	6.90	360.6	0.49	5.42	5.0	-43.72	235.28	0.072	0.00e+00	3.41e-04
1686	11/03/2008	05:00	5.00	220.0	2.78	5.80	348.0	0.48	5.47	5.0	-42.86	223.52	0.072	0.00e+00	3.35e-04
1687	11/03/2008	06:00	3.60	220.0	1.94	6.00	182.2	0.30	6.48	5.0	-27.28	90.72	0.072	0.00e+00	3.36e-04
1688	11/03/2008	07:00	4.40	200.0	2.45	7.10	1324.2	0.46	5.88	7.0	10.50	-810.56	-0.019	8.20e-04	3.42e-04
1689	11/03/2008	08:00	3.20	210.0	1.76	7.60	1368.8	0.36	6.98	7.0	43.38	-94.73	-0.098	1.97e-03	3.44e-04
1690	11/03/2008	09:00	4.00	200.0	2.21	8.10	1439.8	0.45	6.23	7.0	71.35	-109.38	-0.130	2.83e-03	3.47e-04
1691	11/03/2008	10:00	3.10	170.0	1.71	8.00	1480.3	0.35	7.09	8.0	43.27	-87.93	-0.100	1.62e-03	3.46e-04
1692	11/03/2008	11:00	5.60	170.0	3.12	9.20	1677.6	0.58	5.22	8.0	17.28	-1000.88	-0.024	1.78e-03	3.52e-04
1693	11/03/2008	12:00	5.20	180.0	2.89	8.70	1700.6	0.54	5.42	8.0	19.05	-735.74	-0.029	1.83e-03	3.50e-04
1694	11/03/2008	13:00	5.80	170.0	3.23	8.60	1735.8	0.60	5.13	8.0	17.75	-1079.70	-0.024	1.78e-03	3.49e-04
1695	11/03/2008	14:00	6.90	180.0	3.83	8.60	2068.8	0.72	4.71	7.0	44.87	-722.98	-0.051	3.40e-03	3.49e-04
1696	11/03/2008	15:00	6.10	180.0	3.39	8.90	2098.3	0.63	5.01	8.0	33.14	-680.76	-0.043	1.35e-03	3.51e-04
1697	11/03/2008	16:00	4.20	170.0	2.35	9.20	943.8	0.43	5.99	8.0	-1.28	5561.86	0.002	9.42e-04	3.52e-04
1698	11/03/2008	17:00	4.40	180.0	2.48	9.30	641.6	0.45	5.83	7.0	-6.76	1189.45	0.012	8.20e-04	3.53e-04
1699	11/03/2008	18:00	4.30	190.0	2.40	8.80	317.0	0.41	5.89	7.0	-28.05	219.16	0.056	0.00e+00	3.50e-04
1700	11/03/2008	19:00	6.90	190.0	3.87	8.80	620.4	0.69	4.66	6.0	-54.90	531.36	0.065	0.00e+00	3.50e-04
1701	11/03/2008	20:00	6.30	190.0	3.54	9.10	582.3	0.63	4.87	7.0	-43.06	518.00	0.056	0.00e+00	3.52e-04
1702	11/03/2008	21:00	4.20	190.0	2.36	9.00	343.5	0.41	5.95	8.0	-22.58	267.58	0.045	0.00e+00	3.51e-04
1703	11/03/2008	22:00	1.60	140.0	1.00	8.80	116.2	0.14	9.57	7.0	-5.50	90.00	0.032	0.00e+00	3.50e-04
1704	11/03/2008	23:00	4.20	180.0	2.36	9.40	343.8	0.41	5.95	8.0	-22.55	268.03	0.045	0.00e+00	3.53e-04
1705	12/03/2008	00:00	5.80	180.0	3.27	10.30	569.8	0.59	5.07	8.0	-32.16	550.40	0.045	0.00e+00	3.58e-04
1706	12/03/2008	01:00	5.00	180.0	2.80	10.60	407.4	0.49	5.46	7.0	-33.20	312.89	0.056	0.00e+00	3.59e-04
1707	12/03/2008	02:00	4.70	180.0	2.63	10.80	368.8	0.46	5.63	7.0	-30.92	271.96	0.056	0.00e+00	3.60e-04
1708	12/03/2008	03:00	5.60	180.0	3.14	10.90	487.4	0.56	5.16	7.0	-37.64	403.44	0.056	0.00e+00	3.61e-04
1709	12/03/2008	04:00	6.90	180.0	3.88	10.90	669.8	0.70	4.65	7.0	-47.19	634.18	0.056	0.00e+00	3.61e-04
1710	12/03/2008	05:00	4.80	190.0	2.69	10.80	381.6	0.47	5.58	7.0	-31.68	285.40	0.056	0.00e+00	3.60e-04
1711	12/03/2008	06:00	5.70	180.0	3.20	11.00	501.1	0.57	5.12	7.0	-38.37	419.64	0.056	0.00e+00	3.61e-04
1712	12/03/2008	07:00	5.00	180.0	2.79	11.00	1500.2	0.52	5.52	7.0	12.83	-963.98	-0.020	8.57e-04	3.61e-04
1713	12/03/2008	08:00	5.40	190.0	2.99	12.00	1642.4	0.57	5.33	7.0	44.62	-363.79	-0.065	2.01e-03	3.67e-04
1714	12/03/2008	09:00	5.10	190.0	2.83	13.30	1677.9	0.54	5.48	8.0	34.40	-396.05	-0.053	1.36e-03	3.73e-04
1715	12/03/2008	10:00	5.50	190.0	3.05	14.00	1722.0	0.58	5.28	8.0	44.25	-385.80	-0.063	1.64e-03	3.77e-04
1716	12/03/2008	11:00	5.10	190.0	2.82	15.20	1807.0	0.56	5.51	7.0	103.89	-146.86	-0.155	3.75e-03	3.83e-04
1717	12/03/2008	12:00	4.80	190.0	2.66	16.70	1889.5	0.53	5.68	7.0	107.58	-122.83	-0.170	3.86e-03	3.91e-04
1718	12/03/2008	13:00	5.40	260.0	2.98	17.20	1967.7	0.58	5.36	7.0	103.16	-170.86	-0.148	3.75e-03	3.94e-04
1719	12/03/2008	14:00	5.20	330.0	2.87	15.40	2033.6	0.56	5.46	7.0	91.21	-172.29	-0.135	3.43e-03	3.84e-04
1720	12/03/2008	15:00	5.70	320.0	3.15	15.20	2117.1	0.62	5.21	4.0	120.11	-172.41	-0.162	5.06e-03	3.83e-04
1721	12/03/2008	16:00	8.90	310.0	4.93	14.90	2653.8	0.92	4.15	2.0	73.37	-933.32	-0.066	3.80e-03	3.82e-04
1722	12/03/2008	17:00	7.60	310.0	4.23	14.50	2672.0	0.78	4.48	2.0	15.23	-2767.16	-0.016	1.63e-03	3.80e-04
1723	12/03/2008	18:00	5.60	330.0	3.11	13.00	383.5	0.54	5.18	2.0	-56.49	240.19	0.087	0.00e+00	3.72e-04
1724	12/03/2008	19:00	1.90	350.0	1.05	12.00	127.9	0.16	8.82	2.0	-8.52	90.00	0.043	0.00e+00	3.67e-04
1725	12/03/2008	20:00	2.10	350.0	1.16	11.60	135.2	0.18	8.40	2.0	-11.02	90.00	0.050	0.00e+00	3.64e-04
1726	12/03/2008	21:00	4.00	320.0	2.18	11.60	209.6	0.35	6.13	3.0	-35.37	105.01	0.084	0.00e+00	3.64e-04
1727	12/03/2008	22:00	2.50	330.0	1.37	10.60	148.8	0.21	7.72	3.0	-17.27	90.00	0.066	0.00e+00	3.59e-04
1728	12/03/2008	23:00	2.50	350.0	1.37	9.00	148.8	0.21	7.72	3.0	-17.27	90.00	0.066	0.00e+00	3.51e-04
1729	13/03/2008	00:00	3.40	320.0	1.84	10.00	175.9	0.29	6.66	3.0	-29.35	90.00	0.084	0.00e+00	3.56e-04
1730	13/03/2008	01:00	1.10	20.0	1.00	8.50	93.9	0.10	11.46	3.0	-2.14	90.00	0.018	0.00e+00	3.49e-04
1731	13/03/2008	02:00	1.40	330.0	1.00	8.10	107.7	0.12	10.21	4.0	-3.92	90.00	0.026	0.00e+00	3.47e-04
1732	13/03/2008	03:00	2.20	350.0	1.21	8.50	138.7	0.19	8.21	4.0	-12.42	90.00	0.054	0.00e+00	3.49e-04
1733	13/03/2008	04:00	1.40	160.0	1.00	6.10	107.7	0.12	10.21	4.0	-3.92	90.00	0.026	0.00e+00	3.37e-04
1734	13/03/2008	05:00	1.00	270.0	1.00	4.30	88.9	0.09	11.99	4.0	-1.69	90.00	0.015	0.00e+00	3.28e-04
1735	13/03/2008	06:00	1.00	230.0	1.00	4.10	88.9	0.09	11.99	5.0	-1.69	90.00	0.015	0.00e+00	3.27e-04
1736	13/03/2008	07:00	1.00	90.0	1.00	6.80	434.2	0.15	12.06	6.0	16.91	-17.73	-0.091	1.23e-03	3.40e-04
1737	13/03/2008	08:00	1.00	350.0	1.00	8.30	590.2	0.19	11.38	6.0	61.92	-9.65	-0.266	2.79e-03	3.48e-04
1738	13/03/2008	09:00	1.10	290.0	1.00	10.20	822.9	0.22	10.94	2.0	128.04	-7.13	-0.481	5.47e-03	3.57e-04
1739	13/03/2008	10:00	1.00	340.0	1.00	12.30	1049.7	0.21	11.51	3.0	165.25	-5.08	-0.643	6.42e-03	3.68e-04
1740	13/03/2008	11:00	1.20	240.0	1.00	11.70	1214.2	0.23	10.49	6.0	145.02	-7.71	-0.512	5.18e-03	3.65e-04
1741	13/03/2008	12:00	1.30	20.0	1.00	11.80	1326.5	0.24	10.05	7.0	110.81	-10.72	-0.384	3.88e-03	3.66e-04
1742	13/03/2008	13:00	2.00	40.0	1.32	12.50	1482.8	0.33	8.13	5.0	168.94	-18.52	-0.425	6.12e-03	3.69e-04
1743	13/03/2008	14:00	2.20	360.0	1.45	13.00	1617.1	0.35	7.74	4.0	159.46	-23.38	-0.379	6.12e-03	3.72e-04
1744	13/03/2008	15:00	2.90	30.0	1.78	13.50	1717.4	0.39	6.98	3.0	126.09	-42.41	-0.266	5.36e-03	3.74e-04
1745	13/03/2008	16:00	1.60	20.0	1.07	13.60	1771.6	0.26	9.03	1.0	72.64	-21.30	-0.232	3.89e-03	3.75e-04
1746	13/03/2008	17:00	3.30	80.0	1.84	12.80	1783.3	0.35	6.82	1.0	13.26	-289.19	-0.031	1.71e-03	3.71e-04
1747	13/03/2008	18:00	2.00	100.0	1.10	11.10	131.6	0.17	8.60	2.0	-9.72	90.00	0.046	0.00e+00	3.62e-04
1748	13/03/2008	19:00	2.00	120.0	1.10	9.60	131.6	0.17	8.60	2.0	-9.72	90.00	0.046	0.00e+00	3.54e-04
1749	13/03/2008	20:00	1.00	130.0	1.00	7.90	88.9	0.09	11.99	3.0	-1.69	90.00	0.015	0.00e+00	3.46e-04
1750	13/03/2008	21:00	1.40	230.0	1.00	7.00	107.7	0.12	10.21	3.0	-3.92	90.00	0.026	0.00e+00	3.41e-04
1751	13/03/2008	22:00	1.00	180.0	1.00	6.20	88.9	0.09	11.99	4.0	-1.69	90.00	0.015	0.00e+00	3.37e-04
1752	13/03/2008	23:00	1.00	170.0	1.00	5.20	88.9	0.09	11.99	4.0	-1.69	90.00	0.015	0.00e+00	3.32e-04
1753	14/03/2008	00:00	1.00	180.0	1.00	5.50	88.9	0.09	11.99	5.0	-1.69	90.00	0.015	0.00e+00	3.34e-04
1754	14/03/2008	01:00	1.20	180.0	1.00	5.60	98.7	0.11	10.99	5.0	-2.66	90.00	0.020	0.00e+00	3.34e-04
1755	14/03/2008	02:00	1.00	200.0	1.00	5.90	88.9	0.09	11.99	6.0	-1.69	90.00	0.015	0.00e+00	3.36e-04
1756	14/03/2008	03:00	1.00	230.0	1.00	5.20	88.9	0.09	11.99	6.0	-1.69	90.00	0.015	0.00e+00	3.32e-04
1757	14/03/2008	04:00	1.10	140.0	1.00	5.00	93.9	0.10	11.46	7.0	-2.14	90.00	0.018	0.00e+00	3.31e-04
1758	14/03/2008	05:00	1.00	170.0	1.00	5.50	88.9	0.09	11.99	7.0	-1.69	90.00	0.015	0.00e+00	3.34e-04
1759	14/03/2008	06:00	1.00	0.0	1.00	5.30	88.9	0.09	11.99	6.0	-1.69	90.00	0.015	0.00e+00	3.33e-04
1760	14/03/2008	07:00	1.00	180.0	1.00	7.10	456.2	0.16	11.81	5.0	20.47	-17.00	-0.105	1.51e-03	3.42e-04
1761	14/03/2008	08:00	1.20	240.0	1.00	8.80	614.7	0.21	10.39	6.0	63.20	-13.47	-0.242	2.84e-03	3.50e-04
1762	14/03/2008	09:00	1.00	160.0	1.00	11.50	823.6	0.20	11.46	5.0	116.72	-6.36	-0.472	4.71e-03	3.64e-04
1763	14/03/2008	10:00	1.00	200.0	1.00	14.20	1051.4	0.21	11.51	3.0	165.10	-5.08	-0.647	6.46e-03	3.78e-04
1764	14/03/2008	11:00	1.50	330.0	1.00	15.40	1262.6	0.28	9.41	3.0	187.36	-9.87	-0.567	7.06e-03	3.84e-04
1765	14/03/2008	12:00	1.00	40.0	1.00	16.90	1448.4	0.22	11.53	3.0	193.53	-4.59	-0.751	7.26e-03	3.92e-04
1766	14/03/2008	13:00	2.20	340.0	1.45	17.40	1608.5	0.35	7.75	3.0	185.10	-21.01	-0.440	7.06e-03	3.95e-04
1767	14/03/2008	14:00	1.00	340.0	1.00	18.40	1734.7	0.21	11.50	3.0	161.25	-5.16	-0.643	6.46e-03	4.00e-04
1768	14/03/2008	15:00	1.80	90.0	1.19	18.00	1827.3	0.30	8.54	2.0	124.94	-18.56	-0.354	5.52e-03	3.98e-04
1769	14/03/2008	16:00	2.20	40.0	1.35	17.90	1882.2	0.31	8.01	2.0	76.55	-33.54	-0.209	3.92e-03	3.98e-04
1770	14/03/2008	17:00	2.30	70.0	1.27	16.90	1896.6	0.26	8.25	2.0	19.71	-80.13	-0.063	1.77e-03	3.92e-04
1771	14/03/2008	18:00	1.70	30.0	1.00	14.50	120.2	0.15	9.30	2.0	-6.42	90.00	0.036	0.00e+00	3.80e-04
1772	14/03/2008	19:00	1.50	10.0	1.00	12.80	112.0	0.13	9.88	2.0	-4.67	90.00	0.030	0.00e+00	3.71e-04
1773	14/03/2008	20:00	1.00	120.0	1.00	10.80	88.9	0.09	11.99	2.0	-1.69	90.00	0.016	0.00e+00	3.60e-04
1774	14/03/2008	21:00	1.00	0.0	1.00	9.40	88.9	0.09	11.99	2.0	-1.69	90.00	0.016	0.00e+00	3.53e-04
1775	14/03/2008	22:00	1.00	190.0	1.00	8.10	88.9	0.09	11.99	2.0	-1.69	90.00	0.016	0.00e+00	3.47e-04
1776	14/03/2008	23:00	1.00	190.0	1.00	7.20	88.9	0.09	11.99	2.0	-1.69	90.00	0.015	0.00e+00	3.42e-04
1777	15/03/2008	00:00	1.00	180.0	1.00	6.80	88.9	0.09	11.99	2.0	-1.69	90.00	0.015	0.00e+00	3.40e-04
1778	15/03/2008	01:00	1.10	150.0	1.00	5.90	93.9	0.10	11.46	2.0	-2.14	90.00	0.018	0.00e+00	3.36e-04
1779	15/03/2008	02:00	1.00	0.0	1.00	5.40	88.9	0.09	11.99	2.0	-1.69	90.00	0.015	0.00e+00	3.33e-04
1780	15/03/2008	03:00	1.00	190.0	1.00	4.70	88.9	0.09	11.99	2.0	-1.69	90.00	0.015	0.00e+00	3.30e-04
1781	15/03/2008	04:00	1.00	170.0	1.00	4.30	88.9	0.09	11.99	2.0	-1.69	90.00	0.015	0.00e+00	3.28e-04
1782	15/03/2008	05:00	1.00	210.0	1.00	3.80	88.9	0.09	11.99	2.0	-1.69	90.00	0.015	0.00e+00	3.25e-04
1783	15/03/2008	06:00	1.00	140.0	1.00	3.50	88.9	0.09	11.99	2.0	-1.69	90.00	0.015	0.00e+00	3.24e-04
1784	15/03/2008	07:00	1.00	0.0	1.00	5.60	463.3	0.16	11.73	5.0	21.76	-16.75	-0.109	1.57e-03	3.34e-04
1785	15/03/2008	08:00	1.00	270.0	1.00	7.60	617.3	0.19	11.39	6.0	64.74	-9.37	-0.276	2.88e-03	3.44e-04
1786	15/03/2008	09:00	1.20	230.0	1.00	10.50	758.4	0.22	10.41	7.0	74.78	-12.01	-0.283	2.94e-03	3.59e-04
1787	15/03/2008	10:00	1.60	220.0	1.07	13.20	908.3	0.27	9.03	7.0	94.75	-17.84	-0.293	3.50e-03	3.73e-04
1788	15/03/2008	11:00	5.10	180.0	2.82	15.90	1611.1	0.56	5.51	7.0	106.44	-143.93	-0.159	3.82e-03	3.87e-04
1789	15/03/2008	12:00	6.40	180.0	3.53	17.10	1964.4	0.68	4.91	7.0	110.22	-251.98	-0.136	3.93e-03	3.93e-04
1790	15/03/2008	13:00	6.90	180.0	3.81	19.60	2099.7	0.73	4.73	7.0	105.17	-322.49	-0.122	3.82e-03	4.07e-04
1791	15/03/2008	14:00	7.30	190.0	4.03	19.70	2205.6	0.76	4.59	7.0	93.02	-422.61	-0.103	3.50e-03	4.07e-04
1792	15/03/2008	15:00	9.80	190.0	5.42	17.90	2913.1	1.01	3.95	7.0	73.77	-1227.72	-0.062	2.94e-03	3.98e-04
1793	15/03/2008	16:00	14.30	190.0	7.91	16.10	4000.0	1.46	3.27	7.0	47.92	-5733.05	-0.027	2.10e-03	3.88e-04
1794	15/03/2008	17:00	11.40	190.0	6.33	14.90	3999.9	1.17	3.66	7.0	17.17	-8155.03	-0.012	9.68e-04	3.82e-04
1795	15/03/2008	18:00	12.30	190.0	6.84	15.20	1509.1	1.25	3.51	7.0	-83.24	2063.75	0.056	0.00e+00	3.83e-04
1796	15/03/2008	19:00	11.00	210.0	6.12	16.50	1295.3	1.12	3.71	7.0	-74.04	1654.81	0.056	0.00e+00	3.90e-04
1797	15/03/2008	20:00	6.10	230.0	3.42	12.60	516.8	0.61	4.95	6.0	-47.40	412.37	0.065	0.00e+00	3.70e-04
1798	15/03/2008	21:00	3.20	190.0	1.73	11.90	170.2	0.27	6.86	6.0	-21.26	90.00	0.065	0.00e+00	3.66e-04
1799	15/03/2008	22:00	4.20	160.0	2.33	11.70	279.6	0.39	5.96	6.0	-30.89	173.52	0.065	0.00e+00	3.65e-04
1800	15/03/2008	23:00	5.70	180.0	3.18	11.80	436.9	0.56	5.13	5.0	-48.91	310.21	0.072	0.00e+00	3.66e-04
1801	16/03/2008	00:00	4.80	180.0	2.67	11.20	328.5	0.46	5.58	5.0	-40.15	207.72	0.072	0.00e+00	3.62e-04
1802	16/03/2008	01:00	6.70	190.0	3.75	11.00	562.8	0.67	4.73	5.0	-58.69	442.97	0.072	0.00e+00	3.61e-04
1803	16/03/2008	02:00	3.50	200.0	1.89	10.00	178.6	0.30	6.57	5.0	-26.12	90.00	0.072	0.00e+00	3.56e-04
1804	16/03/2008	03:00	5.90	220.0	3.28	10.80	426.0	0.57	5.05	3.0	-58.21	281.99	0.084	0.00e+00	3.60e-04
1805	16/03/2008	04:00	3.90	210.0	2.11	10.90	195.9	0.33	6.22	3.0	-33.86	95.50	0.084	0.00e+00	3.61e-04
1806	16/03/2008	05:00	3.00	160.0	1.63	8.80	164.3	0.25	7.07	3.0	-26.12	90.00	0.084	0.00e+00	3.50e-04
1807	16/03/2008	06:00	5.00	190.0	2.78	9.30	350.6	0.48	5.47	5.0	-42.39	226.93	0.072	0.00e+00	3.53e-04
1808	16/03/2008	07:00	6.20	180.0	3.45	10.40	1856.0	0.64	4.96	5.0	24.43	-958.94	-0.031	1.63e-03	3.58e-04
1809	16/03/2008	08:00	4.70	180.0	2.59	10.60	1913.2	0.51	5.74	5.0	76.09	-155.17	-0.122	3.45e-03	3.59e-04
1810	16/03/2008	09:00	6.00	190.0	3.32	12.10	1973.5	0.63	5.07	7.0	75.42	-298.80	-0.098	2.97e-03	3.67e-04
1811	16/03/2008	10:00	8.00	180.0	4.42	12.80	2404.5	0.83	4.38	7.0	95.85	-531.36	-0.095	3.53e-03	3.71e-04
1812	16/03/2008	11:00	6.70	190.0	3.70	13.00	2471.1	0.71	4.80	7.0	108.68	-288.80	-0.127	3.85e-03	3.72e-04
1813	16/03/2008	12:00	8.50	190.0	4.69	13.70	2552.3	0.88	4.25	7.0	112.72	-540.42	-0.106	3.95e-03	3.75e-04
1814	16/03/2008	13:00	5.10	180.0	2.82	13.20	2582.2	0.54	5.50	8.0	52.13	-269.26	-0.080	1.84e-03	3.73e-04
1815	16/03/2008	14:00	4.40	250.0	2.43	13.00	2604.9	0.47	5.92	7.0	40.76	-226.01	-0.072	3.53e-03	3.72e-04
1816	16/03/2008	15:00	6.90	230.0	3.82	12.40	2650.3	0.72	4.72	7.0	75.36	-440.25	-0.086	2.97e-03	3.69e-04
1817	16/03/2008	16:00	4.50	220.0	2.49	12.00	2675.9	0.48	5.86	7.0	48.43	-205.58	-0.083	2.13e-03	3.67e-04
1818	16/03/2008	17:00	4.80	220.0	2.67	12.20	2686.9	0.50	5.64	7.0	17.05	-650.98	-0.028	1.00e-03	3.68e-04
1819	16/03/2008	18:00	3.80	210.0	2.12	11.40	257.5	0.35	6.25	7.0	-23.96	164.32	0.056	0.00e+00	3.63e-04
1820	16/03/2008	19:00	4.20	210.0	2.34	10.80	305.9	0.40	5.96	7.0	-27.11	209.05	0.056	0.00e+00	3.60e-04
1821	16/03/2008	20:00	4.00	190.0	2.23	10.60	281.3	0.38	6.10	7.0	-25.58	185.73	0.056	0.00e+00	3.59e-04
1822	16/03/2008	21:00	5.20	200.0	2.91	10.70	433.8	0.51	5.36	7.0	-34.69	341.90	0.056	0.00e+00	3.60e-04
1823	16/03/2008	22:00	5.60	190.0	3.16	10.70	540.8	0.56	5.15	8.0	-30.93	511.08	0.045	0.00e+00	3.60e-04
1824	16/03/2008	23:00	6.40	190.0	3.62	10.90	660.6	0.65	4.82	8.0	-35.66	680.83	0.045	0.00e+00	3.61e-04
1825	17/03/2008	00:00	5.00	200.0	2.81	10.90	454.7	0.50	5.46	8.0	-27.31	399.34	0.045	0.00e+00	3.61e-04
1826	17/03/2008	01:00	4.60	220.0	2.59	10.10	398.4	0.45	5.69	8.0	-24.95	330.60	0.045	0.00e+00	3.57e-04
1827	17/03/2008	02:00	4.50	310.0	2.53	8.70	383.7	0.44	5.75	8.0	-24.45	312.81	0.045	0.00e+00	3.50e-04
1828	17/03/2008	03:00	1.20	290.0	1.00	8.30	98.7	0.11	10.99	8.0	-2.66	90.00	0.021	0.00e+00	3.48e-04
1829	17/03/2008	04:00	1.60	230.0	1.00	7.90	116.2	0.14	9.57	8.0	-5.50	90.00	0.032	0.00e+00	3.46e-04
1830	17/03/2008	05:00	1.00	140.0	1.00	7.70	88.9	0.09	11.99	8.0	-1.69	90.00	0.015	0.00e+00	3.45e-04
1831	17/03/2008	06:00	1.80	160.0	1.00	7.60	124.1	0.16	9.05	8.0	-7.42	90.00	0.039	0.00e+00	3.44e-04
1832	17/03/2008	07:00	2.00	230.0	1.11	8.30	636.5	0.22	8.79	8.0	7.01	-134.78	-0.026	4.97e-04	3.48e-04
1833	17/03/2008	08:00	1.00	200.0	1.00	8.60	681.3	0.16	11.68	8.0	22.63	-16.58	-0.114	1.03e-03	3.49e-04
1834	17/03/2008	09:00	1.50	260.0	1.00	9.20	747.9	0.22	9.78	8.0	36.01	-24.74	-0.136	1.43e-03	3.52e-04
1835	17/03/2008	10:00	1.20	250.0	1.00	9.30	824.3	0.21	10.37	8.0	46.18	-16.59	-0.183	1.70e-03	3.53e-04
1836	17/03/2008	11:00	1.70	300.0	1.06	9.60	904.4	0.25	9.04	8.0	52.55	-26.34	-0.172	1.85e-03	3.54e-04
1837	17/03/2008	12:00	2.80	310.0	1.56	9.50	984.0	0.33	7.45	8.0	54.72	-58.77	-0.135	1.90e-03	3.54e-04
1838	17/03/2008	13:00	3.50	320.0	1.93	9.20	1131.5	0.39	6.67	8.0	52.56	-100.97	-0.109	1.85e-03	3.52e-04
1839	17/03/2008	14:00	3.50	320.0	1.95	9.30	1154.4	0.37	6.62	8.0	15.01	-302.93	-0.033	1.70e-03	3.53e-04
1840	17/03/2008	15:00	1.20	300.0	1.00	9.20	1194.0	0.20	10.53	8.0	36.01	-18.42	-0.150	1.43e-03	3.52e-04
1841	17/03/2008	16:00	3.00	320.0	1.66	9.50	1221.8	0.33	7.19	8.0	22.85	-137.65	-0.057	1.03e-03	3.54e-04
1842	17/03/2008	17:00	3.20	330.0	1.79	9.60	1233.5	0.34	6.90	8.0	7.52	-451.50	-0.018	4.97e-04	3.54e-04
1843	17/03/2008	18:00	3.60	310.0	2.01	9.20	265.4	0.34	6.42	8.0	-18.81	186.05	0.045	0.00e+00	3.52e-04
1844	17/03/2008	19:00	3.60	320.0	2.01	9.00	265.3	0.34	6.42	8.0	-18.82	185.88	0.045	0.00e+00	3.51e-04
1845	17/03/2008	20:00	4.40	360.0	2.47	7.50	369.3	0.43	5.81	8.0	-23.93	295.78	0.045	0.00e+00	3.44e-04
1846	17/03/2008	21:00	5.10	350.0	2.87	7.20	465.8	0.51	5.40	8.0	-28.25	410.98	0.045	0.00e+00	3.42e-04
1847	17/03/2008	22:00	4.70	350.0	2.64	6.80	409.7	0.46	5.63	8.0	-25.84	342.26	0.045	0.00e+00	3.40e-04
1848	17/03/2008	23:00	4.10	360.0	2.28	6.50	264.8	0.38	6.03	6.0	-30.47	159.67	0.065	0.00e+00	3.39e-04
1849	18/03/2008	00:00	3.50	350.0	1.91	5.90	190.5	0.30	6.55	6.0	-24.29	100.86	0.065	0.00e+00	3.36e-04
1850	18/03/2008	01:00	5.30	350.0	2.96	5.80	408.3	0.52	5.31	6.0	-41.41	292.82	0.065	0.00e+00	3.35e-04
1851	18/03/2008	02:00	5.50	350.0	3.07	5.20	432.9	0.54	5.22	6.0	-43.27	317.67	0.065	0.00e+00	3.32e-04
1852	18/03/2008	03:00	6.50	340.0	3.64	4.50	562.0	0.65	4.80	6.0	-52.20	458.79	0.065	0.00e+00	3.29e-04
1853	18/03/2008	04:00	5.60	350.0	3.14	4.40	481.7	0.56	5.16	7.0	-38.46	392.93	0.056	0.00e+00	3.28e-04
1854	18/03/2008	05:00	5.50	360.0	3.08	4.10	468.1	0.54	5.21	7.0	-37.74	377.09	0.056	0.00e+00	3.27e-04
1855	18/03/2008	06:00	5.50	350.0	3.07	3.50	431.5	0.54	5.22	6.0	-43.52	315.41	0.065	0.00e+00	3.24e-04
1856	18/03/2008	07:00	7.10	340.0	3.94	3.70	2117.5	0.73	4.64	4.0	26.98	-1289.50	-0.029	1.91e-03	3.25e-04
1857	18/03/2008	08:00	5.90	340.0	3.26	4.70	2176.4	0.63	5.12	2.0	87.19	-250.15	-0.112	4.16e-03	3.30e-04
1858	18/03/2008	09:00	6.80	350.0	3.75	5.90	2267.5	0.72	4.77	2.0	140.96	-237.79	-0.157	5.73e-03	3.36e-04
1859	18/03/2008	10:00	6.40	350.0	3.54	6.80	2375.1	0.70	4.92	2.0	181.44	-163.67	-0.211	6.78e-03	3.40e-04
1860	18/03/2008	11:00	7.40	360.0	4.08	8.10	2493.8	0.79	4.57	3.0	204.25	-214.60	-0.210	7.23e-03	3.47e-04
1861	18/03/2008	12:00	8.20	350.0	4.52	9.40	2613.9	0.87	4.34	3.0	210.84	-273.65	-0.198	7.42e-03	3.53e-04
1862	18/03/2008	13:00	7.50	360.0	4.14	9.50	2721.1	0.80	4.54	3.0	202.23	-224.17	-0.206	7.23e-03	3.54e-04
1863	18/03/2008	14:00	8.20	360.0	4.52	9.90	2815.3	0.86	4.34	3.0	176.95	-320.60	-0.168	6.65e-03	3.56e-04
1864	18/03/2008	15:00	8.80	350.0	4.86	9.70	2890.3	0.92	4.18	1.0	135.30	-500.94	-0.121	5.76e-03	3.55e-04
1865	18/03/2008	16:00	8.40	350.0	4.65	9.30	2938.4	0.87	4.27	1.0	82.74	-703.16	-0.078	4.19e-03	3.53e-04
1866	18/03/2008	17:00	8.70	350.0	4.83	8.20	2960.3	0.89	4.18	1.0	20.87	-3016.21	-0.019	2.06e-03	3.47e-04
1867	18/03/2008	18:00	7.20	350.0	4.01	6.90	561.2	0.71	4.57	1.0	-78.27	402.38	0.089	0.00e+00	3.41e-04
1868	18/03/2008	19:00	6.90	340.0	3.84	6.10	524.0	0.68	4.67	1.0	-74.86	364.95	0.089	0.00e+00	3.37e-04
1869	18/03/2008	20:00	6.30	340.0	3.50	5.40	452.3	0.61	4.89	1.0	-67.74	296.54	0.089	0.00e+00	3.33e-04
1870	18/03/2008	21:00	5.70	340.0	3.16	4.60	383.0	0.54	5.13	1.0	-60.51	234.62	0.089	0.00e+00	3.29e-04
1871	18/03/2008	22:00	5.90	340.0	3.27	4.10	405.2	0.57	5.05	1.0	-63.09	253.68	0.089	0.00e+00	3.27e-04
1872	18/03/2008	23:00	5.50	340.0	3.04	3.50	358.1	0.52	5.23	0.0	-58.63	212.59	0.090	0.00e+00	3.24e-04
1873	19/03/2008	00:00	5.30	340.0	2.93	3.00	335.7	0.50	5.32	0.0	-56.18	194.15	0.090	0.00e+00	3.21e-04
1874	19/03/2008	01:00	3.70	340.0	1.99	2.50	184.1	0.31	6.39	0.0	-35.18	90.00	0.090	0.00e+00	3.19e-04
1875	19/03/2008	02:00	4.20	340.0	2.28	1.90	212.4	0.36	5.99	0.0	-41.08	102.58	0.090	0.00e+00	3.16e-04
1876	19/03/2008	03:00	3.90	360.0	2.10	1.40	189.3	0.33	6.23	0.0	-37.17	90.00	0.090	0.00e+00	3.14e-04
1877	19/03/2008	04:00	1.90	350.0	1.05	0.90	127.9	0.16	8.82	0.0	-8.52	90.00	0.041	0.00e+00	3.11e-04
1878	19/03/2008	05:00	3.50	350.0	1.89	0.60	178.6	0.30	6.57	0.0	-33.58	90.00	0.090	0.00e+00	3.10e-04
1879	19/03/2008	06:00	3.60	350.0	1.94	0.30	181.4	0.30	6.48	1.0	-34.27	90.00	0.089	0.00e+00	3.08e-04
1880	19/03/2008	07:00	3.60	350.0	2.00	1.70	1113.4	0.39	6.54	1.0	21.53	-234.87	-0.044	2.12e-03	3.15e-04
1881	19/03/2008	08:00	4.70	10.0	2.60	3.40	1487.4	0.52	5.75	1.0	86.81	-138.88	-0.135	4.25e-03	3.23e-04
1882	19/03/2008	09:00	6.30	360.0	3.48	5.40	1957.7	0.68	4.96	2.0	143.32	-191.81	-0.170	5.78e-03	3.33e-04
1883	19/03/2008	10:00	6.50	360.0	3.59	6.90	2083.4	0.70	4.88	1.0	181.02	-170.51	-0.208	6.87e-03	3.41e-04
1884	19/03/2008	11:00	7.70	10.0	4.25	7.70	2369.6	0.82	4.48	2.0	207.93	-234.43	-0.206	7.42e-03	3.45e-04
1885	19/03/2008	12:00	7.40	350.0	4.09	7.70	2494.0	0.79	4.57	3.0	215.29	-205.13	-0.220	7.46e-03	3.45e-04
1886	19/03/2008	13:00	7.70	350.0	4.25	8.00	2605.6	0.82	4.48	4.0	199.27	-243.36	-0.198	6.94e-03	3.46e-04
1887	19/03/2008	14:00	8.30	340.0	4.58	8.10	2706.2	0.87	4.31	3.0	180.96	-324.65	-0.168	6.69e-03	3.47e-04
1888	19/03/2008	15:00	8.50	340.0	4.69	8.50	2785.3	0.89	4.26	3.0	140.64	-438.15	-0.129	5.66e-03	3.49e-04
1889	19/03/2008	16:00	8.00	360.0	4.42	7.80	2835.8	0.83	4.38	4.0	87.39	-580.44	-0.085	3.95e-03	3.45e-04
1890	19/03/2008	17:00	7.40	360.0	4.11	7.10	2857.3	0.76	4.54	4.0	29.22	-1345.08	-0.031	1.98e-03	3.42e-04
1891	19/03/2008	18:00	4.50	350.0	2.49	5.70	275.3	0.42	5.76	4.0	-40.59	155.78	0.079	0.00e+00	3.35e-04
1892	19/03/2008	19:00	8.40	340.0	4.69	5.00	732.6	0.84	4.23	3.0	-87.62	600.51	0.084	0.00e+00	3.31e-04
1893	19/03/2008	20:00	6.70	350.0	3.73	4.30	515.9	0.66	4.74	3.0	-68.63	365.65	0.084	0.00e+00	3.28e-04
1894	19/03/2008	21:00	6.40	340.0	3.56	3.90	479.3	0.62	4.85	3.0	-65.29	329.48	0.084	0.00e+00	3.26e-04
1895	19/03/2008	22:00	7.30	350.0	4.07	3.40	576.8	0.72	4.54	2.0	-78.64	420.18	0.087	0.00e+00	3.23e-04
1896	19/03/2008	23:00	4.50	350.0	2.48	2.70	255.5	0.41	5.76	2.0	-44.64	134.40	0.087	0.00e+00	3.20e-04
1897	20/03/2008	00:00	4.80	350.0	2.65	2.30	287.2	0.44	5.58	2.0	-48.51	158.03	0.087	0.00e+00	3.18e-04
1898	20/03/2008	01:00	6.90	350.0	3.84	2.40	520.3	0.68	4.67	1.0	-75.79	359.39	0.089	0.00e+00	3.18e-04
1899	20/03/2008	02:00	4.00	360.0	2.15	1.70	191.9	0.34	6.16	1.0	-37.75	90.00	0.089	0.00e+00	3.15e-04
1900	20/03/2008	03:00	4.30	350.0	2.36	1.60	227.3	0.38	5.90	1.0	-42.68	112.98	0.089	0.00e+00	3.15e-04
1901	20/03/2008	04:00	4.80	350.0	2.65	1.40	282.2	0.44	5.58	1.0	-49.65	152.57	0.089	0.00e+00	3.14e-04
1902	20/03/2008	05:00	4.60	350.0	2.54	1.30	261.0	0.42	5.70	1.0	-47.05	136.86	0.089	0.00e+00	3.13e-04
1903	20/03/2008	06:00	4.80	340.0	2.65	1.30	282.1	0.44	5.58	1.0	-49.67	152.50	0.089	0.00e+00	3.13e-04
1904	20/03/2008	07:00	6.10	340.0	3.39	1.90	1826.5	0.63	5.00	1.0	23.53	-948.92	-0.030	2.19e-03	3.16e-04
1905	20/03/2008	08:00	7.00	350.0	3.87	3.40	2119.2	0.73	4.69	1.0	88.76	-392.89	-0.097	4.31e-03	3.23e-04
1906	20/03/2008	09:00	8.10	360.0	4.47	5.10	2452.1	0.85	4.36	2.0	145.50	-371.25	-0.138	5.83e-03	3.32e-04
1907	20/03/2008	10:00	6.60	360.0	3.65	5.40	2554.3	0.72	4.84	2.0	187.05	-172.45	-0.211	6.87e-03	3.33e-04
1908	20/03/2008	11:00	6.00	360.0	3.34	6.50	2662.0	0.67	5.07	3.0	210.34	-124.54	-0.255	7.31e-03	3.39e-04
1909	20/03/2008	12:00	7.40	360.0	4.08	6.60	2762.3	0.79	4.57	5.0	194.75	-223.64	-0.199	6.54e-03	3.39e-04
1910	20/03/2008	13:00	6.50	360.0	3.59	7.40	2820.9	0.69	4.88	7.0	115.77	-251.33	-0.136	3.93e-03	3.43e-04
1911	20/03/2008	14:00	7.20	340.0	3.97	7.40	2891.0	0.76	4.63	6.0	139.91	-278.96	-0.149	4.97e-03	3.43e-04
1912	20/03/2008	15:00	5.30	340.0	2.93	7.30	2942.0	0.58	5.41	6.0	110.29	-153.95	-0.155	4.21e-03	3.43e-04
1913	20/03/2008	16:00	5.30	340.0	2.93	7.00	2967.4	0.56	5.39	7.0	52.32	-298.00	-0.075	2.26e-03	3.41e-04
1914	20/03/2008	17:00	3.30	10.0	1.84	6.20	2971.3	0.35	6.79	8.0	7.66	-483.19	-0.018	5.49e-04	3.37e-04
1915	20/03/2008	18:00	1.90	30.0	1.05	5.70	127.9	0.16	8.82	8.0	-8.52	90.00	0.042	0.00e+00	3.35e-04
1916	20/03/2008	19:00	1.70	330.0	1.00	5.40	120.2	0.15	9.30	8.0	-6.42	90.00	0.035	0.00e+00	3.33e-04
1917	20/03/2008	20:00	2.00	330.0	1.10	5.00	131.6	0.17	8.60	8.0	-9.64	90.00	0.045	0.00e+00	3.31e-04
1918	20/03/2008	21:00	1.00	0.0	1.00	4.70	88.9	0.09	11.99	8.0	-1.69	90.00	0.015	0.00e+00	3.30e-04
1919	20/03/2008	22:00	1.00	180.0	1.00	3.70	88.9	0.09	11.99	7.0	-1.69	90.00	0.015	0.00e+00	3.25e-04
1920	20/03/2008	23:00	2.10	160.0	1.16	2.60	135.2	0.18	8.40	7.0	-11.02	90.00	0.049	0.00e+00	3.19e-04
1921	21/03/2008	00:00	2.70	180.0	1.47	3.40	155.2	0.23	7.44	7.0	-15.97	90.00	0.056	0.00e+00	3.23e-04
1922	21/03/2008	01:00	2.70	170.0	1.47	3.70	155.2	0.23	7.44	7.0	-15.95	90.00	0.056	0.00e+00	3.25e-04
1923	21/03/2008	02:00	2.40	170.0	1.31	3.70	145.5	0.21	7.88	7.0	-14.24	90.00	0.056	0.00e+00	3.25e-04
1924	21/03/2008	03:00	4.20	150.0	2.34	3.00	300.9	0.40	5.96	7.0	-27.79	201.99	0.056	0.00e+00	3.21e-04
1925	21/03/2008	04:00	4.00	170.0	2.23	3.20	276.8	0.38	6.10	7.0	-26.18	179.66	0.056	0.00e+00	3.22e-04
1926	21/03/2008	05:00	4.70	170.0	2.64	3.40	407.1	0.46	5.63	8.0	-26.13	337.46	0.045	0.00e+00	3.23e-04
1927	21/03/2008	06:00	3.90	180.0	2.24	3.10	451.9	0.40	6.12	8.0	-10.33	550.01	0.021	0.00e+00	3.22e-04
1928	21/03/2008	07:00	6.00	170.0	3.37	3.10	1016.6	0.62	5.01	8.0	-7.99	2578.79	0.010	5.66e-04	3.22e-04
1929	21/03/2008	08:00	5.60	180.0	3.13	3.60	1665.7	0.58	5.20	8.0	3.28	-5167.59	-0.005	1.09e-03	3.24e-04
1930	21/03/2008	09:00	7.00	180.0	3.90	3.80	2081.5	0.72	4.66	8.0	12.84	-2573.10	-0.014	1.48e-03	3.25e-04
1931	21/03/2008	10:00	6.10	180.0	3.39	4.50	2102.2	0.63	5.00	8.0	19.71	-1127.82	-0.025	1.74e-03	3.29e-04
1932	21/03/2008	11:00	5.50	180.0	3.06	5.60	2122.4	0.57	5.27	8.0	23.33	-710.33	-0.033	1.89e-03	3.34e-04
1933	21/03/2008	12:00	6.90	190.0	3.83	6.00	2149.3	0.71	4.70	8.0	24.48	-1305.33	-0.028	1.94e-03	3.36e-04
1934	21/03/2008	13:00	6.30	180.0	3.50	6.20	2171.8	0.65	4.92	8.0	22.81	-1073.60	-0.028	1.89e-03	3.37e-04
1935	21/03/2008	14:00	6.80	180.0	3.78	6.90	2193.5	0.70	4.73	8.0	17.95	-1697.54	-0.021	1.74e-03	3.41e-04
1936	21/03/2008	15:00	7.10	210.0	3.93	9.10	2252.6	0.74	4.65	7.0	80.96	-445.70	-0.089	3.10e-03	3.52e-04
1937	21/03/2008	16:00	4.50	300.0	2.52	6.30	2257.0	0.46	5.80	8.0	2.49	-3556.41	-0.004	1.09e-03	3.38e-04
1938	21/03/2008	17:00	1.70	290.0	1.00	5.30	120.2	0.15	9.30	8.0	-6.42	90.00	0.035	5.66e-04	3.33e-04
1939	21/03/2008	18:00	4.70	210.0	2.75	5.20	508.5	0.49	5.52	8.0	-19.57	537.97	0.032	0.00e+00	3.32e-04
1940	21/03/2008	19:00	3.50	220.0	1.94	5.00	218.4	0.32	6.51	7.0	-22.00	129.35	0.056	0.00e+00	3.31e-04
1941	21/03/2008	20:00	1.40	190.0	1.00	4.60	107.7	0.12	10.21	7.0	-3.92	90.00	0.026	0.00e+00	3.29e-04
1942	21/03/2008	21:00	3.20	230.0	1.74	4.60	176.8	0.27	6.85	7.0	-19.02	96.26	0.056	0.00e+00	3.29e-04
1943	21/03/2008	22:00	3.60	260.0	2.00	4.30	229.8	0.33	6.42	7.0	-22.86	138.69	0.056	0.00e+00	3.28e-04
1944	21/03/2008	23:00	2.40	270.0	1.31	4.40	145.5	0.21	7.88	7.0	-14.21	90.00	0.056	0.00e+00	3.28e-04
1945	22/03/2008	00:00	2.20	270.0	1.21	4.20	138.7	0.19	8.21	7.0	-12.42	90.00	0.053	0.00e+00	3.27e-04
1946	22/03/2008	01:00	1.50	310.0	1.00	3.60	112.0	0.13	9.88	7.0	-4.67	90.00	0.029	0.00e+00	3.24e-04
1947	22/03/2008	02:00	2.40	240.0	1.31	2.30	145.5	0.21	7.88	7.0	-14.32	90.00	0.056	0.00e+00	3.18e-04
1948	22/03/2008	03:00	2.10	230.0	1.16	2.80	135.2	0.18	8.40	7.0	-11.02	90.00	0.049	0.00e+00	3.20e-04
1949	22/03/2008	04:00	2.30	200.0	1.26	2.50	142.1	0.20	8.04	6.0	-13.92	90.00	0.056	0.00e+00	3.19e-04
1950	22/03/2008	05:00	2.70	230.0	1.47	1.90	155.2	0.23	7.44	5.0	-20.94	90.00	0.072	0.00e+00	3.16e-04
1951	22/03/2008	06:00	3.30	210.0	1.79	2.60	173.0	0.28	6.76	6.0	-21.89	90.00	0.063	0.00e+00	3.19e-04
1952	22/03/2008	07:00	4.10	200.0	2.28	3.40	1252.2	0.43	6.11	7.0	20.60	-349.23	-0.038	1.22e-03	3.23e-04
1953	22/03/2008	08:00	4.00	180.0	2.22	3.60	1283.1	0.43	6.20	8.0	24.04	-282.64	-0.045	1.11e-03	3.24e-04
1954	22/03/2008	09:00	5.00	190.0	2.77	4.20	1524.3	0.53	5.54	8.0	38.00	-341.49	-0.058	1.49e-03	3.27e-04
1955	22/03/2008	10:00	4.30	190.0	2.39	5.20	1615.1	0.49	6.00	7.0	105.34	-96.10	-0.174	3.67e-03	3.32e-04
1956	22/03/2008	11:00	1.30	260.0	1.00	4.60	1634.2	0.18	10.66	8.0	24.51	-22.61	-0.107	1.90e-03	3.29e-04
1957	22/03/2008	12:00	3.00	190.0	1.66	5.50	1655.4	0.33	7.20	8.0	25.24	-126.34	-0.061	1.95e-03	3.34e-04
1958	22/03/2008	13:00	6.20	330.0	3.42	6.90	1914.6	0.66	5.00	7.0	118.07	-217.81	-0.144	3.98e-03	3.41e-04
1959	22/03/2008	14:00	3.10	320.0	1.79	7.20	1984.0	0.39	6.94	7.0	104.23	-49.89	-0.217	3.67e-03	3.42e-04
1960	22/03/2008	15:00	3.00	330.0	1.78	7.90	2056.3	0.39	6.97	6.0	112.61	-46.17	-0.235	4.29e-03	3.46e-04
1961	22/03/2008	16:00	3.60	350.0	2.01	6.70	2114.9	0.42	6.54	4.0	93.07	-70.61	-0.179	4.11e-03	3.40e-04
1962	22/03/2008	17:00	1.10	360.0	1.00	7.90	2127.8	0.17	11.40	7.0	21.52	-18.90	-0.105	1.22e-03	3.46e-04
1963	22/03/2008	18:00	4.20	320.0	2.46	5.80	463.1	0.44	5.84	7.0	-14.73	506.58	0.027	0.00e+00	3.35e-04
1964	22/03/2008	19:00	2.50	10.0	1.37	4.40	148.8	0.21	7.72	7.0	-14.78	90.00	0.056	0.00e+00	3.28e-04
1965	22/03/2008	20:00	1.00	250.0	1.00	2.30	88.9	0.09	11.99	7.0	-1.69	90.00	0.015	0.00e+00	3.18e-04
1966	22/03/2008	21:00	1.30	20.0	1.00	3.10	103.3	0.11	10.58	7.0	-3.25	90.00	0.023	0.00e+00	3.22e-04
1967	22/03/2008	22:00	1.00	140.0	1.00	3.20	88.9	0.09	11.99	8.0	-1.69	90.00	0.015	0.00e+00	3.22e-04
1968	22/03/2008	23:00	1.00	140.0	1.00	3.30	88.9	0.09	11.99	8.0	-1.69	90.00	0.015	0.00e+00	3.23e-04
1969	23/03/2008	00:00	2.90	240.0	1.59	2.80	169.8	0.25	7.18	8.0	-14.17	98.62	0.045	0.00e+00	3.20e-04
1970	23/03/2008	01:00	1.80	230.0	1.00	2.10	124.1	0.16	9.05	7.0	-7.42	90.00	0.038	0.00e+00	3.17e-04
1971	23/03/2008	02:00	1.00	340.0	1.00	2.00	88.9	0.09	11.99	6.0	-1.69	90.00	0.015	0.00e+00	3.17e-04
1972	23/03/2008	03:00	1.20	20.0	1.00	2.20	98.7	0.11	10.99	8.0	-2.66	90.00	0.020	0.00e+00	3.18e-04
1973	23/03/2008	04:00	1.00	0.0	1.00	2.10	88.9	0.09	11.99	8.0	-1.69	90.00	0.015	0.00e+00	3.17e-04
1974	23/03/2008	05:00	1.00	0.0	1.00	2.40	88.9	0.09	11.99	8.0	-1.69	90.00	0.015	0.00e+00	3.18e-04
1975	23/03/2008	06:00	1.30	360.0	1.00	1.60	103.3	0.11	10.58	7.0	-3.25	90.00	0.023	0.00e+00	3.15e-04
1976	23/03/2008	07:00	2.30	320.0	1.28	2.30	722.6	0.25	8.18	8.0	7.93	-174.38	-0.025	5.99e-04	3.18e-04
1977	23/03/2008	08:00	5.40	340.0	3.00	2.70	1626.0	0.56	5.32	8.0	24.40	-645.37	-0.035	1.12e-03	3.20e-04
1978	23/03/2008	09:00	4.10	350.0	2.26	2.00	1666.9	0.45	6.15	7.0	48.00	-162.24	-0.086	3.15e-03	3.17e-04
1979	23/03/2008	10:00	5.30	10.0	2.95	2.40	1692.3	0.55	5.37	8.0	21.93	-678.17	-0.032	1.76e-03	3.18e-04
1980	23/03/2008	11:00	6.20	330.0	3.44	2.20	1857.6	0.64	4.96	8.0	26.91	-872.67	-0.033	1.91e-03	3.18e-04
1981	23/03/2008	12:00	7.80	330.0	4.33	3.00	2320.8	0.80	4.42	8.0	27.84	-1645.38	-0.028	1.96e-03	3.21e-04
1982	23/03/2008	13:00	6.90	330.0	3.82	2.30	2360.7	0.72	4.71	8.0	56.08	-583.22	-0.062	1.91e-03	3.18e-04
1983	23/03/2008	14:00	8.00	330.0	4.43	2.60	2401.7	0.83	4.37	8.0	49.25	-1011.51	-0.047	1.76e-03	3.19e-04
1984	23/03/2008	15:00	7.90	340.0	4.37	2.50	2459.6	0.82	4.41	7.0	85.31	-573.16	-0.083	3.15e-03	3.19e-04
1985	23/03/2008	16:00	6.70	360.0	3.70	3.30	2516.2	0.71	4.80	4.0	96.45	-322.22	-0.109	4.16e-03	3.23e-04
1986	23/03/2008	17:00	4.80	10.0	2.66	2.90	2537.0	0.51	5.66	4.0	35.94	-321.34	-0.056	2.23e-03	3.21e-04
1987	23/03/2008	18:00	2.40	360.0	1.31	1.50	145.5	0.21	7.88	4.0	-15.54	90.00	0.060	0.00e+00	3.14e-04
1988	23/03/2008	19:00	1.10	340.0	1.00	1.00	93.9	0.10	11.46	5.0	-2.14	90.00	0.017	0.00e+00	3.12e-04
1989	23/03/2008	20:00	1.00	0.0	1.00	0.40	88.9	0.09	11.99	5.0	-1.69	90.00	0.015	0.00e+00	3.09e-04
1990	23/03/2008	21:00	1.50	140.0	1.00	-0.70	112.0	0.13	9.88	5.0	-4.67	90.00	0.028	0.00e+00	3.04e-04
1991	23/03/2008	22:00	1.80	180.0	1.00	-1.40	124.1	0.16	9.05	6.0	-7.42	90.00	0.037	0.00e+00	3.00e-04
1992	23/03/2008	23:00	2.50	160.0	1.37	-1.60	148.8	0.21	7.72	6.0	-17.27	90.00	0.064	0.00e+00	2.99e-04
1993	24/03/2008	00:00	1.50	140.0	1.00	-2.10	112.0	0.13	9.88	6.0	-4.67	90.00	0.028	0.00e+00	2.97e-04
1994	24/03/2008	01:00	1.90	140.0	1.05	-1.90	127.9	0.16	8.82	7.0	-8.52	90.00	0.041	0.00e+00	2.98e-04
1995	24/03/2008	02:00	1.00	150.0	1.00	-1.80	88.9	0.09	11.99	7.0	-1.69	90.00	0.015	0.00e+00	2.98e-04
1996	24/03/2008	03:00	1.20	150.0	1.00	-1.10	98.7	0.11	10.99	7.0	-2.66	90.00	0.020	0.00e+00	3.02e-04
1997	24/03/2008	04:00	3.10	220.0	1.72	-0.30	197.5	0.28	6.91	8.0	-15.98	121.24	0.045	0.00e+00	3.06e-04
1998	24/03/2008	05:00	1.80	220.0	1.00	-1.00	124.1	0.16	9.05	8.0	-7.42	90.00	0.038	0.00e+00	3.02e-04
1999	24/03/2008	06:00	2.90	190.0	1.58	-1.00	167.5	0.25	7.18	8.0	-14.29	96.23	0.045	0.00e+00	3.02e-04
2000	24/03/2008	07:00	2.40	170.0	1.33	-0.70	749.6	0.26	8.00	8.0	7.68	-200.82	-0.023	6.16e-04	3.04e-04
2001	24/03/2008	08:00	1.80	260.0	1.00	0.40	574.1	0.20	9.27	8.0	5.27	-131.51	-0.021	1.13e-03	3.09e-04
2002	24/03/2008	09:00	3.00	320.0	1.66	0.40	936.5	0.32	7.17	8.0	15.73	-191.26	-0.038	1.52e-03	3.09e-04
2003	24/03/2008	10:00	1.00	360.0	1.00	1.70	1019.7	0.19	11.39	7.0	65.44	-9.30	-0.273	3.72e-03	3.15e-04
2004	24/03/2008	11:00	5.90	340.0	3.26	3.50	1836.5	0.64	5.12	7.0	122.43	-185.36	-0.154	4.02e-03	3.24e-04
2005	24/03/2008	12:00	6.30	320.0	3.48	4.90	1946.9	0.67	4.96	7.0	126.16	-214.30	-0.150	4.12e-03	3.31e-04
2006	24/03/2008	13:00	6.60	320.0	3.64	4.80	2036.3	0.70	4.84	7.0	121.49	-250.73	-0.139	4.02e-03	3.30e-04
2007	24/03/2008	14:00	4.50	300.0	2.49	5.10	2105.3	0.50	5.87	7.0	107.38	-105.35	-0.171	3.72e-03	3.32e-04
2008	24/03/2008	15:00	3.90	300.0	2.16	4.40	2130.7	0.42	6.30	8.0	38.96	-170.90	-0.074	1.52e-03	3.28e-04
2009	24/03/2008	16:00	3.80	300.0	2.11	4.10	2147.6	0.41	6.37	8.0	25.08	-236.59	-0.049	1.13e-03	3.27e-04
2010	24/03/2008	17:00	3.10	280.0	1.73	4.30	2153.9	0.33	7.02	8.0	8.97	-349.85	-0.022	6.16e-04	3.28e-04
2011	24/03/2008	18:00	1.50	260.0	1.00	4.10	112.0	0.13	9.88	8.0	-4.67	90.00	0.029	0.00e+00	3.27e-04
2012	24/03/2008	19:00	3.10	230.0	1.73	3.50	200.0	0.28	6.90	8.0	-15.84	124.11	0.045	0.00e+00	3.24e-04
2013	24/03/2008	20:00	3.70	190.0	2.07	1.90	273.9	0.35	6.33	8.0	-19.89	192.42	0.045	0.00e+00	3.16e-04
2014	24/03/2008	21:00	2.00	200.0	1.10	0.60	131.6	0.17	8.60	8.0	-9.72	90.00	0.045	0.00e+00	3.10e-04
2015	24/03/2008	22:00	1.80	170.0	1.00	0.50	124.1	0.16	9.05	7.0	-7.42	90.00	0.038	0.00e+00	3.09e-04
2016	24/03/2008	23:00	2.70	190.0	1.47	1.00	155.2	0.23	7.44	7.0	-16.11	90.00	0.056	0.00e+00	3.12e-04
2017	25/03/2008	00:00	1.00	210.0	1.00	1.40	88.9	0.09	11.99	7.0	-1.69	90.00	0.015	0.00e+00	3.14e-04
2018	25/03/2008	01:00	1.80	180.0	1.00	1.50	124.1	0.16	9.05	7.0	-7.42	90.00	0.038	0.00e+00	3.14e-04
2019	25/03/2008	02:00	1.10	210.0	1.00	1.70	93.9	0.10	11.46	7.0	-2.14	90.00	0.018	0.00e+00	3.15e-04
2020	25/03/2008	03:00	1.10	260.0	1.00	2.50	93.9	0.10	11.46	8.0	-2.14	90.00	0.018	0.00e+00	3.19e-04
2021	25/03/2008	04:00	1.80	300.0	1.00	3.10	124.1	0.16	9.05	8.0	-7.42	90.00	0.038	0.00e+00	3.22e-04
2022	25/03/2008	05:00	1.80	260.0	1.00	3.00	124.1	0.16	9.05	8.0	-7.42	90.00	0.038	0.00e+00	3.21e-04
2023	25/03/2008	06:00	1.00	0.0	1.00	2.70	88.9	0.09	11.99	7.0	-1.69	90.00	0.015	0.00e+00	3.20e-04
2024	25/03/2008	07:00	1.00	0.0	1.00	3.30	472.8	0.16	11.63	7.0	23.61	-16.40	-0.115	1.33e-03	3.23e-04
2025	25/03/2008	08:00	1.00	90.0	1.00	3.70	608.3	0.19	11.37	7.0	57.65	-10.13	-0.246	2.41e-03	3.25e-04
2026	25/03/2008	09:00	2.70	80.0	1.58	3.50	1007.1	0.35	7.40	7.0	86.90	-43.07	-0.199	3.20e-03	3.24e-04
2027	25/03/2008	10:00	1.00	0.0	1.00	4.10	1134.4	0.20	11.45	7.0	108.96	-6.65	-0.433	3.74e-03	3.27e-04
2028	25/03/2008	11:00	2.60	120.0	1.64	4.00	1266.7	0.37	7.26	7.0	123.05	-36.43	-0.266	4.04e-03	3.26e-04
2029	25/03/2008	12:00	1.60	140.0	1.07	4.40	1338.7	0.26	9.02	7.0	74.09	-21.07	-0.228	4.14e-03	3.28e-04
2030	25/03/2008	13:00	1.20	170.0	1.00	5.40	1448.6	0.23	10.47	7.0	122.03	-8.64	-0.430	4.04e-03	3.33e-04
2031	25/03/2008	14:00	1.40	160.0	1.00	6.00	1539.7	0.25	9.67	7.0	107.82	-12.58	-0.350	3.74e-03	3.36e-04
2032	25/03/2008	15:00	1.30	70.0	1.00	6.50	1608.5	0.23	10.01	7.0	85.71	-12.76	-0.299	3.20e-03	3.39e-04
2033	25/03/2008	16:00	2.90	70.0	1.61	6.10	1654.7	0.34	7.32	7.0	57.32	-61.42	-0.135	2.41e-03	3.37e-04
2034	25/03/2008	17:00	1.00	100.0	1.00	5.70	1673.0	0.16	11.62	7.0	24.00	-16.32	-0.118	1.33e-03	3.35e-04
2035	25/03/2008	18:00	2.10	110.0	1.16	5.10	135.2	0.18	8.40	7.0	-11.02	90.00	0.049	0.00e+00	3.32e-04
2036	25/03/2008	19:00	1.50	140.0	1.00	4.70	112.0	0.13	9.88	7.0	-4.67	90.00	0.029	0.00e+00	3.30e-04
2037	25/03/2008	20:00	2.30	140.0	1.26	4.40	142.1	0.20	8.04	7.0	-13.64	90.00	0.056	0.00e+00	3.28e-04
2038	25/03/2008	21:00	1.80	150.0	1.00	4.30	124.1	0.16	9.05	7.0	-7.42	90.00	0.038	0.00e+00	3.28e-04
2039	25/03/2008	22:00	1.30	160.0	1.00	4.10	103.3	0.11	10.58	7.0	-3.25	90.00	0.023	0.00e+00	3.27e-04
2040	25/03/2008	23:00	1.20	180.0	1.00	4.00	98.7	0.11	10.99	7.0	-2.66	90.00	0.020	0.00e+00	3.26e-04
2041	26/03/2008	00:00	1.70	160.0	1.00	3.70	120.2	0.15	9.30	7.0	-6.42	90.00	0.035	0.00e+00	3.25e-04
2042	26/03/2008	01:00	1.00	150.0	1.00	3.50	88.9	0.09	11.99	7.0	-1.69	90.00	0.015	0.00e+00	3.24e-04
2043	26/03/2008	02:00	1.50	130.0	1.00	3.30	112.0	0.13	9.88	7.0	-4.67	90.00	0.029	0.00e+00	3.23e-04
2044	26/03/2008	03:00	1.10	140.0	1.00	3.10	93.9	0.10	11.46	7.0	-2.14	90.00	0.018	0.00e+00	3.22e-04
2045	26/03/2008	04:00	1.90	160.0	1.05	2.90	127.9	0.16	8.82	7.0	-8.52	90.00	0.041	0.00e+00	3.21e-04
2046	26/03/2008	05:00	1.30	150.0	1.00	2.70	103.3	0.11	10.58	7.0	-3.25	90.00	0.023	0.00e+00	3.20e-04
2047	26/03/2008	06:00	1.70	140.0	1.00	2.50	120.2	0.15	9.30	7.0	-6.42	90.00	0.035	0.00e+00	3.19e-04
2048	26/03/2008	07:00	1.20	220.0	1.00	3.70	582.3	0.20	10.42	4.0	41.32	-17.50	-0.164	2.41e-03	3.25e-04
2049	26/03/2008	08:00	1.70	200.0	1.08	6.60	740.3	0.26	8.96	7.0	58.23	-25.53	-0.184	2.43e-03	3.39e-04
2050	26/03/2008	09:00	2.80	210.0	1.62	6.80	1025.2	0.36	7.31	7.0	86.56	-45.62	-0.197	3.23e-03	3.40e-04
2051	26/03/2008	10:00	2.70	180.0	1.65	8.20	1155.6	0.37	7.25	7.0	107.51	-40.29	-0.239	3.76e-03	3.47e-04
2052	26/03/2008	11:00	4.30	200.0	2.40	10.20	1419.8	0.49	5.99	7.0	119.68	-87.62	-0.199	4.06e-03	3.57e-04
2053	26/03/2008	12:00	5.40	190.0	2.98	11.30	1704.3	0.59	5.36	7.0	123.46	-146.92	-0.172	4.16e-03	3.63e-04
2054	26/03/2008	13:00	3.90	190.0	2.19	10.90	1795.8	0.46	6.27	7.0	119.24	-71.24	-0.214	4.06e-03	3.61e-04
2055	26/03/2008	14:00	4.40	180.0	2.43	11.60	1836.3	0.47	5.93	8.0	50.32	-187.23	-0.087	1.79e-03	3.64e-04
2056	26/03/2008	15:00	4.50	200.0	2.49	12.80	1899.8	0.50	5.87	7.0	84.59	-127.29	-0.141	3.23e-03	3.71e-04
2057	26/03/2008	16:00	3.60	170.0	1.99	12.20	1941.0	0.40	6.57	7.0	57.80	-100.21	-0.118	2.43e-03	3.68e-04
2058	26/03/2008	17:00	6.20	190.0	3.44	11.10	1975.0	0.65	4.97	6.0	35.04	-675.79	-0.045	1.86e-03	3.62e-04
2059	26/03/2008	18:00	5.00	190.0	2.93	9.40	548.1	0.53	5.36	6.0	-21.64	589.74	0.034	0.00e+00	3.53e-04
2060	26/03/2008	19:00	5.00	190.0	2.79	7.80	372.8	0.48	5.47	6.0	-38.48	258.34	0.065	0.00e+00	3.45e-04
2061	26/03/2008	20:00	5.50	170.0	3.07	7.70	435.0	0.54	5.22	6.0	-42.92	321.00	0.065	0.00e+00	3.45e-04
2062	26/03/2008	21:00	4.20	210.0	2.34	7.80	304.0	0.40	5.96	7.0	-27.37	206.33	0.056	0.00e+00	3.45e-04
2063	26/03/2008	22:00	3.40	220.0	1.89	8.10	207.9	0.31	6.60	7.0	-20.95	121.28	0.056	0.00e+00	3.47e-04
2064	26/03/2008	23:00	4.70	260.0	2.62	8.30	336.7	0.45	5.64	6.0	-35.74	224.07	0.065	0.00e+00	3.48e-04
2065	27/03/2008	00:00	4.30	260.0	2.40	7.70	316.3	0.41	5.89	7.0	-28.15	218.11	0.056	0.00e+00	3.45e-04
2066	27/03/2008	01:00	3.40	260.0	1.90	7.70	239.3	0.32	6.60	8.0	-17.61	160.51	0.045	0.00e+00	3.45e-04
2067	27/03/2008	02:00	1.70	270.0	1.00	7.10	120.2	0.15	9.30	7.0	-6.42	90.00	0.035	0.00e+00	3.42e-04
2068	27/03/2008	03:00	1.40	290.0	1.00	6.90	107.7	0.12	10.21	6.0	-3.92	90.00	0.026	0.00e+00	3.41e-04
2069	27/03/2008	04:00	3.20	280.0	1.74	7.40	178.6	0.28	6.84	7.0	-18.90	98.01	0.056	0.00e+00	3.43e-04
2070	27/03/2008	05:00	3.50	260.0	1.94	7.10	219.5	0.32	6.51	7.0	-21.86	130.66	0.056	0.00e+00	3.42e-04
2071	27/03/2008	06:00	2.60	260.0	1.46	6.50	182.4	0.24	7.52	7.0	-9.42	125.50	0.032	3.84e-05	3.39e-04
2072	27/03/2008	07:00	3.80	270.0	2.10	6.20	1195.9	0.41	6.39	5.0	41.10	-152.47	-0.080	2.26e-03	3.37e-04
2073	27/03/2008	08:00	5.00	290.0	2.76	7.50	1581.4	0.55	5.57	2.0	102.70	-141.09	-0.152	4.67e-03	3.44e-04
2074	27/03/2008	09:00	4.30	300.0	2.43	8.20	1707.6	0.51	5.95	3.0	155.20	-74.03	-0.249	6.04e-03	3.47e-04
2075	27/03/2008	10:00	3.60	290.0	2.20	8.80	1846.3	0.48	6.26	4.0	187.86	-50.93	-0.321	6.71e-03	3.50e-04
2076	27/03/2008	11:00	2.00	300.0	1.31	10.80	1975.7	0.33	8.14	5.0	192.41	-16.90	-0.474	6.61e-03	3.60e-04
2077	27/03/2008	12:00	1.90	30.0	1.25	10.20	2101.4	0.32	8.36	5.0	200.52	-14.85	-0.508	6.76e-03	3.57e-04
2078	27/03/2008	13:00	1.00	340.0	1.00	10.90	2224.2	0.22	11.54	4.0	208.52	-4.38	-0.785	7.24e-03	3.61e-04
2079	27/03/2008	14:00	1.00	30.0	1.00	10.20	2328.0	0.21	11.52	4.0	186.06	-4.71	-0.709	6.71e-03	3.57e-04
2080	27/03/2008	15:00	2.70	360.0	1.74	10.70	2409.1	0.39	7.06	4.0	148.23	-35.87	-0.310	5.77e-03	3.60e-04
2081	27/03/2008	16:00	2.90	30.0	1.70	10.50	2462.3	0.37	7.13	4.0	99.83	-45.71	-0.220	4.37e-03	3.59e-04
2082	27/03/2008	17:00	3.80	10.0	2.10	10.00	2486.2	0.42	6.39	4.0	43.23	-145.96	-0.085	2.47e-03	3.56e-04
2083	27/03/2008	18:00	2.50	50.0	1.37	8.70	148.8	0.21	7.72	4.0	-17.27	90.00	0.066	6.80e-05	3.50e-04
2084	27/03/2008	19:00	1.90	50.0	1.05	8.30	127.9	0.16	8.82	4.0	-8.52	90.00	0.042	0.00e+00	3.48e-04
2085	27/03/2008	20:00	1.90	350.0	1.05	8.00	127.9	0.16	8.82	4.0	-8.52	90.00	0.042	0.00e+00	3.46e-04
2086	27/03/2008	21:00	1.70	350.0	1.00	6.40	120.2	0.15	9.30	4.0	-6.42	90.00	0.035	0.00e+00	3.38e-04
2087	27/03/2008	22:00	2.60	330.0	1.42	6.40	152.0	0.22	7.58	5.0	-19.12	90.00	0.070	0.00e+00	3.38e-04
2088	27/03/2008	23:00	1.00	0.0	1.00	5.40	88.9	0.09	11.99	5.0	-1.69	90.00	0.015	0.00e+00	3.33e-04
2089	28/03/2008	00:00	1.00	330.0	1.00	4.50	88.9	0.09	11.99	5.0	-1.69	90.00	0.015	0.00e+00	3.29e-04
2090	28/03/2008	01:00	1.50	360.0	1.00	3.80	112.0	0.13	9.88	5.0	-4.67	90.00	0.029	0.00e+00	3.25e-04
2091	28/03/2008	02:00	1.00	0.0	1.00	2.90	88.9	0.09	11.99	5.0	-1.69	90.00	0.015	0.00e+00	3.21e-04
2092	28/03/2008	03:00	1.00	200.0	1.00	2.20	88.9	0.09	11.99	5.0	-1.69	90.00	0.015	0.00e+00	3.18e-04
2093	28/03/2008	04:00	1.00	150.0	1.00	1.20	88.9	0.09	11.99	5.0	-1.69	90.00	0.015	0.00e+00	3.13e-04
2094	28/03/2008	05:00	1.00	0.0	1.00	0.50	88.9	0.09	11.99	6.0	-1.69	90.00	0.015	0.00e+00	3.09e-04
2095	28/03/2008	06:00	1.00	110.0	1.00	0.70	88.9	0.09	11.99	6.0	-1.69	90.00	0.015	1.08e-04	3.10e-04
2096	28/03/2008	07:00	1.50	180.0	1.00	4.10	628.3	0.22	9.75	6.0	36.97	-24.57	-0.136	1.96e-03	3.27e-04
2097	28/03/2008	08:00	1.00	70.0	1.00	7.70	777.2	0.20	11.42	6.0	82.07	-8.01	-0.341	3.42e-03	3.45e-04
2098	28/03/2008	09:00	1.00	110.0	1.00	8.50	953.5	0.20	11.47	6.0	120.05	-6.24	-0.479	4.49e-03	3.49e-04
2099	28/03/2008	10:00	1.20	60.0	1.00	10.10	1134.6	0.23	10.49	6.0	147.91	-7.61	-0.518	5.21e-03	3.57e-04
2100	28/03/2008	11:00	1.60	150.0	1.05	11.00	1308.7	0.28	9.09	6.0	165.11	-12.16	-0.478	5.62e-03	3.61e-04
2101	28/03/2008	12:00	2.50	140.0	1.60	11.80	1429.1	0.36	7.35	7.0	124.92	-34.13	-0.282	4.19e-03	3.66e-04
2102	28/03/2008	13:00	2.70	190.0	1.68	12.50	1536.3	0.38	7.18	7.0	120.04	-38.85	-0.264	4.10e-03	3.69e-04
2103	28/03/2008	14:00	3.50	170.0	1.98	13.10	1627.3	0.42	6.60	7.0	106.80	-61.27	-0.210	3.80e-03	3.72e-04
2104	28/03/2008	15:00	4.50	190.0	2.49	13.50	1700.8	0.50	5.87	7.0	86.19	-125.35	-0.144	3.28e-03	3.74e-04
2105	28/03/2008	16:00	4.30	180.0	2.37	13.70	1750.6	0.47	6.01	7.0	59.58	-152.26	-0.105	2.49e-03	3.75e-04
2106	28/03/2008	17:00	4.50	170.0	2.50	13.50	1777.0	0.48	5.84	7.0	28.60	-332.68	-0.050	1.43e-03	3.74e-04
2107	28/03/2008	18:00	3.40	170.0	1.92	13.30	463.3	0.35	6.62	7.0	-4.78	762.57	0.011	7.90e-05	3.73e-04
2108	28/03/2008	19:00	4.00	170.0	2.23	12.50	282.4	0.38	6.10	7.0	-25.43	187.29	0.056	0.00e+00	3.69e-04
2109	28/03/2008	20:00	5.80	190.0	3.26	12.70	516.3	0.58	5.07	7.0	-38.89	438.91	0.056	0.00e+00	3.70e-04
2110	28/03/2008	21:00	5.70	200.0	3.20	12.90	502.8	0.57	5.12	7.0	-38.13	422.82	0.056	0.00e+00	3.71e-04
2111	28/03/2008	22:00	3.60	290.0	2.00	12.10	234.0	0.33	6.42	7.0	-22.34	143.86	0.056	0.00e+00	3.67e-04
2112	28/03/2008	23:00	1.70	350.0	1.00	10.80	120.2	0.15	9.30	7.0	-6.42	90.00	0.036	0.00e+00	3.60e-04
2113	29/03/2008	00:00	1.50	10.0	1.00	8.00	112.0	0.13	9.88	7.0	-4.67	90.00	0.029	0.00e+00	3.46e-04
2114	29/03/2008	01:00	4.30	290.0	2.39	9.90	290.2	0.40	5.89	6.0	-31.97	182.34	0.065	0.00e+00	3.56e-04
2115	29/03/2008	02:00	5.80	300.0	3.24	9.20	474.6	0.57	5.08	6.0	-45.33	363.80	0.065	0.00e+00	3.52e-04
2116	29/03/2008	03:00	4.40	290.0	2.45	8.80	301.2	0.42	5.82	6.0	-32.99	191.86	0.065	0.00e+00	3.50e-04
2117	29/03/2008	04:00	1.00	320.0	1.00	7.20	88.9	0.09	11.99	6.0	-1.69	90.00	0.015	0.00e+00	3.42e-04
2118	29/03/2008	05:00	1.90	290.0	1.05	7.40	127.9	0.16	8.82	6.0	-8.52	90.00	0.042	0.00e+00	3.43e-04
2119	29/03/2008	06:00	1.00	130.0	1.00	4.40	88.9	0.09	11.99	5.0	-1.69	90.00	0.015	1.93e-04	3.28e-04
2120	29/03/2008	07:00	1.00	0.0	1.00	7.20	526.8	0.18	11.34	5.0	44.25	-12.10	-0.197	2.37e-03	3.42e-04
2121	29/03/2008	08:00	1.20	80.0	1.00	10.50	725.5	0.22	10.44	5.0	96.01	-10.14	-0.353	4.08e-03	3.59e-04
2122	29/03/2008	09:00	1.30	90.0	1.00	10.70	942.0	0.24	10.07	5.0	140.16	-9.15	-0.471	5.35e-03	3.60e-04
2123	29/03/2008	10:00	2.20	350.0	1.45	11.40	1158.1	0.35	7.75	5.0	173.31	-22.02	-0.406	6.19e-03	3.63e-04
2124	29/03/2008	11:00	2.00	310.0	1.31	12.50	1372.9	0.34	8.15	4.0	209.34	-15.93	-0.515	7.30e-03	3.69e-04
2125	29/03/2008	12:00	1.00	300.0	1.00	13.60	1561.9	0.22	11.54	4.0	215.52	-4.29	-0.816	7.47e-03	3.75e-04
2126	29/03/2008	13:00	1.50	160.0	1.00	14.30	1724.7	0.28	9.42	4.0	206.79	-9.24	-0.616	7.30e-03	3.78e-04
2127	29/03/2008	14:00	1.20	190.0	1.00	15.10	1857.3	0.24	10.52	4.0	183.27	-6.61	-0.637	6.78e-03	3.83e-04
2128	29/03/2008	15:00	3.20	140.0	1.95	15.90	1960.1	0.43	6.66	4.0	146.97	-46.53	-0.288	5.86e-03	3.87e-04
2129	29/03/2008	16:00	2.20	160.0	1.42	16.10	2028.2	0.33	7.81	3.0	103.03	-30.30	-0.262	4.68e-03	3.88e-04
2130	29/03/2008	17:00	1.60	170.0	1.00	15.80	2058.2	0.24	9.33	3.0	46.80	-25.10	-0.165	2.72e-03	3.86e-04
2131	29/03/2008	18:00	1.20	150.0	1.00	14.10	98.7	0.11	10.99	3.0	-2.66	90.00	0.021	2.22e-04	3.77e-04
2132	29/03/2008	19:00	2.10	120.0	1.16	11.30	135.2	0.18	8.40	3.0	-11.02	90.00	0.050	0.00e+00	3.63e-04
2133	29/03/2008	20:00	1.90	130.0	1.05	9.90	127.9	0.16	8.82	3.0	-8.52	90.00	0.043	0.00e+00	3.56e-04
2134	29/03/2008	21:00	2.00	130.0	1.10	8.40	131.6	0.17	8.60	2.0	-9.72	90.00	0.046	0.00e+00	3.48e-04
2135	29/03/2008	22:00	1.60	100.0	1.00	7.30	116.2	0.14	9.57	2.0	-5.50	90.00	0.032	0.00e+00	3.43e-04
2136	29/03/2008	23:00	1.00	350.0	1.00	5.70	88.9	0.09	11.99	2.0	-1.69	90.00	0.015	0.00e+00	3.35e-04
2137	30/03/2008	00:00	1.00	110.0	1.00	5.40	88.9	0.09	11.99	2.0	-1.69	90.00	0.015	0.00e+00	3.33e-04
2138	30/03/2008	01:00	1.00	110.0	1.00	4.50	88.9	0.09	11.99	2.0	-1.69	90.00	0.015	0.00e+00	3.29e-04
2139	30/03/2008	02:00	3.50	160.0	1.89	7.20	178.6	0.30	6.57	1.0	-32.53	90.00	0.089	0.00e+00	3.42e-04
2140	30/03/2008	03:00	5.30	160.0	2.93	9.40	342.0	0.50	5.32	1.0	-54.68	201.69	0.089	0.00e+00	3.53e-04
2141	30/03/2008	04:00	6.30	170.0	3.50	9.80	456.2	0.61	4.89	1.0	-66.77	302.05	0.089	0.00e+00	3.55e-04
2142	30/03/2008	05:00	1.70	170.0	1.00	9.90	120.2	0.15	9.30	3.0	-6.42	90.00	0.036	0.00e+00	3.56e-04
2143	30/03/2008	06:00	3.30	150.0	1.93	9.80	298.6	0.33	6.58	4.0	-12.84	254.91	0.031	2.83e-04	3.55e-04
2144	30/03/2008	07:00	4.90	140.0	2.71	11.50	1505.8	0.52	5.61	4.0	48.26	-259.19	-0.076	2.65e-03	3.64e-04
2145	30/03/2008	08:00	7.40	190.0	4.09	14.30	2229.1	0.77	4.56	6.0	82.73	-490.51	-0.089	3.49e-03	3.78e-04
2146	30/03/2008	09:00	11.70	190.0	6.47	15.60	3465.0	1.20	3.62	7.0	87.41	-1743.71	-0.061	3.32e-03	3.85e-04
2147	30/03/2008	10:00	13.40	200.0	7.40	15.90	3960.0	1.37	3.38	7.0	107.29	-2120.59	-0.065	3.84e-03	3.87e-04
2148	30/03/2008	11:00	11.70	190.0	6.46	15.70	3999.9	1.20	3.62	7.0	119.94	-1276.32	-0.083	4.14e-03	3.86e-04
2149	30/03/2008	12:00	11.40	190.0	6.30	16.50	3999.9	1.17	3.67	7.0	123.78	-1147.23	-0.088	4.23e-03	3.90e-04
2150	30/03/2008	13:00	13.40	180.0	7.40	16.30	3999.9	1.37	3.38	7.0	119.62	-1903.72	-0.073	4.14e-03	3.89e-04
2151	30/03/2008	14:00	12.40	180.0	6.85	16.30	3999.9	1.27	3.52	7.0	107.13	-1691.00	-0.071	3.84e-03	3.89e-04
2152	30/03/2008	15:00	10.20	190.0	5.64	16.00	3999.9	1.05	3.88	7.0	87.32	-1168.96	-0.070	3.32e-03	3.87e-04
2153	30/03/2008	16:00	8.00	200.0	4.43	15.70	3999.9	0.83	4.38	7.0	61.34	-816.73	-0.062	2.55e-03	3.86e-04
2154	30/03/2008	17:00	9.50	180.0	5.27	15.00	3999.9	0.98	4.01	7.0	30.81	-2655.91	-0.026	1.49e-03	3.82e-04
2155	30/03/2008	18:00	7.70	200.0	4.31	14.80	2290.1	0.79	4.43	7.0	-2.07	21222.94	0.002	1.59e-04	3.81e-04
2156	30/03/2008	19:00	8.60	230.0	4.85	14.40	928.5	0.88	4.17	7.0	-58.72	1018.50	0.056	0.00e+00	3.79e-04
2157	30/03/2008	20:00	1.90	300.0	1.05	8.60	127.9	0.16	8.82	7.0	-8.52	90.00	0.042	0.00e+00	3.49e-04
2158	30/03/2008	21:00	1.70	300.0	1.00	8.20	120.2	0.15	9.30	7.0	-6.42	90.00	0.035	0.00e+00	3.47e-04
2159	30/03/2008	22:00	1.00	60.0	1.00	7.90	88.9	0.09	11.99	7.0	-1.69	90.00	0.015	0.00e+00	3.46e-04
2160	30/03/2008	23:00	1.50	220.0	1.00	7.80	112.0	0.13	9.88	8.0	-4.67	90.00	0.029	0.00e+00	3.45e-04
2161	31/03/2008	00:00	1.20	300.0	1.00	7.70	98.7	0.11	10.99	8.0	-2.66	90.00	0.020	0.00e+00	3.45e-04
2162	31/03/2008	01:00	1.10	160.0	1.00	7.70	93.9	0.10	11.46	8.0	-2.14	90.00	0.018	0.00e+00	3.45e-04
2163	31/03/2008	02:00	1.30	160.0	1.00	7.40	103.3	0.11	10.58	8.0	-3.25	90.00	0.023	0.00e+00	3.43e-04
2164	31/03/2008	03:00	1.70	140.0	1.00	7.40	120.2	0.15	9.30	8.0	-6.42	90.00	0.035	0.00e+00	3.43e-04
2165	31/03/2008	04:00	2.50	180.0	1.37	6.90	148.8	0.21	7.72	8.0	-11.86	90.00	0.045	0.00e+00	3.41e-04
2166	31/03/2008	05:00	1.70	200.0	1.00	6.70	120.2	0.15	9.30	8.0	-6.42	90.00	0.035	0.00e+00	3.40e-04
2167	31/03/2008	06:00	1.00	230.0	1.00	6.80	88.9	0.09	11.99	8.0	-1.69	90.00	0.015	9.51e-05	3.40e-04
2168	31/03/2008	07:00	1.20	190.0	1.00	7.40	415.0	0.14	11.51	7.0	5.95	-43.99	-0.034	1.53e-03	3.43e-04
2169	31/03/2008	08:00	1.10	160.0	1.00	8.10	581.1	0.20	10.85	7.0	62.75	-11.45	-0.253	2.58e-03	3.47e-04
2170	31/03/2008	09:00	1.00	190.0	1.00	8.70	754.5	0.20	11.43	7.0	90.48	-7.51	-0.373	3.35e-03	3.50e-04
2171	31/03/2008	10:00	1.00	240.0	1.00	9.10	924.0	0.20	11.46	7.0	111.58	-6.55	-0.450	3.86e-03	3.52e-04
2172	31/03/2008	11:00	1.40	40.0	1.00	10.80	1082.9	0.25	9.69	7.0	123.76	-11.45	-0.403	4.16e-03	3.60e-04
2173	31/03/2008	12:00	1.80	50.0	1.19	11.20	1226.9	0.30	8.54	7.0	127.97	-18.25	-0.353	4.25e-03	3.62e-04
2174	31/03/2008	13:00	1.40	50.0	1.00	11.80	1287.7	0.23	9.63	8.0	58.67	-18.99	-0.207	1.98e-03	3.66e-04
2175	31/03/2008	14:00	2.60	60.0	1.45	12.40	1341.4	0.31	7.72	8.0	52.47	-51.73	-0.138	1.84e-03	3.69e-04
2176	31/03/2008	15:00	2.40	30.0	1.33	12.50	1383.4	0.29	8.05	8.0	42.64	-50.02	-0.122	1.60e-03	3.69e-04
2177	31/03/2008	16:00	2.40	40.0	1.38	12.20	1442.0	0.31	7.93	7.0	62.32	-40.64	-0.168	2.58e-03	3.68e-04
2178	31/03/2008	17:00	3.10	20.0	1.71	11.90	1472.0	0.34	7.08	7.0	30.92	-115.63	-0.074	1.53e-03	3.66e-04
2179	31/03/2008	18:00	2.30	360.0	1.34	11.00	216.0	0.23	7.87	6.0	-5.25	199.87	0.019	2.73e-04	3.61e-04
2180	31/03/2008	19:00	2.30	350.0	1.26	10.30	142.1	0.20	8.04	6.0	-13.92	90.00	0.058	0.00e+00	3.58e-04
2181	31/03/2008	20:00	2.70	330.0	1.47	10.00	155.2	0.23	7.44	5.0	-20.34	90.00	0.072	0.00e+00	3.56e-04
2182	31/03/2008	21:00	2.60	330.0	1.42	9.30	152.0	0.22	7.58	5.0	-19.12	90.00	0.070	0.00e+00	3.53e-04
2183	31/03/2008	22:00	3.30	330.0	1.79	8.50	173.0	0.28	6.76	4.0	-26.98	90.00	0.079	0.00e+00	3.49e-04
2184	31/03/2008	23:00	1.00	320.0	1.00	7.10	88.9	0.09	11.99	4.0	-1.69	90.00	0.015	0.00e+00	3.42e-04
