7.91
7.93
7.95
7.97
8.00
8.00
8.01
8.28
8.53
8.51
8.49
8.48
8.47
8.47
8.47
8.47
8.47
8.47
8.46
8.45
8.45
8.45
8.46
8.45
8.45
8.46
8.46
8.45
8.46
8.46
8.47
8.46
8.47
8.47
8.47
8.46
8.41
8.36
8.33
8.30
8.30
8.30
8.31
8.35
8.40
8.50
8.63
8.74
8.84
8.93
8.95
8.97
8.99
9.01
9.03
9.04
9.05
9.09
9.37
9.48
9.27
9.14
9.05
9.01
8.98
8.98
8.98
8.99
9.01
9.18
9.33
9.22
9.07
9.00
8.98
8.98
9.00
9.03
9.11
9.29
9.41
9.60
9.98
11.21
15.98
17.84
11.42
9.60
9.39
9.27
9.19
9.15
9.13
9.12
9.14
9.18
9.24
9.31
9.34
9.36
9.38
9.45
9.61
10.29
11.13
9.63
9.23
9.12
9.02
9.02
9.02
9.03
10.52
9.79
9.65
9.61
9.60
9.59
9.59
9.59
9.59
9.59
9.59
9.59
9.58
9.58
9.58
9.58
9.58
9.58
9.58
9.58
9.59
9.59
9.60
9.60
9.61
9.62
9.63
9.64
9.66
9.67
9.69
9.69
9.72
9.77
9.73
9.65
9.57
9.51
9.47
9.44
9.41
9.35
9.31
9.29
9.28
9.29
9.32
9.38
9.43
9.49
9.58
9.70
9.99
10.73
10.45
10.07
9.80
9.40
9.00
8.93
8.92
10.16
9.61
9.43
9.20
9.11
8.99
8.95
8.98
9.02
9.06
9.14
9.17
9.21
9.32
9.76
9.52
9.79
9.94
10.17
8.00
8.01
8.02
8.42
8.43
8.56
8.48
8.48
8.40
8.37
9.05
9.07
9.09
9.15
9.48
9.50
9.22
8.99
8.99
9.00
9.05
9.38
9.14
9.35
9.49
9.74
10.32
14.13
16.94
12.47
11.02
9.94
9.43
9.48
9.63
10.24
11.05
10.64
9.51
9.21
9.12
9.07
9.02
9.03
9.04
9.05
10.57
9.86
9.75
9.73
9.72
9.72
9.72
9.72
9.72
9.72
9.71
9.72
9.72
9.72
9.72
9.72
9.73
9.74
9.75
9.77
9.79
9.79
9.82
9.85
9.87
9.90
9.95
9.98
10.01
10.06
10.07
10.22
10.19
10.01
10.15
9.87
9.74
9.64
9.59
9.54
9.50
9.46
9.54
9.67
9.86
10.56
10.70
9.84
9.19
9.11
9.06
8.95
8.93
8.92
9.57
10.07
9.72
9.48
9.16
9.20
9.25
9.47
9.74
9.69
9.54
9.60
9.89
10.07
10.37
8.01
8.02
8.06
8.35
8.22
8.18
8.17
8.16
8.15
8.15
8.15
8.15
8.15
8.15
8.15
8.15
8.15
8.15
8.16
8.17
8.17
8.18
8.18
8.19
8.20
8.20
8.21
8.22
8.22
8.24
8.47
8.49
8.42
9.08
9.11
9.15
9.44
9.39
9.21
9.00
9.01
9.02
9.11
9.44
9.12
9.41
9.59
9.93
11.43
17.69
11.59
9.54
9.66
10.49
10.92
10.63
9.37
9.19
9.03
9.04
9.04
9.05
9.06
10.67
9.99
9.92
9.92
9.92
9.91
9.92
9.91
9.93
9.94
9.94
9.96
9.98
9.99
10.02
10.07
10.11
10.13
10.20
10.29
10.25
10.22
10.19
10.15
10.12
10.08
10.04
10.01
10.29
9.92
10.03
9.96
9.77
9.70
9.63
9.58
9.76
10.14
10.78
10.21
9.47
9.17
9.11
9.07
9.04
8.93
8.93
9.38
9.97
9.84
9.53
9.20
9.23
9.29
9.59
9.82
9.65
9.57
10.00
10.24
10.65
7.93
7.96
7.98
8.00
8.02
8.03
8.04
8.21
8.33
8.25
8.21
8.19
8.17
8.17
8.16
8.16
8.16
8.16
8.16
8.16
8.16
8.16
8.16
8.16
8.16
8.16
8.17
8.17
8.17
8.18
8.18
8.19
8.19
8.20
8.20
8.23
8.38
8.48
8.51
8.45
8.40
8.38
8.35
8.34
8.35
8.99
9.01
9.04
9.06
9.08
9.09
9.10
9.12
9.16
9.31
9.65
9.68
9.30
9.19
9.09
9.05
9.02
9.01
9.01
9.02
9.05
9.23
9.38
9.22
9.10
9.03
9.02
9.02
9.04
9.08
9.16
9.36
9.49
9.72
10.21
13.51
16.73
13.04
11.15
9.40
9.29
9.22
9.18
9.16
9.17
9.20
9.26
9.38
9.44
9.51
9.56
9.60
9.61
9.63
9.63
9.64
9.65
9.73
11.24
10.76
10.63
10.07
9.17
9.10
9.05
9.06
9.07
9.08
10.71
10.30
10.28
10.29
10.33
10.36
10.38
10.47
10.43
10.38
10.33
10.29
10.24
10.20
10.15
10.10
9.75
9.70
9.63
9.57
9.50
9.42
9.34
9.25
9.13
9.13
9.12
9.12
9.27
9.51
9.96
10.06
9.85
9.78
9.70
9.64
9.58
9.54
9.51
9.48
9.46
9.45
9.42
9.44
9.50
9.54
9.63
9.81
10.79
10.84
10.02
9.28
9.18
9.12
8.99
8.94
8.94
9.11
10.06
9.61
9.43
9.22
9.03
9.07
9.14
9.23
9.27
9.35
9.89
9.65
10.14
10.45
11.04
8.03
8.04
8.05
8.16
8.31
8.31
8.23
8.21
8.17
8.17
8.17
8.18
8.18
8.18
8.19
8.19
8.19
8.20
8.20
8.21
8.21
8.22
8.38
8.48
8.55
8.47
8.42
9.11
9.12
9.14
9.18
9.41
9.50
9.54
9.46
9.27
9.19
9.02
9.03
9.04
9.11
9.42
9.16
9.10
9.42
9.59
9.89
10.77
15.32
17.54
11.83
10.85
9.92
9.57
9.47
9.57
9.68
9.75
9.78
9.80
9.81
9.82
9.85
9.92
10.55
10.60
10.54
9.44
9.13
9.08
9.06
9.04
9.07
9.08
9.09
9.10
9.77
11.21
10.77
10.56
10.43
10.34
9.91
9.84
9.77
9.69
9.61
9.53
9.44
9.34
9.23
9.19
9.18
9.18
9.17
9.17
9.16
9.16
9.16
9.15
9.15
9.15
9.14
9.14
9.14
9.14
9.14
9.13
9.13
9.35
9.57
9.74
9.88
10.00
10.11
9.89
9.79
9.70
9.64
9.59
9.56
9.53
9.60
9.68
9.86
11.22
10.75
9.66
9.28
9.19
9.13
9.10
8.96
8.95
8.94
8.94
10.16
9.68
9.48
9.27
9.31
9.43
9.93
9.67
10.08
10.32
10.75
11.73
8.04
8.05
8.06
8.09
8.38
8.26
8.23
8.23
8.23
8.38
8.49
8.56
8.49
9.14
9.16
9.20
9.35
9.50
9.40
9.31
9.38
9.29
9.20
9.04
9.04
9.06
9.18
9.37
9.14
9.10
9.50
9.71
10.14
12.72
14.05
11.28
10.63
9.61
9.79
9.98
10.07
10.09
10.15
10.20
10.27
10.43
10.32
10.51
10.08
9.21
9.09
9.06
9.09
9.10
9.11
9.13
9.73
10.72
10.34
10.07
9.89
9.75
9.62
9.49
9.41
9.38
9.35
9.33
9.31
9.29
9.27
9.26
9.24
9.23
9.22
9.21
9.21
9.20
9.19
9.19
9.18
9.18
9.18
9.17
9.17
9.16
9.16
9.16
9.16
9.16
9.15
9.15
9.15
9.15
9.15
9.15
9.14
9.43
9.64
9.94
10.05
10.09
9.89
9.79
9.71
9.66
9.74
9.92
11.17
10.44
9.49
9.29
9.21
9.02
8.95
8.95
8.95
9.54
10.07
9.80
9.53
9.30
9.36
9.59
9.88
9.85
9.70
9.81
10.23
10.55
11.19
11.70
7.96
7.99
8.01
8.03
8.05
8.06
8.07
8.08
8.25
8.37
8.30
8.25
8.21
8.19
8.19
8.23
8.24
8.24
8.38
8.57
8.50
8.46
8.43
8.41
8.39
8.39
9.06
9.09
9.12
9.15
9.16
9.18
9.19
9.22
9.46
9.49
9.41
9.17
9.24
9.37
9.30
9.22
9.12
9.07
9.05
9.05
9.06
9.09
9.29
9.42
9.23
9.05
9.05
9.07
9.11
9.18
9.34
9.44
9.59
9.87
10.58
14.93
17.39
12.09
9.34
9.26
9.21
9.20
9.21
9.26
9.35
9.53
9.64
9.88
10.44
10.76
11.01
10.66
10.43
10.26
9.81
9.11
9.09
9.08
9.07
9.11
9.12
9.14
9.15
9.63
10.18
10.01
9.75
9.64
9.56
9.51
9.47
9.44
9.41
9.38
9.35
9.33
9.31
9.29
9.27
9.26
9.24
9.23
9.23
9.16
9.16
9.16
9.16
9.16
9.16
9.24
9.51
9.99
10.11
10.04
9.86
9.80
9.75
9.72
9.70
9.71
9.74
9.79
9.85
10.01
11.13
10.49
9.51
9.31
9.22
9.17
8.99
8.96
8.96
8.96
9.33
9.97
9.91
9.59
9.30
9.19
9.09
9.14
9.23
9.35
9.41
9.72
9.97
9.81
9.74
10.42
10.87
12.04
18.97
8.09
8.20
8.35
8.35
8.28
8.19
8.20
8.21
8.23
8.24
8.25
8.25
8.26
8.38
8.57
8.54
8.48
8.45
8.52
8.67
9.05
9.20
9.21
9.23
9.26
9.48
9.47
9.44
9.18
9.13
9.22
9.37
9.33
9.23
9.06
9.08
9.07
9.47
9.19
9.39
9.51
9.71
10.09
11.65
15.99
11.45
9.66
9.45
9.69
9.95
10.98
12.20
10.04
9.80
9.56
9.29
9.14
9.12
9.11
9.09
9.08
9.08
9.07
9.07
9.18
9.49
10.13
10.13
9.82
9.70
9.61
9.56
9.51
9.18
9.18
9.18
9.18
9.18
9.35
9.59
10.07
10.19
9.98
9.95
9.90
9.88
9.93
10.01
10.15
11.12
11.06
10.56
9.53
9.33
9.07
8.98
8.97
8.97
8.97
9.04
10.06
9.67
9.07
9.40
9.48
10.06
9.82
10.67
11.36
15.02
8.10
8.14
8.43
8.31
8.26
8.26
8.27
8.27
8.37
8.58
8.56
8.50
9.26
9.29
9.32
9.51
9.47
9.44
9.18
9.14
9.13
9.20
9.37
9.38
9.25
9.08
9.10
9.24
9.42
9.32
9.18
9.10
9.46
9.60
9.85
10.44
14.47
17.23
12.41
11.08
10.00
10.03
11.29
10.96
10.43
9.85
9.34
9.26
9.21
9.18
9.15
9.13
9.12
9.11
9.11
9.22
9.32
10.27
9.91
9.76
9.24
9.22
9.21
9.21
9.20
9.20
9.21
9.21
9.22
9.46
9.70
10.05
10.21
10.27
10.19
10.25
10.44
11.21
10.67
9.55
9.35
9.26
9.03
8.98
8.98
8.98
8.98
9.70
10.18
9.77
9.45
9.56
10.19
9.86
10.54
11.03
12.43
19.94
21.11
7.99
8.02
8.04
8.07
8.09
8.12
8.12
8.30
8.42
8.34
8.30
8.24
8.22
8.20
8.27
8.27
8.28
8.28
8.29
8.37
8.59
8.58
8.52
8.49
8.48
8.44
8.43
8.84
8.92
8.96
9.04
9.07
9.14
9.19
9.21
9.23
9.26
9.29
9.33
9.39
9.47
9.46
9.52
9.37
9.16
9.14
9.14
9.15
9.19
9.42
9.27
9.15
9.10
9.09
9.09
9.09
9.10
9.14
9.34
9.47
9.25
9.10
9.12
9.16
9.25
9.43
9.54
9.71
10.05
9.95
18.00
11.66
9.29
9.25
9.24
9.27
9.36
9.52
9.62
9.78
10.16
11.28
10.34
9.57
9.34
9.26
9.22
9.19
9.17
9.15
9.19
9.26
9.28
10.48
10.00
9.83
9.44
9.35
9.30
9.27
9.21
9.22
9.23
9.24
9.24
9.26
9.28
9.30
9.63
9.88
10.35
10.81
11.80
10.85
9.58
9.38
9.28
9.22
9.12
9.01
8.99
8.99
8.99
8.99
9.53
10.09
9.90
9.62
9.34
9.22
9.07
9.15
9.23
9.34
9.39
9.44
9.51
9.76
10.07
10.06
9.91
10.12
10.82
11.59
17.07
16.81
8.13
8.14
8.25
8.40
8.40
8.33
8.21
8.22
8.24
8.26
8.30
8.30
8.37
8.60
8.64
8.55
8.52
8.90
9.02
9.13
9.23
9.26
9.32
9.39
9.50
9.54
9.47
9.35
9.27
9.16
9.15
9.16
9.16
9.17
9.18
9.46
9.30
9.10
9.10
9.12
9.16
9.43
9.22
9.49
9.63
9.85
10.35
13.93
17.08
12.88
11.21
9.46
9.35
9.65
9.83
10.28
11.27
10.23
9.51
9.35
9.11
9.10
9.11
9.30
9.33
9.97
10.47
10.12
9.92
9.62
9.23
9.27
9.29
9.31
9.34
9.39
9.45
9.68
10.09
10.76
9.65
9.41
9.07
9.01
9.00
9.00
9.00
9.00
9.30
9.99
10.07
9.70
9.13
9.38
9.44
9.50
9.58
9.91
10.18
10.04
9.98
11.22
13.09
20.26
20.43
12.89
8.14
8.15
8.19
8.49
8.37
8.31
8.31
8.32
8.36
8.60
8.65
8.59
9.30
9.39
9.56
9.57
9.42
9.33
9.22
9.17
9.17
9.17
9.17
9.18
9.18
9.20
9.21
9.55
9.30
9.11
9.12
9.14
9.31
9.47
9.34
9.21
9.14
9.12
9.57
9.73
10.03
11.04
15.73
17.92
11.89
10.92
9.98
9.63
9.88
10.42
11.26
10.11
9.49
9.35
9.29
9.13
9.18
9.35
9.38
9.90
10.47
10.26
10.01
9.28
9.27
9.27
9.26
9.25
9.39
9.46
9.56
9.76
10.15
11.66
12.76
9.77
9.42
9.32
9.04
9.01
9.01
9.01
9.02
10.33
9.80
9.44
9.49
9.56
9.66
10.06
10.31
10.07
10.07
11.90
18.78
19.96
15.06
11.86
8.03
8.05
8.08
8.10
8.13
8.16
8.17
8.18
8.36
8.48
8.41
8.36
8.26
8.22
8.22
8.30
8.33
8.35
8.51
8.66
8.67
8.56
8.52
8.47
8.47
8.51
8.90
8.99
9.03
9.12
9.16
9.26
9.30
9.36
9.52
9.55
9.66
9.31
9.20
9.19
9.19
9.19
9.19
9.19
9.19
9.20
9.21
9.23
9.26
9.51
9.53
9.29
9.21
9.15
9.13
9.13
9.14
9.19
9.52
9.28
9.17
9.22
9.34
9.55
9.67
9.87
10.29
13.25
16.94
13.60
11.36
10.70
9.29
9.28
9.32
9.44
9.51
9.59
9.72
9.94
10.82
11.24
9.95
9.48
9.36
9.30
9.26
9.20
9.16
9.31
9.41
9.45
9.82
10.48
10.47
10.12
9.43
9.36
9.33
9.31
9.27
9.29
9.46
9.55
9.73
10.74
11.76
11.08
9.74
9.48
9.36
9.28
9.17
9.11
9.04
9.02
9.02
9.02
9.04
9.72
10.27
9.91
9.68
9.36
9.22
9.10
9.13
9.24
9.34
9.49
9.55
9.64
9.78
10.50
10.13
10.17
10.28
10.44
10.66
10.97
11.51
14.47
19.61
12.52
11.29
8.17
8.19
8.20
8.32
8.48
8.47
8.39
8.24
8.26
8.27
8.29
8.34
8.35
8.36
8.70
8.60
8.54
8.97
9.10
9.24
9.26
9.29
9.34
9.44
9.59
9.54
9.46
9.32
9.22
9.21
9.21
9.21
9.21
9.21
9.21
9.21
9.21
9.22
9.25
9.28
9.39
9.60
9.43
9.25
9.20
9.14
9.16
9.25
9.47
9.26
9.64
9.78
10.04
10.74
15.45
17.86
12.16
9.41
9.34
9.52
9.61
9.75
10.01
10.92
11.24
9.74
9.47
9.37
9.14
9.14
9.17
9.48
9.53
9.71
10.76
10.26
10.01
9.60
9.30
9.38
9.56
9.69
10.11
11.85
11.24
10.11
9.52
9.08
9.03
9.03
9.03
9.04
9.05
9.54
10.20
10.10
9.77
9.19
9.55
9.63
9.72
10.02
10.38
10.35
10.22
10.30
10.45
10.66
10.96
11.41
12.40
18.97
19.12
13.89
11.62
10.87
8.19
8.21
8.22
8.27
8.60
8.44
8.34
8.35
8.36
8.37
8.51
8.67
8.66
8.57
8.70
8.90
9.29
9.33
9.39
9.65
9.59
9.42
9.26
9.23
9.23
9.23
9.23
9.24
9.26
9.30
9.45
9.53
9.49
9.33
9.22
9.16
9.19
9.37
9.52
9.36
9.25
9.19
9.18
9.19
9.75
9.92
10.28
12.35
14.87
11.52
9.71
9.52
9.63
9.79
10.09
11.53
11.24
10.71
9.99
9.48
9.39
9.33
9.17
9.29
9.57
9.63
9.71
11.14
10.41
10.06
9.33
9.32
9.31
9.31
9.69
10.01
11.93
9.75
9.57
9.42
9.07
9.05
9.06
9.30
10.34
9.84
9.62
9.71
9.83
10.26
10.49
10.35
10.34
10.46
10.66
10.95
11.38
12.11
17.42
18.60
12.06
11.04
10.56
8.06
8.09
8.12
8.14
8.17
8.21
8.23
8.25
8.28
8.47
8.63
8.49
8.36
8.24
8.23
8.24
8.33
8.36
8.37
8.38
8.42
8.73
8.60
8.56
8.51
8.97
9.06
9.11
9.22
9.24
9.25
9.27
9.29
9.32
9.37
9.48
9.64
9.58
9.49
9.35
9.26
9.25
9.24
9.24
9.25
9.26
9.27
9.30
9.47
9.55
9.53
9.31
9.25
9.22
9.17
9.17
9.18
9.26
9.57
9.31
9.25
9.28
9.40
9.46
9.55
9.66
9.76
9.88
10.10
10.65
15.16
17.85
12.54
11.13
10.05
9.33
9.38
9.43
9.51
9.63
9.82
10.17
11.45
11.24
10.66
9.74
9.49
9.26
9.22
9.20
9.52
9.58
9.63
9.70
9.78
9.90
10.76
11.47
10.52
10.05
9.45
9.40
9.33
9.38
10.01
12.01
10.33
9.64
9.45
9.36
9.22
9.16
9.12
9.06
9.06
9.08
9.12
10.73
9.89
9.61
9.32
9.19
9.34
9.48
9.70
9.81
9.97
10.51
10.62
10.41
10.48
10.66
10.94
11.36
12.06
13.88
19.10
18.52
12.90
11.18
10.62
10.31
8.24
8.26
8.29
8.33
8.51
8.73
8.51
8.32
8.26
8.28
8.30
8.32
8.37
8.38
8.38
8.39
8.59
8.73
8.64
8.58
9.04
9.20
9.22
9.25
9.27
9.28
9.30
9.31
9.35
9.42
9.69
9.63
9.45
9.29
9.27
9.27
9.27
9.28
9.28
9.30
9.46
9.59
9.56
9.34
9.28
9.25
9.23
9.20
9.19
9.21
9.33
9.52
9.51
9.29
9.25
9.47
9.55
9.69
9.81
9.92
10.05
10.32
10.97
17.78
11.68
9.37
9.34
9.42
9.49
9.61
9.82
10.29
11.36
10.61
9.71
9.50
9.42
9.19
9.19
9.24
9.64
9.71
9.79
9.89
10.05
10.37
11.64
11.50
10.42
9.91
9.55
9.37
9.56
9.67
9.92
12.09
10.69
9.70
9.10
9.06
9.08
9.10
9.15
10.50
10.26
9.94
9.60
9.28
9.79
9.93
10.30
10.71
10.52
10.67
10.94
11.34
12.02
13.59
21.36
17.86
11.29
10.65
10.34
10.15
8.27
8.30
8.36
8.46
8.71
8.40
8.27
8.37
8.38
8.39
8.40
8.40
8.52
8.70
8.71
8.61
9.25
9.27
9.29
9.32
9.34
9.35
9.39
9.49
9.65
9.63
9.53
9.37
9.29
9.29
9.29
9.28
9.31
9.31
9.35
9.62
9.66
9.40
9.31
9.21
9.24
9.44
9.58
9.39
9.23
9.24
9.28
9.56
9.69
9.89
10.05
10.13
10.25
10.64
14.89
17.38
12.97
11.24
9.54
9.44
9.47
9.57
9.79
10.37
11.27
10.57
9.69
9.53
9.45
9.40
9.32
9.21
9.51
9.61
9.71
9.80
9.91
10.07
10.36
10.87
10.71
11.49
10.20
9.80
9.38
9.38
9.37
9.67
9.87
12.17
10.95
9.79
9.53
9.09
9.10
9.12
9.18
10.15
10.74
9.86
9.91
10.14
10.86
11.01
10.57
10.68
10.94
11.33
11.98
13.51
21.51
14.65
11.38
10.68
10.35
10.16
10.05
8.11
8.14
8.17
8.20
8.24
8.26
8.28
8.32
8.38
8.55
8.67
8.41
8.25
8.24
8.23
8.24
8.36
8.41
8.41
8.43
8.78
8.64
8.60
8.55
8.55
9.05
9.14
9.20
9.23
9.27
9.30
9.33
9.36
9.38
9.41
9.44
9.62
9.62
9.48
9.32
9.31
9.31
9.31
9.34
9.35
9.48
9.69
9.36
9.31
9.21
9.21
9.22
9.23
9.22
9.63
9.35
9.43
9.49
9.58
9.71
9.94
10.36
10.51
10.41
10.47
11.30
17.11
11.88
10.93
10.02
9.70
9.42
9.46
9.53
9.69
10.39
11.24
10.54
9.70
9.56
9.28
9.26
9.24
9.66
9.80
9.93
10.12
10.42
10.91
10.71
10.17
10.35
10.71
10.04
9.77
9.40
9.52
9.57
9.67
9.84
10.94
11.85
11.16
9.98
9.57
9.45
9.29
9.22
9.17
9.14
9.09
9.11
9.14
9.23
10.84
9.79
9.28
9.27
9.48
9.68
9.77
9.89
10.06
10.72
10.69
10.70
10.93
11.32
11.95
13.32
21.67
15.15
11.44
10.71
10.37
10.18
10.06
10.00
8.27
8.30
8.34
8.42
8.71
8.64
8.53
8.30
8.24
8.23
8.35
8.42
8.42
8.43
8.61
8.76
8.69
8.62
8.65
9.13
9.23
9.29
9.34
9.38
9.41
9.45
9.50
9.55
9.54
9.58
9.55
9.39
9.33
9.33
9.33
9.33
9.35
9.36
9.37
9.38
9.40
9.69
9.69
9.44
9.34
9.31
9.26
9.24
9.23
9.23
9.24
9.26
9.40
9.58
9.51
9.34
9.27
9.51
9.60
9.73
9.99
12.20
11.19
11.13
10.60
10.73
14.76
16.66
13.63
11.36
10.70
9.40
9.39
9.46
9.51
9.62
9.98
11.29
11.37
10.56
9.75
9.61
9.53
9.23
9.26
9.29
9.34
9.47
9.68
9.91
10.15
10.52
11.00
10.77
10.14
9.56
9.50
10.33
10.78
9.96
9.53
9.47
9.58
9.67
9.82
10.44
11.95
11.34
10.12
9.63
9.12
9.11
9.13
9.16
9.43
10.37
9.74
9.39
9.39
9.76
9.87
10.02
10.30
11.14
10.72
10.94
11.31
11.91
13.25
21.84
15.62
11.53
10.74
10.39
10.19
10.08
10.02
10.01
8.31
8.36
8.48
8.69
8.47
8.27
8.24
8.23
8.23
8.41
8.43
8.43
8.44
8.54
8.75
8.65
9.29
9.37
9.45
9.52
9.58
9.56
9.54
9.48
9.36
9.36
9.35
9.36
9.36
9.39
9.40
9.41
9.43
9.54
9.67
9.38
9.25
9.26
9.30
9.51
9.64
9.41
9.32
9.38
9.53
9.62
9.77
10.11
11.01
10.79
10.66
10.56
11.27
16.18
16.46
12.12
9.51
9.44
9.50
9.58
9.75
10.78
11.77
10.92
9.86
9.40
9.35
9.26
9.28
9.31
9.40
9.60
10.04
10.57
11.20
10.90
10.19
9.54
9.47
9.46
9.53
10.86
9.91
9.45
9.45
9.44
9.67
9.80
10.10
12.04
11.49
9.74
9.68
9.52
9.12
9.14
9.18
9.78
10.62
10.19
9.70
9.86
10.00
10.23
10.94
11.12
10.79
10.95
11.30
11.89
13.13
22.03
16.06
11.62
10.78
10.42
10.21
10.09
10.04
10.05
10.39
8.18
8.21
8.23
8.27
8.29
8.33
8.40
8.60
8.67
8.39
8.25
8.24
8.25
8.27
8.40
8.44
8.44
8.45
8.46
8.81
8.69
8.64
8.59
8.60
8.61
8.96
9.13
9.23
9.24
9.26
9.41
9.61
9.61
9.51
9.46
9.38
9.38
9.38
9.38
9.38
9.38
9.40
9.40
9.41
9.43
9.45
9.47
9.54
9.73
9.69
9.45
9.36
9.27
9.28
9.33
9.96
9.39
9.65
9.82
10.22
10.95
10.25
9.74
9.88
10.44
12.75
14.00
11.49
9.79
9.62
9.56
9.67
10.13
12.07
10.04
9.76
9.32
9.30
9.29
9.30
9.35
9.47
10.00
11.13
11.22
10.30
9.59
9.53
9.49
9.47
9.47
9.79
10.57
10.39
9.89
9.63
9.52
9.49
9.79
10.12
12.13
10.39
9.73
9.56
9.47
9.33
9.26
9.21
9.18
9.16
9.14
9.16
9.21
10.04
10.75
10.05
9.67
9.32
9.25
9.37
9.85
9.98
10.16
10.84
11.31
10.96
11.29
11.86
13.06
21.68
20.25
16.48
11.70
10.82
10.45
10.23
10.12
10.06
10.11
10.35
8.31
8.35
8.43
8.72
8.64
8.52
8.27
8.24
8.23
8.23
8.39
8.45
8.46
8.46
8.47
8.63
8.79
8.74
8.66
9.22
9.26
9.27
9.29
9.58
9.51
9.43
9.42
9.42
9.42
9.42
9.41
9.41
9.43
9.45
9.46
9.48
9.53
9.62
9.74
9.58
9.37
9.35
9.31
9.29
9.28
9.29
9.31
9.48
9.65
9.50
9.38
9.33
9.35
9.89
10.47
10.88
10.03
9.63
9.65
9.82
10.33
13.95
16.74
12.63
11.14
10.11
9.45
9.50
9.55
9.63
9.82
11.01
11.89
10.51
9.87
9.70
9.50
9.29
9.30
9.33
9.39
9.59
11.52
10.72
9.77
9.64
9.57
9.53
9.50
9.48
9.49
10.04
10.68
10.26
9.87
9.59
9.62
9.68
9.79
10.02
12.21
10.77
9.83
9.15
9.16
9.17
9.18
9.24
10.26
10.89
9.95
9.65
9.42
9.65
9.96
10.13
10.52
11.29
10.99
11.29
11.83
12.95
21.29
16.91
11.81
10.87
10.48
10.26
10.14
10.10
10.21
10.32
9.97
8.38
8.51
8.70
8.46
8.26
8.24
8.24
8.44
8.46
8.47
8.47
8.48
8.55
8.80
8.70
9.29
9.30
9.42
9.59
9.53
9.50
9.48
9.47
9.46
9.44
9.45
9.46
9.47
9.49
9.53
9.60
9.80
9.73
9.50
9.38
9.37
9.36
9.31
9.36
9.58
9.70
9.46
9.45
9.49
9.54
9.62
9.73
9.97
11.12
10.82
9.76
9.56
9.56
9.67
9.94
11.36
16.70
11.78
10.90
9.52
9.48
9.54
9.61
9.73
9.69
11.63
12.13
10.03
9.41
9.38
9.31
9.31
9.32
9.35
9.45
9.89
11.56
9.93
9.72
9.63
9.57
9.54
9.51
9.50
9.52
10.23
10.79
10.14
9.86
9.53
9.52
9.53
9.70
9.79
9.99
12.29
11.05
9.87
9.64
9.17
9.18
9.19
9.20
9.28
10.47
11.04
9.87
10.11
10.34
11.04
11.26
11.05
11.30
11.82
12.89
20.87
17.34
11.94
10.91
10.51
10.29
10.17
10.14
10.44
10.29
10.13
9.86
9.75
8.32
8.31
8.30
8.29
8.28
8.29
8.31
8.34
8.41
8.66
8.67
8.37
8.25
8.23
8.23
8.27
8.29
8.44
8.48
8.49
8.50
8.85
8.74
8.68
8.65
8.65
8.66
9.23
9.32
9.34
9.35
9.46
9.56
9.63
9.57
9.53
9.52
9.50
9.47
9.47
9.49
9.51
9.53
9.58
9.72
9.81
9.62
9.44
9.40
9.39
9.34
9.43
9.66
9.44
9.52
9.58
9.66
9.79
10.08
11.03
10.76
10.35
9.73
9.51
9.50
9.57
9.74
10.13
12.71
15.74
13.65
11.35
10.72
9.71
9.60
9.59
9.68
9.91
11.22
12.01
10.33
9.89
9.36
9.35
9.34
9.34
9.38
9.54
10.79
11.44
10.26
9.83
9.69
9.62
9.58
9.55
9.53
9.52
9.55
10.40
10.89
10.06
9.68
9.65
9.71
9.80
9.98
10.88
11.98
11.27
10.07
9.69
9.56
9.40
9.32
9.27
9.19
9.20
9.21
9.22
9.51
10.68
10.56
9.82
9.59
10.29
10.98
11.51
11.31
11.80
12.81
20.41
17.80
12.04
10.96
10.54
10.32
10.21
10.22
10.42
10.06
9.79
9.74
9.72
8.41
8.36
8.33
8.31
8.31
8.33
8.37
8.46
8.73
8.64
8.51
8.28
8.24
8.23
8.23
8.23
8.24
8.37
8.50
8.50
8.51
8.65
8.82
8.79
8.70
9.31
9.36
9.37
9.38
9.39
9.51
9.60
9.67
9.61
9.57
9.55
9.52
9.49
9.49
9.50
9.51
9.54
9.58
9.65
9.88
9.81
9.56
9.45
9.43
9.41
9.40
9.36
9.34
9.34
9.35
9.38
9.56
9.71
9.54
9.44
9.40
9.44
9.55
9.61
9.70
9.85
10.26
10.99
10.22
9.59
9.47
9.46
9.50
9.61
9.84
10.52
14.29
16.43
12.20
9.89
9.55
9.59
9.66
9.79
10.31
12.07
10.04
9.81
9.59
9.50
9.36
9.41
9.86
11.38
9.99
9.77
9.68
9.63
9.60
9.57
9.55
9.54
9.59
11.01
10.02
9.71
9.72
9.80
9.96
10.54
12.08
11.45
10.27
9.74
9.22
9.23
9.24
9.89
10.81
10.34
9.79
9.51
9.40
9.93
10.06
10.25
10.64
11.48
11.34
11.79
12.77
16.40
20.13
18.30
12.31
11.01
10.59
10.36
10.25
10.36
10.40
9.98
9.77
9.73
9.72
9.72
8.50
8.39
8.35
8.34
8.36
8.40
8.54
8.71
8.45
8.26
8.24
8.23
8.27
8.49
8.51
8.52
8.52
8.57
8.84
8.75
8.89
9.40
9.42
9.43
9.44
9.55
9.64
9.71
9.65
9.61
9.52
9.52
9.53
9.56
9.62
9.76
9.89
9.69
9.50
9.47
9.45
9.40
9.36
9.37
9.44
9.77
9.51
9.44
9.64
9.74
9.93
10.49
10.95
10.05
9.54
9.45
9.43
9.46
9.53
9.68
10.00
11.27
15.96
11.57
9.55
9.54
9.59
9.64
9.74
10.01
11.42
12.03
10.32
9.91
9.77
9.45
9.42
9.38
9.39
9.45
10.70
11.21
10.45
9.88
9.75
9.69
9.65
9.62
9.59
9.58
9.57
9.82
10.69
10.59
9.99
9.81
9.61
9.61
9.66
9.81
9.95
10.33
12.17
9.75
9.80
9.64
9.22
9.24
9.25
9.27
10.20
10.80
10.18
9.79
9.56
10.05
10.22
10.49
11.16
11.44
11.43
11.79
12.71
17.25
19.63
18.91
12.33
11.07
10.63
10.40
10.32
10.56
10.38
10.18
9.86
9.76
9.73
9.71
9.71
9.72
8.57
8.44
8.39
8.39
8.45
8.79
8.70
8.35
8.25
8.23
8.23
8.23
8.48
8.53
8.53
8.54
8.72
8.85
8.83
8.77
8.75
8.74
8.72
8.70
8.71
9.33
9.47
9.48
9.59
9.68
9.75
9.68
9.57
9.55
9.56
9.58
9.65
9.88
9.89
9.82
9.64
9.51
9.49
9.48
9.47
9.38
9.40
9.53
9.72
9.66
9.49
9.46
9.79
10.02
10.72
10.92
10.55
9.84
9.51
9.43
9.41
9.42
9.47
9.57
9.77
10.26
13.55
16.13
12.84
11.22
10.19
9.70
9.62
9.63
9.71
9.86
10.72
12.01
10.05
9.42
9.41
9.41
9.41
9.53
10.91
11.16
10.07
9.62
9.61
9.59
10.10
10.84
10.36
10.00
9.82
9.65
9.94
10.24
12.27
10.47
9.86
9.69
9.59
9.45
9.37
9.32
9.25
9.26
9.27
9.29
10.40
10.91
10.09
9.82
9.39
9.81
9.91
10.03
10.20
10.43
11.12
11.78
11.80
12.67
15.62
19.19
19.21
12.70
11.14
10.68
10.45
10.41
10.56
10.12
9.82
9.76
9.73
8.61
8.50
8.46
8.52
8.79
8.52
8.28
8.24
8.23
8.25
8.27
8.54
8.54
8.55
8.62
8.86
8.87
8.81
8.79
9.44
9.51
9.51
9.52
9.63
9.72
9.79
9.71
9.68
9.65
9.59
9.60
9.64
9.84
9.82
9.58
9.54
9.52
9.46
9.42
9.40
9.41
9.44
9.65
9.79
9.59
9.53
9.57
9.63
9.72
9.84
10.12
11.15
10.88
10.46
9.52
9.49
9.43
9.41
9.40
9.43
9.50
9.63
9.90
10.88
16.78
11.90
10.98
9.82
9.69
9.80
10.14
11.62
11.96
10.28
9.95
9.58
9.53
9.44
10.20
10.94
10.76
9.98
9.65
9.63
9.62
10.31
10.84
10.27
10.04
9.85
10.19
12.36
10.88
9.95
9.29
9.30
9.32
10.12
10.65
10.09
9.84
9.57
9.46
9.91
10.02
10.18
10.39
10.82
11.36
11.73
11.82
12.61
15.96
19.33
18.75
13.13
11.23
10.74
10.51
10.60
10.55
10.05
9.82
9.77
9.73
9.72
8.63
8.60
8.66
8.77
8.46
8.26
8.24
8.23
8.23
8.30
8.53
8.57
8.64
8.79
8.89
8.89
8.86
9.52
9.54
9.55
9.55
9.56
9.67
9.76
9.82
9.75
9.71
9.63
9.65
9.97
9.92
9.62
9.58
9.56
9.54
9.46
9.44
9.44
9.84
9.56
9.59
9.66
9.75
9.91
10.25
11.14
10.84
10.35
9.66
9.49
9.44
9.41
9.40
9.41
9.45
9.54
9.71
10.08
12.52
13.94
11.44
10.81
9.62
9.64
9.68
9.76
9.94
11.06
10.88
10.08
9.89
9.68
9.50
9.48
9.46
9.46
9.46
9.46
10.53
11.09
10.24
10.02
9.77
9.68
9.67
9.65
10.38
10.84
10.29
10.14
10.00
9.70
9.73
9.85
9.95
10.16
12.44
12.02
11.17
10.04
9.78
9.28
9.31
9.32
9.34
10.15
10.68
10.13
9.86
9.60
9.76
10.02
10.16
10.36
10.65
11.31
11.69
11.92
12.59
15.04
19.59
19.34
13.30
11.34
10.80
10.59
10.78
10.55
10.30
9.92
9.82
9.77
9.75
8.92
8.75
8.63
8.35
8.25
8.24
8.25
8.53
8.59
8.60
8.66
8.94
8.98
8.93
8.85
8.73
8.74
8.79
9.24
9.47
9.59
9.59
9.60
9.60
9.71
9.80
9.86
9.78
9.73
9.71
9.69
9.67
9.66
9.67
9.75
10.00
10.00
9.67
9.62
9.53
9.47
9.63
9.80
9.72
9.55
9.53
9.69
9.79
9.97
10.53
11.12
10.22
9.61
9.49
9.44
9.42
9.40
9.41
9.43
9.48
9.59
9.81
10.44
14.27
16.54
12.36
10.01
9.73
9.68
9.68
9.74
9.86
10.34
11.83
11.87
10.27
9.49
9.48
9.48
9.48
9.49
9.49
9.49
10.14
10.70
10.33
10.07
9.72
9.70
9.69
9.89
11.08
10.46
10.28
10.01
9.90
9.85
9.80
9.76
9.74
9.96
10.13
11.10
12.13
11.41
10.15
9.83
9.71
9.54
9.45
9.40
9.29
9.32
9.34
9.35
9.37
10.18
10.71
10.15
9.89
9.45
9.44
9.47
9.54
10.17
10.34
10.61
11.25
12.14
12.56
15.05
21.06
19.24
14.78
11.52
10.90
10.70
10.74
10.25
9.91
9.84
9.79
9.75
8.60
8.28
8.25
8.24
8.23
8.28
8.58
8.60
8.61
8.63
8.71
9.07
9.09
8.87
9.56
9.63
9.63
9.74
9.83
9.89
9.81
9.76
9.73
9.71
9.71
9.74
10.02
10.02
9.75
9.66
9.63
9.53
9.48
9.47
9.48
9.52
9.74
9.87
9.64
9.56
9.83
10.05
11.03
11.12
10.04
9.59
9.51
9.45
9.51
9.65
9.96
10.88
17.16
11.71
9.84
9.73
9.81
10.01
11.38
11.80
10.74
10.11
9.62
9.58
9.52
9.52
9.52
9.52
10.04
10.67
10.47
10.13
9.75
9.73
9.72
10.10
10.80
10.48
10.00
10.13
10.63
12.24
11.60
10.35
9.89
9.38
9.40
10.21
10.74
10.20
9.92
9.63
9.52
10.35
10.59
11.08
11.62
12.09
12.58
14.52
20.69
12.72
11.57
11.03
10.95
10.70
10.18
9.92
9.85
9.74
8.55
8.27
8.24
8.25
8.49
8.57
8.61
8.62
8.65
8.69
8.83
9.03
8.82
9.64
9.67
9.67
9.67
9.78
9.86
9.92
9.84
9.79
9.76
9.76
10.04
10.03
9.71
9.67
9.65
9.61
9.53
9.50
9.51
9.57
10.01
9.62
9.58
10.15
11.21
11.11
10.68
9.78
9.59
9.52
9.48
9.47
9.55
9.73
10.18
13.50
16.28
13.09
11.32
10.31
9.70
9.78
9.91
10.86
11.78
10.29
10.04
9.80
9.70
9.56
9.55
9.55
9.55
9.55
9.92
10.63
10.62
10.19
9.88
9.79
9.77
9.76
9.75
10.15
10.87
10.56
10.41
10.32
9.82
9.91
9.98
10.12
10.53
12.34
11.78
10.91
9.96
9.80
9.36
9.42
9.44
10.24
10.78
10.23
9.95
9.81
10.09
10.21
10.38
10.60
11.06
11.49
12.05
12.54
14.53
20.30
14.01
11.57
10.95
10.49
10.06
9.95
9.88
9.83
9.84
8.36
8.27
8.25
8.24
8.28
8.42
8.56
8.62
8.64
8.68
8.75
9.10
8.95
8.77
8.75
8.77
8.81
8.87
9.70
9.71
9.71
9.71
9.70
9.81
9.89
9.94
9.86
9.82
9.85
10.05
10.05
9.77
9.61
9.53
9.55
9.73
9.89
9.76
9.62
9.60
9.60
9.63
9.70
9.85
10.25
11.12
11.13
10.62
9.78
9.60
9.44
9.49
9.59
9.84
10.71
17.00
12.04
11.08
10.00
9.82
9.77
9.85
10.08
11.61
11.70
10.66
10.16
10.01
9.58
9.57
9.57
9.58
9.58
9.58
9.59
9.78
10.79
10.25
9.80
9.79
9.79
9.80
10.23
10.96
10.65
10.48
10.39
10.23
10.06
9.98
9.91
9.86
9.84
10.00
10.12
10.43
12.44
10.59
10.03
9.85
9.76
9.61
9.52
9.46
9.41
9.46
9.48
10.28
10.82
10.27
9.99
9.51
9.53
9.59
9.71
10.25
10.42
10.66
11.22
11.43
11.78
12.43
14.21
19.93
15.20
11.74
11.03
10.64
10.38
10.21
10.08
9.98
9.76
8.27
8.25
8.63
8.64
8.66
8.73
9.07
9.02
8.78
9.70
9.74
9.73
9.84
9.92
10.00
9.89
10.08
10.07
9.86
9.76
9.60
9.56
9.55
9.56
9.60
9.84
9.96
9.70
9.63
9.62
9.64
9.69
9.81
10.29
11.04
10.55
9.74
9.62
9.57
9.52
9.65
9.99
12.41
15.99
14.58
11.53
10.91
9.93
9.94
10.83
11.69
10.34
9.61
9.62
9.62
9.62
11.00
10.32
9.85
9.88
10.33
11.05
10.70
10.56
10.20
10.13
10.38
12.54
11.02
10.11
9.50
9.52
10.33
10.87
10.31
10.02
9.69
9.57
10.46
10.74
11.25
11.68
12.23
14.17
19.69
16.48
11.98
11.19
10.75
10.47
10.27
10.13
10.03
9.95
9.81
8.25
8.28
8.62
8.64
8.65
8.70
9.02
9.07
8.79
8.76
9.77
9.77
9.77
9.76
9.87
9.94
10.14
10.07
9.82
9.78
9.72
9.69
9.60
9.59
9.59
9.60
9.70
9.92
10.03
9.69
9.65
9.66
9.69
9.78
10.16
11.04
10.49
9.75
9.65
9.60
9.56
9.51
9.55
9.71
10.26
14.39
16.85
12.54
10.22
9.80
9.82
9.87
10.10
11.54
11.73
10.66
10.25
9.82
9.65
9.65
9.66
9.66
10.49
10.99
10.40
10.19
9.97
9.91
9.95
9.99
10.46
10.88
11.16
10.79
9.99
10.04
10.14
10.35
12.63
11.34
10.21
9.96
9.45
9.54
9.57
10.38
10.93
10.35
10.05
10.17
10.32
10.51
10.81
11.29
11.70
12.21
13.75
19.71
18.07
12.32
11.38
10.89
10.57
10.35
10.19
9.82
10.03
8.24
8.25
8.31
8.62
8.65
8.66
8.82
9.02
9.07
8.81
8.78
8.77
8.79
8.84
8.91
8.98
9.08
9.83
9.82
9.81
9.80
9.80
9.79
9.89
10.05
10.13
9.91
9.85
9.81
9.68
9.62
9.62
9.64
9.85
9.99
9.79
9.70
9.68
9.70
9.76
9.94
11.38
11.24
10.49
9.81
9.70
9.51
9.58
9.80
10.49
16.71
11.80
10.11
9.94
9.88
9.84
9.86
9.94
11.39
11.77
10.46
10.22
9.96
9.67
9.67
9.68
9.69
9.69
9.70
9.70
10.43
10.97
10.48
10.25
9.93
9.97
10.03
10.09
10.13
10.60
10.99
11.25
10.88
10.69
10.58
10.21
10.09
10.00
9.96
9.98
10.02
10.07
10.15
10.33
11.24
12.32
11.59
10.33
10.02
9.89
9.72
9.62
9.55
9.50
9.42
9.46
9.53
9.60
9.63
10.44
11.00
10.41
10.08
9.59
9.65
9.77
9.98
10.08
10.20
10.35
10.55
10.90
11.32
11.52
11.75
12.36
13.82
18.77
21.67
19.47
12.85
11.67
11.07
10.70
9.82
8.28
8.61
8.67
8.72
8.94
9.04
8.83
8.80
8.79
8.79
9.24
9.85
9.84
9.83
9.82
9.81
9.94
10.03
9.97
9.90
9.86
9.69
9.66
9.66
9.71
10.06
9.77
9.72
9.72
9.76
9.87
10.85
11.63
9.90
9.75
9.68
9.61
9.92
13.65
16.16
13.35
11.42
10.53
10.06
9.88
9.91
10.04
11.05
11.83
10.96
10.39
10.21
9.73
9.73
9.74
9.74
10.35
10.96
10.60
10.32
10.06
10.15
10.22
10.26
10.27
10.72
11.09
11.34
10.91
10.75
10.62
10.41
10.04
10.09
10.17
10.33
10.88
12.45
11.79
10.50
10.09
9.65
9.70
10.52
11.09
10.44
10.10
9.73
9.63
10.10
10.23
10.38
10.60
11.07
11.36
11.80
12.54
14.33
18.64
20.75
13.91
12.10
9.92
9.96
8.42
8.68
8.68
8.71
9.02
8.91
8.85
8.83
8.82
8.82
9.74
9.91
9.85
9.89
10.08
9.95
9.91
9.88
9.86
9.85
9.84
9.78
9.71
9.70
9.70
9.85
10.04
9.94
9.77
9.74
9.76
9.84
10.15
11.61
11.62
10.03
9.60
9.57
9.64
10.19
15.35
15.94
12.14
11.24
10.37
9.93
9.97
10.20
12.04
10.69
9.77
9.77
9.78
9.78
10.26
10.94
10.73
10.39
10.12
10.19
10.33
10.40
10.42
10.41
10.38
10.82
11.17
11.24
10.97
10.80
10.12
10.20
10.33
10.77
12.56
11.98
10.93
10.16
10.00
9.56
9.72
9.78
10.62
11.21
10.47
10.12
10.26
10.42
10.66
11.23
11.40
11.63
11.83
12.84
15.43
18.35
14.48
14.59
13.25
11.82
10.09
9.88
10.24
8.26
8.27
8.67
8.69
8.70
8.70
8.89
8.94
8.89
8.87
8.86
8.86
8.86
8.87
8.89
8.91
8.94
8.96
8.99
9.02
9.05
9.08
9.11
9.15
9.24
9.96
9.94
9.88
9.87
9.98
10.05
10.02
9.99
9.95
9.92
9.91
9.89
9.78
9.74
9.75
9.98
10.12
9.86
9.78
9.78
9.83
10.00
11.42
11.60
10.39
9.88
9.59
9.61
9.67
12.30
16.05
11.71
11.16
10.29
10.10
10.01
9.97
10.04
10.61
11.89
10.57
10.01
9.79
9.80
9.81
9.83
10.15
10.92
10.88
10.47
10.07
10.05
10.14
10.43
10.60
10.64
10.62
10.57
10.51
10.46
10.90
11.24
11.39
11.03
10.42
10.22
10.10
10.09
10.22
10.34
10.66
12.67
10.74
10.24
10.06
9.96
9.81
9.72
9.64
9.54
9.57
9.68
9.81
9.89
10.77
11.38
10.51
10.09
9.71
9.82
10.04
10.15
10.29
10.46
10.73
11.26
11.45
11.68
12.03
13.08
19.12
18.06
11.34
11.98
13.90
13.09
11.72
10.47
9.96
8.31
8.55
8.67
8.71
8.72
8.72
8.82
8.94
8.93
8.90
8.90
8.89
8.91
8.93
8.96
8.99
9.02
9.05
9.07
9.11
9.14
9.18
9.23
9.44
10.00
9.96
9.92
9.91
9.93
10.01
10.05
10.06
10.01
10.00
9.96
9.81
9.79
9.80
10.14
9.85
9.80
9.83
9.93
10.82
11.60
9.97
9.82
9.69
9.62
9.64
9.71
13.11
15.48
12.77
11.59
11.19
10.97
10.83
10.74
10.24
10.02
10.13
11.17
11.96
11.05
10.51
10.17
9.85
9.88
10.01
11.07
10.57
10.13
10.10
10.26
10.95
11.04
10.94
10.85
10.75
10.66
10.60
10.53
10.98
11.31
11.34
11.07
10.90
10.77
10.36
10.62
12.78
11.23
10.33
9.92
10.05
11.05
11.44
10.44
10.03
9.73
9.70
10.18
10.32
10.51
10.79
11.30
11.72
12.16
13.46
19.26
17.75
15.37
11.73
10.28
11.29
13.55
13.07
11.65
9.98
10.14
8.72
8.73
8.74
8.75
8.80
8.88
8.94
8.99
8.96
8.94
8.96
9.00
9.03
9.06
9.10
9.13
9.15
9.19
9.22
9.27
9.34
9.62
10.06
9.94
9.93
9.91
9.94
9.98
10.14
10.03
9.96
9.89
9.85
9.85
9.85
9.85
10.03
10.16
9.99
9.85
9.84
9.90
10.24
11.57
11.58
10.11
9.88
9.80
9.67
9.66
9.65
9.67
9.74
14.91
12.42
11.63
11.28
11.08
10.96
10.87
10.82
10.77
10.69
10.08
10.31
12.19
10.81
9.92
9.93
9.93
11.56
10.71
10.51
10.40
10.33
10.27
10.23
10.19
10.15
11.66
12.07
11.58
11.33
11.13
10.97
10.87
10.77
10.68
10.61
11.07
11.39
11.52
11.13
10.96
10.59
12.88
11.56
10.44
10.19
9.59
9.71
10.08
10.35
11.71
11.30
10.21
9.92
10.36
10.55
10.87
11.34
11.78
12.34
14.00
19.03
14.74
11.07
10.17
9.86
10.80
13.30
13.12
11.64
10.12
10.01
10.54
8.28
8.31
8.72
8.76
8.77
8.78
8.87
9.00
9.05
9.10
9.16
9.20
9.24
9.26
9.29
9.31
9.34
9.37
9.40
9.51
9.41
9.37
9.41
10.10
10.07
9.98
9.96
9.95
9.93
9.92
9.90
10.04
10.10
10.14
10.02
9.94
9.92
9.92
9.92
9.94
10.19
10.17
9.92
9.86
9.89
10.05
11.45
10.40
9.96
9.71
9.78
13.14
15.09
12.49
11.74
11.42
11.23
11.12
11.07
11.05
10.99
10.89
10.77
10.66
10.57
10.26
10.11
10.10
10.14
10.73
11.87
10.70
10.08
9.93
9.94
9.96
9.98
9.99
10.70
11.20
10.89
10.62
10.49
10.41
10.34
10.29
10.25
10.21
11.62
11.54
11.54
11.33
11.17
11.02
10.90
10.81
10.73
11.18
11.49
11.52
11.22
11.03
10.90
10.41
10.22
10.25
10.30
10.39
10.58
11.44
12.58
11.83
10.58
10.26
10.14
9.96
9.86
9.77
9.66
9.71
9.91
9.99
10.13
10.44
11.67
10.86
9.97
9.85
9.89
10.12
10.24
10.39
10.60
11.01
11.38
11.82
12.51
14.68
18.80
13.98
10.76
10.10
9.81
9.65
10.38
13.33
11.64
10.46
10.13
8.72
8.78
8.79
8.80
8.81
8.85
8.94
8.95
9.43
9.44
9.47
9.41
9.61
10.18
10.06
9.97
9.96
9.94
9.92
10.07
10.16
10.09
10.01
10.01
10.00
10.00
10.00
10.00
10.01
10.02
10.03
10.14
10.15
9.89
9.88
9.98
10.76
11.56
10.05
9.90
9.76
9.75
9.82
13.26
15.36
12.61
11.93
11.63
11.48
11.47
11.56
11.43
11.39
11.14
10.97
10.84
10.73
10.65
10.60
10.56
10.58
10.15
10.15
10.23
11.31
12.12
11.17
10.66
10.37
10.23
10.04
10.05
10.52
11.13
11.11
10.76
10.59
10.49
10.42
10.36
10.31
10.26
10.80
11.21
11.17
11.14
11.31
11.37
11.33
11.14
11.00
10.88
11.35
11.63
11.61
11.33
11.11
10.34
10.42
10.58
11.26
12.72
12.06
10.73
10.34
10.04
10.17
10.46
11.70
10.58
10.00
9.88
9.83
9.79
9.84
10.27
10.43
10.65
11.35
11.42
11.63
11.86
12.76
15.05
18.54
13.05
10.57
10.03
9.77
9.62
9.53
9.99
12.93
13.42
11.69
10.11
10.39
8.77
8.79
8.80
8.81
8.82
8.84
8.85
8.91
8.91
8.92
8.92
8.94
8.97
9.00
9.03
9.07
9.11
9.18
9.44
9.57
9.47
9.82
10.23
10.23
9.96
10.01
10.22
10.09
10.07
10.07
10.09
10.10
10.10
10.10
10.10
10.11
10.11
10.13
10.17
10.22
10.30
10.26
10.18
9.93
9.88
9.95
10.23
11.51
11.53
10.20
9.96
9.88
9.80
9.79
9.77
9.79
9.86
13.44
15.84
12.86
12.26
12.09
12.28
12.01
11.73
11.99
11.44
11.36
11.36
11.18
11.00
10.94
10.82
10.78
10.85
10.21
10.21
10.41
12.36
10.94
10.66
10.10
10.10
10.11
10.25
11.44
10.90
10.71
10.58
10.50
10.43
10.37
10.32
10.54
11.24
10.80
10.63
10.67
10.85
10.99
11.21
11.30
11.38
11.20
11.57
11.81
11.86
11.41
10.45
10.59
11.03
12.85
12.26
11.08
10.43
10.28
9.69
9.72
9.93
9.99
10.08
10.22
10.55
11.73
11.34
10.58
10.03
9.91
10.47
10.71
11.28
11.45
11.68
12.03
13.01
16.97
18.27
16.18
11.82
10.43
9.97
9.74
9.60
9.50
9.45
9.59
13.66
11.71
10.19
10.21
11.02
8.31
8.44
8.56
8.69
8.77
8.85
8.87
8.88
8.90
8.92
8.94
8.97
9.00
9.03
9.06
9.10
9.14
9.18
9.43
9.61
9.54
9.52
9.54
9.59
10.01
10.25
10.20
10.10
10.00
9.98
10.11
10.21
10.18
10.16
10.18
10.20
10.22
10.22
10.24
10.25
10.30
10.39
10.35
10.30
10.25
10.13
9.87
9.88
9.94
10.09
11.49
10.80
10.03
9.82
9.90
13.74
15.98
13.58
12.99
12.41
11.57
11.18
10.78
10.85
10.91
10.97
11.06
11.10
11.13
11.25
11.28
10.85
10.56
10.41
10.33
10.28
10.27
10.29
10.91
11.88
10.86
10.72
10.22
10.10
10.12
10.14
10.15
10.16
10.17
10.18
10.19
10.92
11.41
11.08
10.83
10.69
10.59
10.51
10.44
10.38
10.33
10.94
11.32
10.97
10.74
10.60
10.51
10.44
10.48
10.72
10.90
11.18
11.29
11.94
12.19
11.95
10.92
10.46
10.33
10.48
10.61
10.94
12.97
10.98
10.52
10.35
10.26
10.10
9.99
9.90
9.82
9.67
9.70
9.82
9.90
10.04
10.12
10.26
10.62
11.76
10.57
10.06
9.95
9.91
10.21
10.34
10.51
10.78
11.31
11.50
11.74
12.13
13.35
19.47
17.98
15.66
10.08
10.31
9.92
9.72
9.58
9.50
9.44
9.40
9.40
14.19
11.77
11.10
10.41
10.38
8.77
8.92
9.22
9.40
9.62
9.62
9.58
9.61
9.66
9.73
9.80
9.86
10.37
10.20
10.09
10.04
10.03
10.03
10.29
10.30
10.35
10.40
10.43
10.45
10.49
10.43
10.36
10.15
10.05
9.91
9.91
9.91
9.95
10.04
10.69
11.50
10.13
9.97
9.89
9.87
9.95
14.43
16.71
12.57
11.85
11.21
10.82
10.68
10.57
10.49
10.42
10.35
10.37
10.51
10.63
10.72
11.38
10.91
10.60
10.45
10.38
10.34
10.34
10.40
11.54
12.26
11.27
10.87
10.87
10.63
10.40
10.27
10.76
11.37
11.34
10.98
10.80
10.69
10.59
10.51
10.44
10.38
10.72
11.21
11.20
10.86
10.69
10.58
10.51
10.46
10.42
10.39
10.37
10.66
10.87
12.41
10.38
10.34
10.64
10.92
13.06
11.51
10.63
10.17
10.31
10.67
11.80
10.56
10.10
10.00
9.95
9.93
9.92
9.98
10.15
10.24
10.37
10.55
10.84
11.34
11.78
12.29
13.83
19.27
17.66
15.06
11.27
10.21
9.88
9.69
9.57
9.49
9.43
9.39
9.37
9.38
14.12
11.86
11.14
10.34
10.78
8.83
8.85
9.26
9.36
9.70
9.66
9.71
9.77
9.84
9.93
9.97
10.06
10.38
10.43
10.45
10.40
10.09
10.07
10.05
10.15
10.29
10.65
10.79
10.68
10.57
10.29
10.18
10.05
10.00
9.99
9.97
9.96
9.96
9.97
10.03
10.27
11.45
11.47
10.29
10.03
9.95
9.91
9.94
9.93
9.90
9.90
9.91
9.99
16.25
12.94
11.77
11.32
11.04
10.86
10.72
10.62
10.53
10.46
10.40
10.34
10.29
10.25
10.21
10.81
11.38
11.00
10.65
10.51
10.44
10.43
10.45
10.58
12.02
12.17
10.96
11.06
11.16
10.36
10.52
11.74
11.14
10.93
10.79
10.67
10.58
10.50
10.43
10.38
11.43
11.00
10.79
10.67
10.59
10.53
10.49
10.46
10.43
10.41
10.40
10.39
10.65
10.38
10.39
10.40
10.90
13.06
11.89
10.75
10.52
9.85
9.90
10.37
10.77
11.85
10.55
10.14
10.04
10.28
10.41
10.60
10.96
11.38
11.82
12.44
14.49
19.05
17.31
14.35
10.84
10.13
9.40
9.37
9.35
9.37
12.36
14.06
11.93
11.20
10.43
10.52
11.96
8.82
8.91
9.04
9.16
9.31
9.36
9.59
9.72
9.76
9.84
9.91
10.01
10.10
10.09
10.29
10.38
10.42
10.36
10.25
10.14
10.12
10.11
10.09
10.57
10.41
10.24
10.15
10.12
10.09
10.07
10.06
10.04
10.03
10.02
10.02
10.05
10.18
11.42
10.72
10.10
9.95
9.95
10.04
13.93
15.86
12.63
11.77
11.34
11.07
10.29
10.25
10.78
11.39
11.07
10.70
10.57
10.52
10.53
10.60
11.33
12.13
10.85
11.82
11.64
10.36
10.30
10.33
10.36
10.38
10.38
10.40
10.47
10.49
11.22
11.71
11.34
11.09
10.90
10.76
10.64
10.55
10.48
10.42
10.88
11.33
11.20
10.91
10.76
10.48
10.47
10.46
10.46
10.46
10.47
10.48
10.51
10.55
10.62
10.71
10.91
11.72
12.95
12.18
10.91
10.60
10.49
10.31
10.19
10.09
9.99
9.91
9.86
10.04
10.19
10.28
10.43
10.80
11.89
11.48
10.55
10.19
10.09
10.05
10.46
10.65
11.14
11.42
11.86
12.68
15.02
18.82
13.48
10.63
10.07
9.80
9.38
9.36
9.35
9.37
12.23
14.00
12.03
11.25
10.61
10.76
12.54
8.82
8.99
9.35
9.41
9.48
9.63
9.72
9.81
10.26
10.18
10.58
10.36
10.25
10.20
10.18
10.16
10.15
10.43
10.78
10.60
10.42
10.32
10.26
10.21
10.18
10.16
10.14
10.12
10.11
10.09
10.08
10.10
10.16
10.60
11.41
10.20
10.04
10.08
10.00
10.00
10.08
16.07
12.58
10.34
10.29
10.75
11.40
11.19
10.76
10.65
10.63
10.71
10.90
12.02
11.93
10.93
12.43
13.18
11.95
11.36
10.74
10.53
10.36
10.59
10.62
11.12
11.71
11.65
11.25
11.02
10.84
10.71
10.60
10.52
10.47
10.58
11.55
11.06
10.87
10.56
10.55
10.54
10.53
10.54
10.55
10.57
10.61
10.67
10.76
10.93
11.69
13.10
12.44
11.09
10.70
10.57
10.49
10.34
10.50
10.95
11.95
11.52
10.54
10.24
10.09
10.15
10.29
10.38
10.51
10.71
11.31
11.46
11.67
11.97
12.93
16.32
18.58
12.37
10.46
10.00
9.77
9.63
9.44
9.37
9.36
9.35
9.37
12.09
13.95
12.12
11.33
10.74
11.54
12.08
12.70
13.39
8.71
8.88
8.91
9.40
9.47
9.54
9.61
9.69
9.76
9.84
10.09
10.31
10.30
10.29
10.37
10.67
10.70
10.69
10.61
10.26
10.25
10.23
10.22
10.42
10.75
10.74
10.51
10.40
10.33
10.29
10.26
10.23
10.21
10.20
10.19
10.17
10.17
10.19
10.39
11.36
11.37
10.38
10.09
10.02
10.02
10.10
10.15
10.09
10.05
10.05
10.30
15.72
12.52
10.79
10.55
10.39
10.34
10.71
11.41
11.28
10.84
10.76
10.84
11.14
11.94
11.38
10.49
12.78
12.09
11.46
10.44
10.43
10.75
10.78
10.95
11.98
11.44
11.13
10.92
10.75
10.64
10.56
10.51
10.48
11.04
11.48
11.25
10.99
10.73
10.64
10.67
10.72
10.81
10.96
11.40
13.11
12.67
11.36
10.81
10.07
10.14
10.56
11.07
12.01
10.53
10.30
10.21
10.45
10.57
10.79
11.35
11.72
12.05
13.19
19.73
18.32
16.03
10.81
10.35
9.95
9.37
9.37
9.37
9.38
11.95
13.90
12.27
11.42
10.87
11.04
12.05
12.90
13.84
14.80
8.59
8.84
8.88
8.97
9.13
9.27
9.68
9.76
9.84
9.92
10.12
10.38
10.45
10.40
10.61
10.71
10.62
10.55
10.44
10.34
10.33
10.31
10.30
10.41
10.92
10.62
10.50
10.43
10.38
10.35
10.33
10.31
10.30
10.28
10.27
10.27
10.33
11.33
11.32
10.16
10.11
10.11
10.71
15.14
12.44
11.24
10.44
10.39
10.67
11.42
11.40
10.95
11.03
11.62
11.90
11.10
10.49
10.44
11.45
12.38
11.61
10.57
10.59
10.65
10.72
10.70
10.67
10.73
10.79
10.88
10.97
11.00
10.99
11.68
12.13
11.66
11.26
10.97
10.78
10.67
10.60
10.56
10.54
10.81
11.38
11.54
11.15
10.75
10.79
10.87
10.99
11.35
13.11
11.35
10.92
10.76
10.44
10.32
10.21
10.10
10.02
10.09
10.38
10.48
10.64
11.10
12.07
10.53
10.37
10.28
10.24
10.22
10.65
10.88
11.38
11.76
12.20
13.61
19.68
18.05
15.48
11.38
10.23
9.89
9.71
9.38
9.38
9.38
9.39
11.80
13.86
12.38
11.55
11.07
11.33
11.38
11.46
11.53
11.62
11.94
12.97
14.50
16.20
18.19
8.49
8.88
9.06
10.02
10.13
10.63
10.53
10.84
10.58
10.48
10.47
10.45
10.44
10.43
10.42
10.41
10.40
11.13
10.76
10.62
10.55
10.50
10.48
10.46
10.44
10.43
10.42
10.41
10.40
10.95
11.25
10.24
10.09
10.28
10.17
10.17
11.08
14.45
12.44
10.49
10.45
10.62
11.44
11.55
11.27
12.09
11.86
11.48
10.78
10.55
10.52
10.50
12.57
12.32
11.79
11.35
10.89
10.74
10.66
10.80
10.91
11.05
11.20
11.33
11.32
11.24
11.65
12.18
11.98
11.35
10.98
10.79
10.69
10.64
10.61
10.60
10.59
11.26
11.67
11.32
10.81
10.86
10.93
11.05
11.33
13.12
11.95
11.05
10.87
10.78
10.62
10.07
10.55
10.72
11.31
12.15
11.69
10.52
10.44
10.36
10.33
10.31
10.40
10.44
10.50
10.56
10.64
10.75
11.01
11.41
11.62
11.81
12.30
14.20
19.54
14.83
10.87
10.13
9.45
9.41
9.40
9.40
9.40
9.41
11.64
13.84
12.59
11.70
11.56
11.62
11.69
11.77
11.84
11.94
12.06
12.22
12.80
15.59
19.31
20.27
19.76
8.94
8.97
9.58
10.12
10.21
10.74
10.66
10.65
10.73
11.02
11.02
10.99
10.87
10.60
10.59
10.58
10.57
10.57
10.57
10.57
10.59
11.04
11.35
10.96
10.80
10.72
10.69
10.67
10.65
10.64
10.63
10.61
10.60
10.65
11.27
11.18
10.40
10.11
10.06
10.12
10.30
10.43
10.44
10.25
10.23
10.23
10.23
11.42
14.32
12.48
11.03
10.75
10.55
10.50
10.55
12.06
11.99
11.30
10.67
10.66
10.64
10.61
10.59
11.55
12.42
12.23
12.05
11.48
10.72
10.74
10.99
11.23
11.82
11.77
11.96
11.73
11.55
11.61
12.39
11.34
10.93
10.68
11.09
11.61
11.60
11.29
11.15
10.96
11.01
11.11
11.33
13.12
12.37
11.20
10.40
10.50
10.55
10.65
10.81
11.37
12.24
11.77
10.50
10.52
10.45
10.42
10.41
10.41
10.55
10.62
10.69
10.78
10.89
11.21
11.47
11.85
12.50
14.77
19.41
14.05
10.64
10.05
9.80
9.42
9.42
9.43
9.43
11.47
13.84
12.84
11.94
11.91
11.98
12.04
12.13
12.25
12.38
12.54
12.73
12.96
13.18
13.56
16.52
21.16
20.84
19.00
8.87
8.88
8.90
8.94
9.04
9.23
9.41
9.94
10.23
10.32
10.58
10.85
10.81
10.77
10.97
11.09
10.91
10.89
10.87
10.85
10.79
10.78
10.78
10.77
10.77
10.79
10.79
10.83
10.88
10.89
10.88
11.46
11.59
11.33
11.15
11.10
11.09
11.07
11.06
11.04
11.04
11.04
11.00
11.46
10.96
10.12
10.31
10.29
10.29
10.29
10.31
14.13
12.71
11.58
10.56
10.52
12.32
11.81
11.05
10.74
10.80
10.81
10.77
10.72
10.69
12.21
12.21
11.64
10.87
11.06
11.12
11.18
11.28
11.38
11.44
11.38
11.26
11.19
11.13
11.09
11.07
11.09
11.19
11.45
12.19
11.96
12.51
11.73
11.78
11.85
12.64
12.46
11.04
10.82
10.78
10.78
11.91
11.48
11.30
11.18
11.38
15.21
13.16
12.72
11.37
11.10
10.63
10.49
10.35
10.24
10.15
10.09
10.06
10.08
10.15
10.42
10.66
10.75
10.92
11.52
12.35
11.86
10.96
10.62
10.55
10.52
10.52
10.52
10.53
10.55
10.57
10.60
10.64
10.69
10.77
10.85
10.96
11.10
11.63
11.59
11.81
11.91
12.72
15.75
19.33
13.06
10.42
9.97
9.76
9.64
9.49
9.44
9.45
9.45
9.46
11.29
13.89
13.17
12.41
12.36
12.42
12.47
12.56
12.67
12.74
12.91
13.14
13.47
13.85
14.22
14.19
14.01
13.83
13.65
13.45
16.76
16.12
8.94
9.15
10.35
10.45
10.64
10.96
10.94
10.90
11.19
11.05
11.04
11.03
11.03
11.02
11.02
11.02
11.02
11.02
11.04
11.05
11.08
11.12
11.26
11.21
11.31
11.25
11.18
11.11
11.05
10.50
10.13
10.12
10.48
10.37
10.36
10.35
10.36
10.61
15.11
13.01
10.62
10.58
10.92
10.95
10.98
11.12
11.05
10.93
10.84
10.79
12.34
11.97
12.16
11.87
11.58
11.43
11.31
11.10
11.15
11.20
11.26
11.34
11.44
11.64
11.88
11.95
12.19
11.71
11.52
11.41
11.35
11.30
11.28
11.38
11.82
12.22
11.53
10.95
11.01
11.19
11.34
11.48
10.89
10.87
10.88
10.88
10.89
10.89
11.40
11.88
11.74
11.48
11.21
11.27
11.43
12.17
13.16
13.03
11.58
11.22
11.11
10.96
10.84
10.41
10.87
11.04
11.88
12.48
11.97
10.97
10.73
10.67
10.65
10.65
10.66
10.67
10.70
10.73
10.77
10.81
10.88
10.97
11.10
11.20
11.32
11.47
11.65
11.92
12.10
12.98
19.05
18.80
16.79
11.70
10.24
9.89
9.46
9.46
9.47
9.48
9.48
9.49
11.08
14.05
13.84
13.42
13.51
13.72
14.07
14.51
14.55
14.30
14.05
13.81
13.56
13.31
12.44
12.09
11.70
11.25
11.13
12.10
12.90
14.18
9.01
9.05
9.81
10.49
10.59
10.71
11.11
11.06
11.13
11.48
11.48
11.48
11.47
11.45
11.44
11.42
11.40
11.38
11.36
11.35
11.33
11.31
11.30
11.29
11.28
11.28
11.29
11.31
11.34
11.38
11.45
11.59
11.53
11.46
11.38
11.31
11.23
10.88
10.78
10.67
10.55
10.68
10.82
10.65
10.55
10.52
10.51
10.49
10.47
10.45
10.43
10.41
10.39
10.36
10.18
10.19
10.19
10.26
10.52
10.82
10.87
10.73
10.42
10.42
10.44
10.47
14.93
13.36
11.17
10.87
10.68
10.65
10.62
10.69
10.77
11.60
11.23
11.07
10.97
10.90
12.50
11.76
12.41
11.93
11.69
11.53
11.14
11.16
11.20
11.24
11.29
11.34
11.42
11.53
11.69
11.93
12.27
12.13
11.86
11.98
11.79
11.67
11.60
11.69
12.21
12.22
11.89
11.34
11.00
10.98
10.98
10.98
10.98
10.98
10.99
10.99
11.00
11.00
11.02
11.19
12.12
11.68
11.51
11.33
11.39
11.51
11.93
13.16
13.20
11.82
11.35
10.92
10.95
11.02
11.18
11.76
12.55
12.11
11.11
10.86
10.81
10.80
10.81
10.82
10.85
10.89
10.95
11.02
11.07
11.11
11.16
11.23
11.47
11.65
11.88
12.19
12.56
13.54
18.07
18.02
16.44
11.23
10.07
9.80
9.67
9.51
9.51
9.52
9.52
10.87
14.36
16.71
15.59
14.87
14.35
13.94
12.80
12.40
11.97
11.49
10.94
10.20
10.19
10.21
10.22
10.25
10.29
10.34
10.40
10.48
11.14
12.24
8.48
8.79
8.91
8.93
8.95
8.97
9.01
9.13
9.36
9.59
10.28
10.64
10.75
10.85
11.31
11.22
11.47
11.55
11.61
11.65
11.68
11.69
11.70
11.70
11.69
11.68
11.68
11.66
11.66
11.65
11.65
11.64
11.65
11.67
11.69
11.73
11.76
11.83
11.76
11.68
11.61
11.54
11.46
11.08
10.97
10.85
10.72
10.57
10.40
10.31
10.29
10.26
10.24
10.22
10.50
10.75
10.55
10.49
10.47
10.45
10.43
10.41
10.39
10.37
10.35
10.32
10.29
10.25
10.48
10.49
10.52
10.57
12.75
14.75
13.82
12.90
11.81
10.72
10.70
10.68
10.67
10.66
11.09
11.54
11.49
11.25
11.12
11.03
12.57
11.61
11.95
12.17
12.35
12.08
11.81
11.29
11.29
11.30
11.34
11.38
11.44
11.51
11.60
11.77
12.01
12.43
12.29
12.13
11.68
11.33
10.95
11.19
11.46
12.02
12.19
12.29
11.80
11.13
11.09
11.10
11.10
11.11
11.11
11.12
11.13
11.13
11.13
11.15
11.15
11.75
12.18
11.94
11.70
11.62
11.95
13.16
11.98
11.50
11.36
10.82
10.64
10.49
10.39
10.33
10.30
10.32
10.41
11.01
11.07
11.13
11.17
11.22
11.35
12.21
12.58
12.28
11.23
11.02
10.99
10.99
11.02
11.06
11.13
11.15
11.17
11.19
11.29
11.36
11.46
11.61
11.86
12.23
12.75
13.42
14.71
18.23
16.04
10.49
9.90
9.53
9.52
9.56
9.58
14.12
13.19
12.46
11.76
11.01
10.49
10.41
10.34
10.30
10.27
10.25
10.24
10.24
10.26
10.27
10.31
10.35
10.40
10.47
10.55
10.65
10.78
8.65
8.78
9.01
9.26
10.81
10.93
11.04
11.49
11.40
11.72
11.83
11.90
11.94
11.97
11.98
12.00
12.00
12.01
12.03
12.05
12.08
12.11
12.12
12.18
12.09
12.01
11.91
11.82
11.41
11.31
11.20
11.07
10.94
10.77
10.59
10.56
10.53
10.50
10.47
10.44
10.42
10.39
10.37
10.34
10.32
10.30
10.28
10.59
10.84
10.68
10.66
10.62
10.59
10.56
10.53
10.50
10.48
10.45
10.41
10.37
10.33
10.63
10.68
12.19
14.55
14.41
13.23
10.76
10.77
10.83
11.83
11.47
11.29
11.17
12.60
11.73
11.52
11.85
12.36
12.26
11.96
11.78
11.66
11.56
11.50
11.48
11.50
11.54
11.62
11.70
11.82
12.00
12.38
12.47
12.32
11.89
11.57
11.08
11.07
11.07
11.07
11.08
11.09
11.11
11.42
11.70
11.60
11.21
11.22
11.30
11.30
11.30
11.60
12.17
12.28
11.92
11.98
13.17
12.71
11.65
11.50
11.44
11.36
11.26
11.11
10.81
10.91
11.01
11.11
11.22
11.31
11.39
11.47
11.51
11.61
12.57
12.61
12.49
11.39
11.25
11.25
11.26
11.27
11.27
11.28
11.33
11.35
11.38
11.40
11.44
11.54
11.70
11.95
12.32
12.85
13.80
15.26
16.93
16.08
14.47
9.98
9.74
9.65
9.56
9.57
9.61
9.84
14.22
12.04
11.42
11.06
10.82
10.66
10.55
10.46
10.40
10.35
10.32
10.30
10.63
10.74
10.87
8.87
8.90
8.94
9.10
9.15
10.14
11.01
11.13
11.24
11.50
11.69
11.59
11.60
11.62
11.65
11.69
11.88
12.12
12.26
12.34
12.40
12.47
12.52
12.63
12.55
12.47
12.38
12.29
12.19
11.76
11.63
11.49
11.34
11.18
10.99
10.85
10.82
10.80
10.77
10.75
10.72
10.69
10.66
10.63
10.60
10.56
10.54
10.51
10.48
10.45
10.43
10.40
10.38
10.36
10.34
11.13
10.97
10.89
10.83
10.76
10.71
10.67
10.63
10.60
10.56
10.51
10.45
10.44
10.55
10.71
11.34
11.60
11.31
10.93
10.80
11.45
15.18
13.64
11.27
11.00
10.87
10.88
10.90
11.36
11.82
11.75
11.48
11.32
12.88
11.94
11.72
11.59
11.78
12.38
12.61
12.12
11.94
11.81
11.73
11.73
11.79
11.91
12.09
12.33
12.68
12.52
11.83
11.39
11.22
11.21
11.21
11.21
11.22
11.22
11.24
11.25
11.26
11.28
11.30
11.35
11.34
11.36
11.38
11.40
11.46
11.47
11.47
11.47
12.14
12.54
12.19
12.00
11.97
11.99
12.05
12.15
13.22
13.19
11.81
11.09
11.21
11.35
11.48
11.63
11.77
11.88
12.02
12.20
12.67
12.69
12.78
11.62
11.47
11.44
11.44
11.45
11.47
11.48
11.54
11.64
11.74
11.82
11.97
12.13
12.47
13.04
14.08
16.32
16.84
15.89
13.30
11.07
9.73
9.67
9.63
9.62
9.59
9.63
9.65
9.66
14.02
12.24
11.56
11.15
10.90
10.72
8.79
8.86
8.99
9.01
9.03
9.05
9.10
9.20
9.21
9.23
9.25
9.55
9.64
9.74
9.86
9.99
10.14
10.29
10.45
10.62
10.78
10.95
11.10
11.24
11.37
11.48
11.74
11.91
11.82
11.84
11.88
11.94
11.97
12.76
12.96
12.85
12.76
12.68
12.59
12.28
12.15
12.02
11.88
11.72
11.54
11.32
11.27
11.22
11.17
11.12
11.07
11.02
10.96
10.92
10.89
10.88
10.86
10.83
10.80
10.45
10.43
10.41
11.50
11.52
11.31
11.12
11.01
10.92
10.85
10.79
10.76
10.71
10.63
10.54
10.63
10.71
10.96
11.10
16.00
14.15
13.28
11.94
10.99
10.99
11.01
11.03
11.16
12.15
11.71
11.48
12.03
12.47
12.21
11.96
11.80
11.69
11.69
12.14
12.42
12.63
12.37
12.11
12.04
12.15
12.44
12.92
12.75
12.09
11.71
11.39
11.39
11.38
11.38
11.47
11.49
11.51
11.54
11.62
11.65
11.66
11.67
11.66
11.66
12.06
12.57
12.55
12.30
12.32
12.41
12.58
15.15
13.34
13.11
11.96
11.79
11.13
10.91
10.86
10.81
10.77
10.74
10.72
10.70
10.69
10.69
10.69
10.70
10.72
10.73
10.76
10.79
10.83
10.89
10.97
11.08
11.21
11.36
11.53
11.74
11.95
12.14
12.45
12.60
12.62
12.61
12.56
12.64
11.64
11.63
11.62
11.59
11.64
11.70
11.78
11.89
11.98
12.11
12.27
12.42
12.64
12.86
13.24
14.34
17.39
16.88
12.78
10.07
9.73
9.69
9.67
9.64
9.64
9.70
9.71
12.11
13.85
12.61
11.69
10.42
10.55
8.85
9.11
9.12
9.13
9.15
9.26
9.28
9.29
9.32
9.35
9.38
9.44
9.49
9.56
9.65
9.75
9.87
10.00
10.15
10.32
10.49
10.68
10.86
11.05
11.23
11.40
11.58
11.73
11.84
12.06
12.16
12.06
12.06
12.07
12.90
12.72
12.57
12.44
12.30
12.14
11.96
11.79
11.74
11.69
11.63
11.58
11.53
11.47
11.42
11.37
11.31
11.26
11.21
11.15
11.09
11.04
10.52
10.50
10.48
10.72
10.99
11.36
11.50
11.38
11.21
11.12
11.02
10.96
10.90
10.77
10.61
11.11
10.82
11.15
11.33
13.85
16.13
14.79
13.64
11.14
11.16
11.19
11.23
11.74
12.20
11.95
11.60
11.82
12.65
12.24
12.05
11.90
11.79
11.71
12.14
12.72
12.69
12.85
13.07
12.84
12.38
12.03
11.59
11.58
11.58
11.58
11.76
11.88
11.88
11.88
11.87
11.89
13.04
12.79
13.09
13.43
13.24
13.06
12.47
12.07
11.97
11.96
11.94
11.90
11.78
11.54
11.05
11.00
10.95
10.92
10.90
10.89
10.88
10.89
10.90
10.92
10.94
10.98
11.02
11.07
11.13
11.21
11.32
11.47
11.68
11.88
12.05
12.15
12.26
12.36
12.46
12.54
12.43
11.87
11.92
11.86
11.88
11.94
11.99
12.09
12.19
12.28
12.47
12.63
12.78
13.11
13.37
13.77
14.36
15.05
17.61
16.89
14.13
12.16
9.81
9.74
9.72
9.70
9.70
9.69
9.71
9.72
9.75
9.76
11.72
13.67
12.95
11.84
10.57
10.46
11.04
8.95
8.99
9.03
9.16
9.17
9.19
9.20
9.22
9.24
9.27
9.30
9.35
9.36
9.37
9.39
9.43
9.46
9.52
9.57
9.65
9.76
9.84
9.94
10.06
10.19
10.35
10.52
10.70
10.88
11.07
12.06
12.13
12.14
12.14
12.11
12.21
12.35
12.30
12.22
12.17
12.12
12.07
12.01
11.95
11.89
11.82
11.77
11.71
11.65
11.59
11.54
11.48
11.42
11.36
11.30
11.24
11.17
11.12
10.87
10.76
10.68
10.61
10.59
10.57
10.55
10.54
10.57
10.91
11.15
11.49
11.63
11.43
11.28
11.19
10.91
10.66
12.66
11.79
11.28
11.07
11.01
11.20
11.49
12.88
12.73
11.72
11.11
11.40
11.62
13.55
16.52
15.65
13.98
11.49
11.29
11.31
11.34
11.38
11.42
11.61
12.26
11.69
11.70
12.43
12.90
12.63
12.34
12.14
12.01
11.92
11.87
12.16
13.25
12.67
12.36
11.88
11.81
11.81
11.81
11.80
11.80
11.80
11.81
11.85
12.08
12.12
12.12
12.12
12.11
12.09
12.58
13.54
13.65
13.51
12.95
12.63
12.21
12.20
12.21
12.21
11.74
11.23
11.19
11.16
11.14
11.14
11.15
11.18
11.21
11.26
11.32
11.42
11.53
11.65
11.68
11.65
11.63
11.64
11.68
12.04
12.15
12.23
12.31
12.36
12.35
12.41
12.43
12.38
12.37
12.37
12.38
12.49
12.58
12.72
12.91
13.09
13.40
13.75
14.15
14.98
15.98
16.18
15.81
15.40
14.96
13.66
11.36
9.78
9.76
9.76
9.75
9.74
9.75
9.75
9.80
9.81
9.82
11.24
13.47
13.41
12.01
10.96
8.87
8.94
9.10
9.10
9.11
9.12
9.13
9.14
9.14
9.15
9.17
9.18
9.19
9.20
9.22
9.24
9.27
9.30
9.33
9.39
9.46
9.47
9.57
9.53
9.48
9.47
9.48
9.50
10.17
10.34
10.52
10.72
10.92
11.12
11.31
11.49
11.65
11.79
11.93
12.04
12.13
12.20
12.24
12.27
12.28
12.28
12.31
12.57
12.47
12.41
12.34
12.27
12.20
12.12
12.05
11.98
11.92
11.85
11.78
11.72
11.66
11.60
11.54
11.48
11.40
11.33
11.26
11.21
11.22
11.11
10.71
10.69
10.67
10.66
10.64
10.63
10.62
10.61
10.82
11.11
11.53
11.72
11.80
10.93
18.06
15.45
12.23
11.65
11.42
11.32
11.79
12.07
11.43
11.73
12.01
13.20
16.57
14.11
12.10
11.41
11.50
11.55
11.60
11.65
11.71
11.77
11.93
11.96
12.37
12.99
13.18
12.69
12.41
12.24
12.14
12.10
12.07
12.21
12.07
12.29
12.07
12.07
12.07
12.07
12.07
12.07
12.06
12.21
12.41
12.41
12.40
12.36
12.53
13.81
13.13
12.57
12.53
12.53
12.52
12.52
12.52
12.53
11.98
11.88
11.78
11.68
11.61
11.56
11.53
11.50
11.54
11.59
11.70
11.83
11.77
11.71
11.66
11.62
11.57
11.38
11.32
11.30
11.31
11.35
11.37
11.60
11.85
12.11
12.36
12.63
12.90
13.11
13.17
13.13
13.10
13.11
13.16
13.35
13.53
13.76
14.26
14.73
15.29
16.39
16.01
15.60
15.16
13.48
12.73
11.81
10.31
9.81
9.81
9.81
9.81
9.83
9.83
9.87
9.87
9.89
10.66
14.04
12.20
10.68
10.89
8.67
8.93
9.14
9.15
9.16
9.17
9.18
9.19
9.21
9.22
9.23
9.25
9.28
9.31
9.35
9.42
9.45
9.44
9.43
9.41
9.36
9.33
9.33
9.34
9.35
9.37
9.39
9.43
9.47
9.54
9.65
9.78
9.94
10.12
10.33
10.55
10.79
11.03
11.27
11.51
11.72
11.92
12.09
12.22
12.33
12.42
12.48
12.51
12.53
12.52
12.51
12.47
12.64
12.94
12.88
12.76
12.64
12.53
12.43
12.35
12.26
12.18
12.10
12.03
11.96
11.89
11.82
11.75
11.69
11.61
11.51
11.42
11.35
11.35
10.83
10.81
10.79
10.78
10.77
10.76
10.75
10.74
10.74
10.74
10.78
11.22
11.44
10.60
13.71
12.48
12.02
13.76
12.95
11.24
11.76
12.19
12.52
13.21
17.32
14.04
11.85
11.93
11.99
12.06
12.14
12.27
12.31
13.55
13.06
12.68
12.48
12.40
12.37
12.36
12.36
12.37
12.37
12.38
12.38
12.38
12.66
12.77
12.68
12.64
13.40
13.03
12.93
12.91
12.90
12.91
12.92
12.91
12.91
12.90
12.89
12.88
12.86
12.85
12.84
12.81
12.77
12.67
12.58
12.46
12.36
12.27
12.21
12.19
12.23
12.16
12.03
11.91
11.82
11.73
11.42
11.34
11.25
11.15
11.04
10.90
10.89
10.93
10.99
11.11
11.29
11.56
11.85
12.18
12.51
12.85
13.19
13.57
13.99
14.33
14.35
14.20
14.31
14.48
14.99
15.62
16.23
16.33
15.90
15.43
13.04
12.17
11.07
9.90
9.89
9.89
9.89
9.89
9.89
9.91
9.92
9.92
9.94
9.95
9.96
9.97
14.48
12.48
10.71
10.67
11.42
8.88
9.05
9.08
9.10
9.13
9.14
9.16
9.17
9.18
9.19
9.20
9.21
9.22
9.24
9.26
9.27
9.30
9.33
9.39
9.48
9.44
9.42
9.40
9.30
9.26
9.21
9.17
9.19
9.21
9.23
9.25
9.28
9.32
9.37
9.43
9.50
9.60
9.72
9.87
10.05
10.25
10.49
10.74
11.01
11.29
11.56
11.81
12.05
12.78
12.75
12.71
12.65
12.58
12.51
12.43
12.37
12.30
12.24
12.17
12.12
12.06
11.98
11.90
11.78
11.59
11.52
11.57
11.53
11.18
11.15
11.12
11.09
11.07
11.05
11.03
11.01
10.99
10.97
10.97
10.95
10.95
10.94
10.94
10.94
10.96
11.00
10.96
10.91
10.79
10.73
10.69
10.71
10.74
10.77
10.80
24.50
12.28
13.72
16.84
15.08
12.07
11.32
11.38
12.21
12.85
13.22
15.39
16.58
13.74
11.84
11.77
12.42
12.49
12.55
12.62
13.15
13.75
13.48
12.91
12.74
12.70
12.70
12.70
12.71
12.72
12.73
12.73
12.76
12.82
13.15
13.16
13.17
13.07
13.01
13.33
13.66
13.52
13.45
13.45
13.46
13.45
13.45
13.45
13.43
13.44
13.41
13.39
13.37
13.39
13.41
13.43
13.44
13.44
13.32
13.09
12.85
12.62
12.39
11.56
11.42
11.29
11.14
10.97
10.90
10.93
10.96
10.98
11.02
11.07
11.12
11.17
11.22
11.31
11.48
11.76
12.14
12.57
13.04
13.49
13.98
14.51
15.16
16.05
16.77
16.70
17.48
17.28
16.54
15.92
15.36
13.42
12.58
11.53
10.02
10.01
10.00
10.00
10.00
10.00
10.00
10.00
10.02
10.01
10.01
10.02
10.03
10.04
10.05
14.36
12.75
11.93
11.05
8.65
8.68
8.95
9.04
9.06
9.07
9.10
9.13
9.17
9.20
9.21
9.23
9.24
9.25
9.26
9.28
9.31
9.34
9.38
9.44
9.45
9.43
9.41
9.39
9.30
9.26
9.21
9.14
9.15
9.16
9.17
9.19
9.20
9.22
9.24
9.26
9.29
9.32
9.36
9.41
9.47
9.56
13.06
13.01
12.95
12.91
13.13
12.88
12.77
12.68
12.60
12.52
12.45
12.39
12.33
12.26
13.52
12.39
12.11
11.91
11.78
11.70
12.09
12.13
11.85
11.62
11.49
11.42
11.37
11.33
11.31
11.29
11.26
11.25
11.24
11.22
11.22
11.22
11.24
11.26
11.21
11.18
11.15
11.12
11.09
11.06
10.90
10.86
10.77
10.77
10.79
10.81
10.85
10.88
10.92
10.95
10.99
11.19
11.88
12.33
15.65
22.73
12.90
13.92
14.23
17.53
19.11
15.40
13.44
12.27
12.28
12.85
12.94
12.99
13.05
13.10
13.95
13.70
13.12
13.11
13.18
13.18
13.44
13.67
13.66
13.66
13.52
13.45
13.56
13.93
14.43
14.36
14.32
14.30
14.30
14.31
14.31
14.30
14.29
14.30
14.48
14.33
14.18
14.04
13.88
12.53
12.23
11.95
11.68
11.41
11.20
11.14
11.11
11.10
11.09
11.09
11.11
11.15
11.19
11.23
11.28
11.34
11.41
11.48
11.55
11.65
11.75
12.00
12.47
13.06
13.72
14.43
15.23
16.16
17.69
20.11
20.64
19.98
17.33
13.97
13.11
12.10
10.81
10.23
10.20
10.19
10.16
10.16
10.15
10.15
10.15
10.14
10.15
10.14
10.15
10.15
10.12
10.11
10.12
10.12
10.14
10.15
12.41
14.22
13.07
12.11
11.00
11.27
8.74
8.77
8.81
8.85
8.90
9.04
9.05
9.07
9.09
9.11
9.13
9.16
9.21
9.26
9.29
9.31
9.32
9.35
9.38
9.43
9.49
9.46
9.44
9.41
9.32
9.28
9.23
9.17
9.14
9.14
9.15
9.16
9.17
9.18
9.19
9.20
9.22
9.23
13.36
13.47
13.35
13.28
13.20
13.12
13.25
13.31
13.13
12.96
12.83
12.71
12.62
12.52
12.44
12.35
12.26
12.19
12.13
12.05
12.01
11.98
11.87
13.52
13.52
13.52
12.06
13.95
12.79
11.97
11.76
11.67
11.60
11.58
11.56
11.56
11.57
11.55
11.51
11.46
11.41
11.38
11.34
11.16
11.11
11.07
11.02
10.98
10.87
10.87
10.88
10.89
10.91
11.13
11.18
11.23
11.66
26.29
34.15
11.93
11.96
12.19
14.18
15.79
15.66
19.24
18.69
14.40
13.02
13.61
13.63
13.63
13.66
13.63
13.63
13.63
13.74
14.24
14.36
14.09
14.01
13.93
14.11
13.95
13.72
13.42
13.04
12.62
12.34
12.09
11.87
11.69
11.55
11.45
11.38
11.34
11.33
11.33
11.34
11.37
11.43
11.50
11.55
11.61
11.69
11.79
11.90
12.00
12.11
12.22
12.43
12.86
13.75
14.81
16.07
17.46
19.92
21.11
20.05
14.69
12.86
11.60
10.61
10.55
10.53
10.48
10.47
10.43
10.42
10.40
10.37
10.37
10.35
10.36
10.35
10.35
10.35
10.34
10.35
10.34
10.30
10.23
10.23
10.23
10.24
10.25
10.26
12.06
14.10
13.48
12.30
10.98
10.99
11.96
8.98
9.08
9.10
9.12
9.15
9.17
9.21
9.25
9.36
9.42
9.46
9.49
9.51
9.48
9.45
9.31
9.27
9.21
9.14
9.14
9.15
9.15
9.16
9.16
9.17
9.18
9.19
10.20
11.15
12.37
13.36
13.39
13.42
13.50
13.40
13.19
13.05
12.92
12.82
12.71
12.62
12.53
12.45
12.37
12.29
12.22
12.16
12.10
12.03
11.98
11.93
11.87
13.52
12.03
11.91
11.87
11.84
11.80
11.78
11.73
11.51
11.45
11.39
11.34
11.28
11.20
11.13
11.09
11.07
11.05
11.04
11.02
11.01
11.01
11.01
11.34
11.39
11.45
11.51
12.14
28.46
35.58
23.61
14.37
11.95
12.05
12.13
12.21
12.25
12.28
12.47
17.16
19.39
18.52
17.87
13.65
12.62
12.82
14.33
14.32
14.31
14.31
14.29
14.30
14.30
14.37
14.44
14.45
14.53
14.63
15.13
15.14
15.17
14.80
14.71
14.61
14.51
14.42
14.34
14.28
14.24
14.23
14.25
14.26
14.24
14.21
14.15
